0 0.868898 0.785111 0.209241 0.429778
0 0.104426 0.233056 0.126852 0.367185
0 0.260204 0.240852 0.171370 0.356074
0 0.415991 0.220815 0.073426 0.369444
0 0.634083 0.260870 0.140204 0.333815
0 0.759824 0.246417 0.124611 0.367204
0 0.896694 0.236389 0.158019 0.382778
0 0.078824 0.743806 0.089019 0.387241
0 0.151157 0.690398 0.082352 0.342722
0 0.188991 0.766056 0.091241 0.445111
0 0.409315 0.687056 0.135741 0.309333
0 0.508352 0.713787 0.133519 0.353907
0 0.441574 0.899583 0.151333 0.160241
0 0.713083 0.728231 0.142426 0.391685
