0 0.883541 0.152018 0.151788 0.206752
0 0.659714 0.199733 0.115773 0.155067
0 0.540082 0.206691 0.108055 0.149103
0 0.415298 0.196752 0.120918 0.161030
0 0.299525 0.192773 0.105482 0.157048
0 0.169604 0.191779 0.133780 0.147109
0 0.757475 0.445252 0.182667 0.224648
0 0.588961 0.432327 0.133780 0.166994
0 0.434596 0.433324 0.128643 0.149097
0 0.296953 0.428352 0.110627 0.159042
0 0.143878 0.432327 0.138925 0.166994
0 0.776773 0.678845 0.159506 0.214709
0 0.621118 0.660952 0.120918 0.163018
0 0.493769 0.662939 0.118345 0.163018
0 0.358702 0.664927 0.120918 0.174945
0 0.248075 0.656976 0.136353 0.170970
0 0.131016 0.651012 0.118345 0.170970
0 0.774200 0.879636 0.154361 0.190848
0 0.500204 0.882618 0.167231 0.180909
0 0.253220 0.879636 0.156933 0.182897
