0 0.116459 0.847982 0.151788 0.206752
0 0.340286 0.800267 0.115773 0.155067
0 0.459918 0.793309 0.108055 0.149103
0 0.584702 0.803248 0.120918 0.161030
0 0.700475 0.807227 0.105482 0.157048
0 0.830396 0.808221 0.133780 0.147109
0 0.242525 0.554748 0.182667 0.224648
0 0.411039 0.567673 0.133780 0.166994
0 0.565404 0.566676 0.128643 0.149097
0 0.703047 0.571648 0.110627 0.159042
0 0.856122 0.567673 0.138925 0.166994
0 0.223227 0.321155 0.159506 0.214709
0 0.378882 0.339048 0.120918 0.163018
0 0.506231 0.337061 0.118345 0.163018
0 0.641298 0.335073 0.120918 0.174945
0 0.751925 0.343024 0.136353 0.170970
0 0.868984 0.348988 0.118345 0.170970
0 0.225800 0.120364 0.154361 0.190848
0 0.499796 0.117382 0.167231 0.180909
0 0.746780 0.120364 0.156933 0.182897
