2 0.2606689734375 0.579856115625 0.2606689734375 0.5834532375 0.262975778125 0.5805755390625 0.2606689734375 0.579856115625
2 0.2306805078125 0.49424460468750003 0.2364475203125 0.495683453125 0.2376009234375 0.5021582734375001 0.25028835 0.5057553953125 0.348327565625 0.5057553953125 0.3598615921875 0.503597121875 0.3644752015625 0.505035971875 0.3713956171875 0.5021582734375001 0.3702422140625 0.505035971875 0.3760092265625 0.50791366875 0.38408304531250004 0.50791366875 0.38869665468750003 0.503597121875 0.39446366718750003 0.5028776984375 0.4036908875 0.50791366875 0.430219146875 0.5100719421875 0.5109573234375 0.5071942453125 0.5363321796875 0.50935251875 0.5420991921875 0.50791366875 0.5455593999999999 0.503597121875 0.5490196078125 0.50791366875 0.5513264125 0.5057553953125 0.5547866203125 0.5071942453125 0.5547866203125 0.5165467625 0.5420991921875 0.5158273375 0.5247981546875 0.5187050359375001 0.50865051875 0.5273381296874999 0.49134948125 0.5316546765625 0.47750865 0.5388489203125 0.4498269890625 0.546043165625 0.39446366718750003 0.566906475 0.37254902031250003 0.5726618703125 0.367935409375 0.5762589921875 0.33794694375 0.5834532375 0.331026528125 0.587769784375 0.3148788921875 0.5892086328125 0.3102652828125 0.5863309359375 0.306805075 0.587769784375 0.307958478125 0.59208633125 0.3044982703125 0.5928057546875001 0.271049596875 0.5873154109375001 0.271049596875 0.59208633125 0.2549019609375 0.6007194250000001 0.23298731250000002 0.60791366875 0.22260668906249997 0.6151079140625 0.22376009218749998 0.6258992812499999 0.257208765625 0.6525179859375 0.306805075 0.6834532375 0.31141868437500003 0.6892086328125 0.4267589390625 0.7683453234375001 0.45444060000000003 0.779856115625 0.4705882359375 0.779856115625 0.4832756625 0.7769784171875 0.51441753125 0.7647482015625 0.5178777390625 0.7611510796875 0.538638984375 0.7553956828125 0.5628604390625 0.7431654671875 0.5720876578125 0.74172661875 0.5893886968750001 0.7323741 0.606689734375 0.7280575546875 0.620530565625 0.720143884375 0.6401384078125 0.7143884890625001 0.7647058828125 0.662589928125 0.7750865046875 0.6553956828125 0.7820069203125 0.646043165625 0.7785467125000001 0.6438848921875 0.7889273359375 0.638129496875 0.7935409453125 0.6388489203125001 0.7958477515625 0.636690646875 0.802768165625 0.6410071937499999 0.802768165625 0.6359712234375 0.8062283734375001 0.6345323734375 0.8316032296874999 0.6345323734375 0.8846597468749999 0.612949640625 0.8938869671875 0.603597121875 0.8904267593749999 0.595683453125 0.876585928125 0.5863309359375 0.742791234375 0.5172661875 0.734717415625 0.5107913671875 0.70703575625 0.49712230156250004 0.692041521875 0.49424460468750003 0.692041521875 0.48111510781250005 0.6874279125 0.47985611562499997 0.692041521875 0.4773381296875 0.6860213234375 0.47389600468750004 0.6874279125 0.47769784218750005 0.6816609 0.4834532375 0.6585928484375 0.47338129531249995 0.643598615625 0.47194244531249996 0.620530565625 0.4769784171875 0.5986159171875001 0.48848920937500007 0.57670126875 0.48992805781250004 0.5720876578125 0.49208633125 0.56516724375 0.49064748125 0.56516724375 0.49424460468750003 0.5594002312499999 0.49640287812499995 0.5570934249999999 0.49064748125 0.5513264125 0.49208633125 0.538638984375 0.4863309359375 0.461361015625 0.4863309359375 0.4509803921875 0.49064748125 0.442906575 0.4892086328125 0.4382929640625 0.48273381249999997 0.41983852343750006 0.4892086328125 0.41753171875 0.4856115109375 0.38523644687499997 0.48273381249999997 0.348327565625 0.48273381249999997 0.33794694375 0.48057553906250006 0.28143021875 0.4812949640625 0.2479815453125 0.47985611562499997 0.239907728125 0.4769784171875 0.23298731250000002 0.47985611562499997 0.21337946875 0.47913669062500003 0.1822376015625 0.4769784171875 0.171856978125 0.47410071875000004 0.154555940625 0.4769784171875 0.152249134375 0.48848920937500007 0.158016146875 0.49208633125 0.166089965625 0.49424460468750003 0.21222606718749998 0.49496402812499996 0.22260668906249997 0.5028776984375 0.22260668906249997 0.5158273375 0.226066896875 0.49712230156250004 0.2306805078125 0.49424460468750003
2 0.53671875 0.37109375 0.00234375 0.0015625
2 0.45444060000000003 0.3683453234375 0.45905420937499997 0.3690647484375 0.4579008078125 0.366906475 0.45444060000000003 0.3683453234375
2 0.4256055359375 0.3647482015625 0.430219146875 0.3683453234375 0.4371395609375 0.3647482015625 0.45905420937499997 0.3654676265625 0.46366782031250003 0.363309353125 0.4682814296875 0.3683453234375 0.495963090625 0.3690647484375 0.50865051875 0.3719424453125 0.538638984375 0.3676259 0.5455593999999999 0.3683453234375 0.5455593999999999 0.3719424453125 0.5605536328125 0.37338129531250003 0.5663206453125 0.37625899218750003 0.63321799375 0.3769784171875 0.6424452140625 0.379856115625 0.6608996546875 0.38057553906249997 0.6608996546875 0.3719424453125 0.655132640625 0.371223021875 0.5686274515624999 0.366906475 0.5519031140624999 0.3683453234375 0.515570934375 0.3647482015625 0.504036909375 0.36115107968750004 0.461361015625 0.362589928125 0.43367935468749996 0.35827338124999997 0.3967704734375 0.35827338124999997 0.3967704734375 0.3604316546875 0.399077278125 0.3640287765625 0.4256055359375 0.3647482015625
2 0.37946943437499997 0.362589928125 0.3921568625 0.362589928125 0.38292964218750003 0.35827338124999997 0.37946943437499997 0.362589928125
2 0.170703575 0.470503596875 0.1822376015625 0.4352517984375 0.19261822343749999 0.4179856109375 0.19607843125 0.39496402812500003 0.202998846875 0.3899280578125 0.20645905468749998 0.38057553906249997 0.20530565156249997 0.3719424453125 0.2099192625 0.3690647484375 0.2099192625 0.35827338124999997 0.202998846875 0.35899280624999996 0.19607843125 0.363309353125 0.1764705875 0.40935251875 0.1683967703125 0.43812949687499997 0.1626297578125 0.4446043171875 0.1614763546875 0.45755395625000006 0.166089965625 0.4597122296875 0.166089965625 0.46546762656249996 0.170703575 0.470503596875
2 0.307958478125 0.35899280624999996 0.31141868437500003 0.3604316546875 0.313725490625 0.35755395624999997 0.307958478125 0.35899280624999996
2 0.1683967703125 0.495683453125 0.21222606718749998 0.49712230156250004 0.220299884375 0.5057553953125 0.226066896875 0.5064748203125 0.22260668906249997 0.5102158265625001 0.22260668906249997 0.5251798562500001 0.22952710468749998 0.505035971875 0.36101499375 0.5064748203125 0.37254902031250003 0.50863309375 0.52018454375 0.5115107906249999 0.5847750859375 0.5151079140625 0.6159169546875 0.5136690640625 0.6297577859375 0.5057553953125 0.6839677046875 0.5057553953125 0.6908881203125 0.5014388484375 0.694348328125 0.49424460468750003 0.694348328125 0.3827338125 0.680507496875 0.3719424453125 0.670126875 0.37266187031250003 0.6666666671875 0.3776978421875 0.6608996546875 0.370503596875 0.649365628125 0.3690647484375 0.5420991921875 0.3654676265625 0.504036909375 0.3604316546875 0.464821221875 0.36115107968750004 0.43367935468749996 0.35755395624999997 0.325259515625 0.3553956828125 0.262975778125 0.35755395624999997 0.23298731250000002 0.35395683437500003 0.21222606718749998 0.3553956828125 0.1995386390625 0.35827338124999997 0.19261822343749999 0.3647482015625 0.1626297578125 0.4395683453125 0.158016146875 0.4676259 0.1487889265625 0.4769784171875 0.152249134375 0.49064748125 0.1683967703125 0.495683453125
2 0.21337946875 0.5942446046875001 0.2099192625 0.5935251796875 0.20645905468749998 0.5942446046875001 0.20645905468749998 0.5971223015625 0.21337946875 0.5978417265625 0.21337946875 0.5942446046875001
2 0.27566320625 0.59208633125 0.27450980468749997 0.5834532375 0.28027681718749997 0.5805755390625 0.27450980468749997 0.5805755390625 0.268742790625 0.5841726625 0.257208765625 0.578417265625 0.25259515625 0.5834532375 0.2445213375 0.5834532375 0.2433679359375 0.5848920859375 0.25028835 0.5863309359375 0.25259515625 0.59136690625 0.27566320625 0.59208633125
2 0.1649365625 0.49496402812499996 0.21337946875 0.49712230156250004 0.220299884375 0.5057553953125 0.226066896875 0.5057553953125 0.220299884375 0.5187050359375001 0.22376009218749998 0.5194244609374999 0.220299884375 0.5223021578125 0.22260668906249997 0.5345323734375 0.2306805078125 0.505035971875 0.367935409375 0.5057553953125 0.3921568625 0.50863309375 0.42906574375 0.50863309375 0.4371395609375 0.5107913671875 0.6055363328125 0.5151079140625 0.6159169546875 0.512949640625 0.626297578125 0.5057553953125 0.680507496875 0.5057553953125 0.6908881203125 0.4978417265625 0.694348328125 0.48848920937500007 0.694348328125 0.3863309359375 0.6874279125 0.37625899218750003 0.670126875 0.3647482015625 0.6643598609375 0.3647482015625 0.663206459375 0.3683453234375 0.655132640625 0.370503596875 0.5790080734374999 0.3654676265625 0.52249135 0.3647482015625 0.490196078125 0.362589928125 0.47981545625 0.3597122296875 0.45674740468749997 0.3597122296875 0.43598615937499996 0.3561151078125 0.28719723125 0.3553956828125 0.22952710468749998 0.3517985609375 0.20645905468749998 0.354676259375 0.194925028125 0.3604316546875 0.1626297578125 0.4402877703125 0.158016146875 0.46618705 0.1487889265625 0.47985611562499997 0.152249134375 0.49064748125 0.1649365625 0.49496402812499996
2 0.55078125 0.31796875 0.003125 0.00078125
2 0.5686274515624999 0.30575539531249996 0.5594002312499999 0.30575539531249996 0.5594002312499999 0.3100719421875 0.564013840625 0.311510790625 0.5686274515624999 0.30575539531249996
2 0.6055363328125 0.30575539531249996 0.6159169546875 0.295683453125 0.6297577859375 0.29352517968749997 0.6297577859375 0.2899280578125 0.6170703578125 0.2892086328125 0.5974625140625001 0.295683453125 0.5928489046875 0.3 0.5916955015625 0.303597121875 0.595155709375 0.3028776984375 0.5963091125 0.3064748203125 0.6055363328125 0.30575539531249996
2 0.6643598609375 0.295683453125 0.688581315625 0.304316546875 0.73587081875 0.346762590625 0.7485582468749999 0.39496402812500003 0.7543252593750001 0.4057553953125 0.761245675 0.40791366875 0.7554786625000001 0.4107913671875 0.7647058828125 0.4158273375 0.7647058828125 0.4107913671875 0.7554786625000001 0.4 0.7508650515624999 0.37625899218750003 0.7439446359375 0.37338129531250003 0.7485582468749999 0.3683453234375 0.74163783125 0.36115107968750004 0.7450980390625 0.3600719421875 0.7450980390625 0.3561151078125 0.7370242218749999 0.35035971250000003 0.74163783125 0.346762590625 0.7381776234374999 0.3431654671875 0.7324106109375 0.34244604375 0.7324106109375 0.3395683453125 0.7381776234374999 0.3392086328125 0.7381776234374999 0.33525179843749997 0.7324106109375 0.320143884375 0.7254901953124999 0.3187050359375 0.731257209375 0.31582733749999997 0.72433679375 0.305035971875 0.716262975 0.3014388484375 0.7139561703124999 0.304316546875 0.7099192624999999 0.3014388484375 0.70761245625 0.304316546875 0.7035755484374999 0.3014388484375 0.7012687421875 0.304316546875 0.694925028125 0.304316546875 0.69627105 0.3021582734375 0.6816609 0.300719425 0.655132640625 0.287769784375 0.6539792390625 0.28489208593750004 0.6459054203125 0.2834532375 0.643598615625 0.28561151093750003 0.6470588234375 0.287769784375 0.65628604375 0.288489209375 0.6643598609375 0.295683453125
2 0.6355247984375 0.6776978421875001 0.6309111875 0.6776978421875001 0.6309111875 0.6805755390625 0.6355247984375 0.679856115625 0.6355247984375 0.6776978421875001
2 0.6228373703125001 0.699280575 0.6297577859375 0.6985611515625 0.6297577859375 0.6827338125 0.620530565625 0.6827338125 0.6193771625 0.6762589921875 0.6089965390625001 0.678417265625 0.602076125 0.6683453234375001 0.595155709375 0.671223021875 0.5801614765625 0.6690647484375 0.5697808531249999 0.6726618703125 0.5697808531249999 0.6820143890625 0.5986159171875001 0.7028776984375 0.612456746875 0.7057553953125 0.6228373703125001 0.699280575
2 0.7151095734374999 0.6561151078125 0.711649365625 0.6568345328125 0.71856978125 0.6604316546875 0.7208765859375 0.6568345328125 0.7151095734374999 0.6561151078125
2 0.31141868437500003 0.6489208640624999 0.31141868437500003 0.6525179859375 0.329873125 0.6618705031250001 0.37254902031250003 0.6928057546875 0.38869665468750003 0.7007194250000001 0.4036908875 0.6978417265625 0.41176470624999995 0.699280575 0.4129181078125 0.694964028125 0.4371395609375 0.6848920859375001 0.44059976875 0.679856115625 0.4498269890625 0.679856115625 0.4579008078125 0.6762589921875 0.467128028125 0.67553956875 0.504036909375 0.6568345328125 0.5317185703125 0.6503597125 0.5628604390625 0.636690646875 0.5813148781249999 0.6316546765625 0.5963091125 0.6237410078125001 0.6193771625 0.6179856109374999 0.6309111875 0.6100719421874999 0.6539792390625 0.603597121875 0.6782006921875 0.59136690625 0.7220299890625 0.578417265625 0.734717415625 0.570503596875 0.761245675 0.562589928125 0.7681660906250001 0.554676259375 0.6978085359375 0.5151079140625 0.6793540953125 0.50863309375 0.63321799375 0.50935251875 0.618223759375 0.5179856109375 0.5916955015625 0.5187050359375001 0.5686274515624999 0.5237410078125 0.5282583625 0.54100719375 0.498269896875 0.5474820140625 0.47981545625 0.55755395625 0.4682814296875 0.5597122296875 0.430219146875 0.5762589921875 0.4129181078125 0.5791366906250001 0.40599769375 0.5834532375 0.3690888125 0.5949640281249999 0.3587081890625 0.6028776984374999 0.3356401390625 0.6057553953125 0.319492503125 0.6143884890625 0.306805075 0.6187050359375 0.2987312578125 0.6187050359375 0.28373702500000003 0.6258992812499999 0.28143021875 0.629496403125 0.29065743906249997 0.6345323734375 0.29527105 0.6410071937499999 0.31141868437500003 0.6489208640624999
2 0.344867359375 0.54172661875 0.344867359375 0.5352517984375 0.33217993125 0.5352517984375 0.325259515625 0.5431654671875 0.325259515625 0.546762590625 0.331026528125 0.5489208640625 0.336793540625 0.5474820140625 0.344867359375 0.54172661875
2 0.25028835 0.5597122296875 0.239907728125 0.5525179859375 0.239907728125 0.55899280625 0.2479815453125 0.56618705 0.2537485578125 0.5676259 0.25028835 0.5597122296875
2 0.22376009218749998 0.5863309359375 0.21683967656249997 0.59136690625 0.202998846875 0.59136690625 0.19607843125 0.5935251796875 0.197231834375 0.5985611515625 0.202998846875 0.6014388484375 0.2099192625 0.6014388484375 0.220299884375 0.5971223015625 0.23298731250000002 0.6 0.2433679359375 0.595683453125 0.26412918125 0.59208633125 0.27566320625 0.5935251796875 0.28143021875 0.5978417265625 0.28719723125 0.5985611515625 0.3206459046875 0.5892086328125 0.325259515625 0.5856115109375 0.3241061125 0.578417265625 0.294117646875 0.5834532375 0.28373702500000003 0.579856115625 0.2918108421875 0.57410071875 0.28950403750000003 0.5690647484375 0.2975778546875 0.5697841734375 0.3102652828125 0.55827338125 0.3241061125 0.5561151078125001 0.3275663203125 0.5510791359375 0.344867359375 0.54172661875 0.34371395625 0.5359712234375 0.331026528125 0.5352517984375 0.2987312578125 0.55755395625 0.27450980468749997 0.5805755390625 0.26758938906249996 0.5834532375 0.26288012968749996 0.579863134375 0.2433679359375 0.5812949640625 0.22376009218749998 0.5863309359375
2 0.226066896875 0.54100719375 0.23298731250000002 0.546043165625 0.23298731250000002 0.5424460437499999 0.22260668906249997 0.5251798562500001 0.22260668906249997 0.536690646875 0.22722030000000001 0.536690646875 0.226066896875 0.54100719375
2 0.325259515625 0.5805755390625 0.31141868437500003 0.5805755390625 0.28143021875 0.5899280578125 0.28027681718749997 0.5949640281249999 0.28489042656249997 0.6 0.3217993078125 0.5892086328125 0.325259515625 0.5805755390625
2 0.27734375 0.58125 0.00078125 0.00078125
2 0.2859375 0.57421875 0.00234375 0.00234375
2 0.4453125 0.3515625 0.00234375 0.0015625
2 0.7462514421875001 0.3856115109375 0.7508650515624999 0.388489209375 0.7485582468749999 0.3899280578125 0.7520184546875 0.3985611515625 0.7577854671875001 0.403597121875 0.7554786625000001 0.4071942453125 0.7623990765624999 0.4136690640625 0.74163783125 0.35323740937500003 0.7393310265624999 0.35035971250000003 0.7450980390625 0.366906475 0.742791234375 0.3697841734375 0.7462514421875001 0.3856115109375
2 0.1510957328125 0.47769784218750005 0.152249134375 0.48992805781250004 0.1626297578125 0.49424460468750003 0.20069204218749997 0.49424460468750003 0.215686275 0.4978417265625 0.22376009218749998 0.50899280625 0.22260668906249997 0.533093525 0.262975778125 0.5805755390625 0.2606689734375 0.5892086328125 0.26758938906249996 0.59136690625 0.26758938906249996 0.5942446046875001 0.257208765625 0.6 0.234140715625 0.6071942453125 0.22260668906249997 0.6151079140625 0.22260668906249997 0.6230215828125 0.22722030000000001 0.6302158265625 0.399077278125 0.7503597125 0.42329873124999995 0.76618705 0.4498269890625 0.779136690625 0.467128028125 0.7805755390625 0.48673587031250004 0.7762589921874999 0.5190311421875 0.7611510796875 0.540945790625 0.7546762593749999 0.5559400234375 0.746043165625 0.602076125 0.7302158265625 0.6170703578125 0.721582734375 0.6424452140625 0.7136690640625 0.7647058828125 0.662589928125 0.7750865046875 0.6561151078125 0.78662053125 0.6395683453125 0.7958477515625 0.6395683453125 0.802768165625 0.6431654671875 0.80968858125 0.6410071937499999 0.81545559375 0.6352517984375 0.8258362171875 0.6359712234375 0.8362168390625 0.6330935249999999 0.8846597468749999 0.612949640625 0.8938869671875 0.604316546875 0.8904267593749999 0.5949640281249999 0.8800461359374999 0.588489209375 0.74163783125 0.5165467625 0.7277970015624999 0.5071942453125 0.692041521875 0.49136690625 0.692041521875 0.3827338125 0.6770472890625 0.37266187031250003 0.6643598609375 0.38057553906249997 0.66205305625 0.371223021875 0.5916955015625 0.3683453234375 0.5847750859375 0.36618705 0.5259515578125 0.3654676265625 0.504036909375 0.36115107968750004 0.45444060000000003 0.35899280624999996 0.442906575 0.3561151078125 0.331026528125 0.3561151078125 0.3241061125 0.3525179859375 0.3171856984375 0.3561151078125 0.30565167187500003 0.35395683437500003 0.29527105 0.3553956828125 0.28143021875 0.35035971250000003 0.28027681718749997 0.354676259375 0.27566320625 0.3568345328125 0.2606689734375 0.35755395624999997 0.2364475203125 0.3525179859375 0.21337946875 0.354676259375 0.19607843125 0.35899280624999996 0.1764705875 0.40647482031250004 0.171856978125 0.42589928125 0.1626297578125 0.44244604374999996 0.15916955 0.45467625937499995 0.1614763546875 0.46690647500000004 0.15916955 0.4726618703125 0.1510957328125 0.47769784218750005
2 0.478662053125 0.3431654671875 0.47750865 0.346043165625 0.4809688578125 0.346043165625 0.4809688578125 0.34244604375 0.478662053125 0.3431654671875
2 0.5478662046875 0.3136690640625 0.5490196078125 0.3179856109375 0.5513264125 0.3136690640625 0.5478662046875 0.3136690640625
2 0.7254901953124999 0.30935251875 0.7324106109375 0.3395683453125 0.7370242218749999 0.346043165625 0.734717415625 0.32805755468750003 0.7254901953124999 0.30935251875
2 0.57265625 0.30625 0.00078125 0.00078125
2 0.56953125 0.30390625 0.00078125 0.00234375
2 0.56516724375 0.3021582734375 0.5617070359375 0.3021582734375 0.5594002312499999 0.3064748203125 0.56516724375 0.30863309375000003 0.5617070359375 0.305035971875 0.56516724375 0.3021582734375
2 0.5905420984374999 0.3064748203125 0.5997693187500001 0.3064748203125 0.6159169546875 0.29352517968749997 0.6239907734375 0.296402878125 0.6297577859375 0.294964028125 0.63321799375 0.288489209375 0.6193771625 0.287769784375 0.5997693187500001 0.2928057546875 0.5847750859375 0.300719425 0.5801614765625 0.3 0.5790080734374999 0.303597121875 0.5859284890625001 0.30863309375000003 0.5916955015625 0.30935251875 0.5905420984374999 0.3064748203125
2 0.276816609375 0.2762589921875 0.28027681718749997 0.2719424453125 0.27566320625 0.27410071875 0.276816609375 0.2762589921875
2 0.2918108421875 0.5942446046875001 0.3010380625 0.5942446046875001 0.294117646875 0.5935251796875 0.2918108421875 0.5942446046875001
2 0.3148788921875 0.5812949640625 0.3206459046875 0.5834532375 0.3217993078125 0.5805755390625 0.3148788921875 0.5812949640625
2 0.3206459046875 0.546762590625 0.3241061125 0.546043165625 0.3241061125 0.5424460437499999 0.3206459046875 0.546762590625
2 0.328125 0.540625 0.00078125 0.00234375
2 0.1683967703125 0.495683453125 0.21107266406249997 0.49640287812499995 0.2191464828125 0.5043165468749999 0.226066896875 0.5064748203125 0.226066896875 0.5107913671875 0.220299884375 0.5089417265625 0.220299884375 0.51675251875 0.226066896875 0.5151079140625 0.226066896875 0.5194244609374999 0.220299884375 0.5206575546875001 0.226066896875 0.5237410078125 0.220299884375 0.5245633093750001 0.226066896875 0.5273381296874999 0.226066896875 0.5309352515625 0.220299884375 0.5323741 0.226066896875 0.5345323734375 0.22260668906249997 0.536690646875 0.22722030000000001 0.5424460437499999 0.2306805078125 0.54100719375 0.2364475203125 0.546043165625 0.23298731250000002 0.5503597124999999 0.2410611296875 0.5611510796875 0.25259515625 0.56618705 0.25028835 0.5676259 0.25605536406249996 0.5697841734375 0.2537485578125 0.5712230218750001 0.2595155703125 0.5726618703125 0.262975778125 0.5776978421875001 0.2549019609375 0.5805755390625 0.2433679359375 0.5805755390625 0.21683967656249997 0.5935251796875 0.1983852359375 0.5935251796875 0.1983852359375 0.5978417265625 0.20761245625 0.6007194250000001 0.2191464828125 0.595683453125 0.234140715625 0.5978417265625 0.2376009234375 0.5949640281249999 0.26182237656249996 0.59208633125 0.2860438296875 0.5971223015625 0.28719723125 0.59136690625 0.28143021875 0.5812949640625 0.3010380625 0.5654676265624999 0.3044982703125 0.55899280625 0.3010380625 0.5561151078125001 0.30565167187500003 0.553237409375 0.307958478125 0.5561151078125001 0.3171856984375 0.553237409375 0.313725490625 0.5503597124999999 0.3091118796875 0.5064748203125 0.36101499375 0.5064748203125 0.3760092265625 0.50935251875 0.6159169546875 0.5151079140625 0.6297577859375 0.5057553953125 0.6401384078125 0.50791366875 0.674740484375 0.5043165468749999 0.680507496875 0.5064748203125 0.6897347171875 0.5021582734375001 0.694348328125 0.49496402812499996 0.694348328125 0.3827338125 0.6770472890625 0.371223021875 0.6666666671875 0.37266187031250003 0.649365628125 0.3690647484375 0.540945790625 0.3654676265625 0.5005767015625 0.3604316546875 0.464821221875 0.36115107968750004 0.43252595156250007 0.35755395624999997 0.3229527109375 0.3553956828125 0.27566320625 0.35755395624999997 0.22952710468749998 0.35395683437500003 0.2099192625 0.3553956828125 0.1995386390625 0.35827338124999997 0.19261822343749999 0.3640287765625 0.189158015625 0.379856115625 0.1799307953125 0.3935251796875 0.1753171859375 0.41294964062500006 0.15916955 0.44820143906250004 0.15570934218750002 0.4690647484375 0.1487889265625 0.47769784218750005 0.152249134375 0.49136690625 0.1683967703125 0.495683453125
2 0.3125720875 0.4136690640625 0.33794694375 0.4187050359375 0.35524798125 0.4158273375 0.416378315625 0.39064748125 0.4498269890625 0.37410071875 0.44636678124999996 0.3697841734375 0.344867359375 0.3676259 0.33794694375 0.3697841734375 0.3344867359375 0.378417265625 0.3287197234375 0.379856115625 0.3171856984375 0.378417265625 0.313725490625 0.371223021875 0.3010380625 0.3683453234375 0.25605536406249996 0.36618705 0.2364475203125 0.370503596875 0.22260668906249997 0.3683453234375 0.22260668906249997 0.3719424453125 0.3125720875 0.4136690640625
2 0.28027681718749997 0.354676259375 0.3517877734375 0.35395683437500003 0.3760092265625 0.3561151078125 0.4821222609375 0.35755395624999997 0.5005767015625 0.3553956828125 0.5178777390625 0.345323740625 0.5340253749999999 0.34100719375 0.5663206453125 0.32517985625 0.5986159171875001 0.3136690640625 0.602076125 0.30935251875 0.63321799375 0.300719425 0.6470588234375 0.2928057546875 0.6470588234375 0.28561151093750003 0.6424452140625 0.2820143890625 0.6274509796875 0.279856115625 0.6101499421875001 0.27122302187499997 0.5824682812499999 0.26330935312500003 0.467128028125 0.2194244609375 0.44405997656249996 0.2136690640625 0.4267589390625 0.2136690640625 0.3921568625 0.2230215828125 0.3760092265625 0.2309352515625 0.325259515625 0.246762590625 0.313725490625 0.2525179859375 0.288350634375 0.25899280625 0.28027681718749997 0.2640287765625 0.2606689734375 0.2683453234375 0.23529411718749998 0.279856115625 0.1856978078125 0.295683453125 0.140715109375 0.3151079140625 0.123414071875 0.3194244609375 0.12226066875 0.33093525156250003 0.19031141875 0.35899280624999996 0.226066896875 0.3510791359375 0.28027681718749997 0.354676259375
2 0.31141868437500003 0.687769784375 0.418685121875 0.763309353125 0.44752018437499996 0.778417265625 0.467128028125 0.7805755390625 0.484429065625 0.7769784171875 0.52018454375 0.7611510796875 0.5374855828125 0.7561151078125 0.5594002312499999 0.7446043171875 0.5686274515624999 0.7431654671875 0.5870818921875001 0.73381295 0.6055363328125 0.728776978125 0.6239907734375 0.7187050359375 0.6424452140625 0.7136690640625 0.6782006921875 0.6971223015625 0.694348328125 0.6928057546875 0.70472895 0.6863309359375 0.7520184546875 0.6683453234375001 0.7750865046875 0.6561151078125 0.7785467125000001 0.6474820140624999 0.7762399078125 0.6431654671875 0.7820069203125 0.6395683453125 0.79238754375 0.638129496875 0.7958477515625 0.6352517984375 0.8004613609375 0.638129496875 0.8039215687500001 0.6345323734375 0.8327566328125 0.6345323734375 0.88350634375 0.6136690640625 0.8904267593749999 0.60863309375 0.8938869671875 0.6014388484375 0.8904267593749999 0.5949640281249999 0.8500576703125 0.5719424453124999 0.8339100343749999 0.5654676265624999 0.8258362171875 0.55899280625 0.7220299890625 0.5043165468749999 0.7035755484374999 0.495683453125 0.6978085359375 0.495683453125 0.694348328125 0.5028776984375 0.6839677046875 0.5100719421875 0.6343713953125001 0.5100719421875 0.625144175 0.5143884890625 0.6193771625 0.5136690640625 0.5859284890625001 0.520143884375 0.55363321875 0.5172661875 0.5259515578125 0.5187050359375001 0.498269896875 0.5309352515625 0.484429065625 0.53381295 0.47635524843750005 0.5388489203125 0.44405997656249996 0.5474820140625 0.4394463671875 0.5510791359375 0.3760092265625 0.5712230218750001 0.367935409375 0.5762589921875 0.33794694375 0.5834532375 0.3171856984375 0.5928057546875001 0.2860438296875 0.6014388484375 0.26758938906249996 0.5949640281249999 0.234140715625 0.6071942453125 0.2249134953125 0.612949640625 0.22260668906249997 0.6230215828125 0.22722030000000001 0.6302158265625 0.271049596875 0.662589928125 0.31141868437500003 0.687769784375
2 0.6712802765625 0.48417266249999996 0.670126875 0.48057553906250006 0.6539792390625 0.4726618703125 0.6366782 0.4726618703125 0.6078431375 0.48273381249999997 0.606689734375 0.4856115109375 0.61361015 0.4892086328125 0.6666666671875 0.48848920937500007 0.6712802765625 0.48417266249999996
2 0.7462514421875001 0.3892086328125 0.7554786625000001 0.3899280578125 0.7508650515624999 0.3719424453125 0.7485582468749999 0.370503596875 0.74163783125 0.37266187031250003 0.74163783125 0.3654676265625 0.7485582468749999 0.3640287765625 0.742791234375 0.35035971250000003 0.734717415625 0.3510791359375 0.734717415625 0.346043165625 0.74163783125 0.3438848921875 0.7277970015624999 0.3071942453125 0.716262975 0.3 0.6851211078125 0.3 0.6666666671875 0.2928057546875 0.65628604375 0.2841726625 0.6470588234375 0.2812949640625 0.649365628125 0.287769784375 0.67358708125 0.3021582734375 0.6851211078125 0.305035971875 0.7139561703124999 0.30575539531249996 0.7462514421875001 0.3902478015625 0.7462514421875001 0.3892086328125
2 0.7554786625000001 0.41438848906250003 0.7681660906250001 0.4172661875 0.7693194921875001 0.41438848906250003 0.7589388703125 0.40431654687499996 0.7577854671875001 0.3971223015625 0.7476736828125 0.393968734375 0.7554786625000001 0.41438848906250003