2 0.6088888890625 0.42807625624999995 0.5911111109375 0.42287695000000003 0.5888888890625 0.4142114390625 0.557777778125 0.4575389953125 0.5377777781249999 0.46793760781250004 0.54 0.48526863125 0.5533333328125 0.48006932343750003 0.5911111109375 0.48006932343750003 0.6088888890625 0.42807625624999995
2 0.5866666671874999 0.3847487 0.597777778125 0.34142114375 0.5911111109375 0.3171577125 0.5599999999999999 0.3136915078125 0.5533333328125 0.32235701875 0.5488888890625 0.3171577125 0.5288888890625 0.32235701875 0.5288888890625 0.43154246093750004 0.5311111109375 0.44020797187499994 0.54 0.441941075 0.5866666671874999 0.3847487
2 0.5688888890625 0.3518197578125 0.5888888890625 0.3518197578125 0.5888888890625 0.34142114375 0.58 0.33968804218750004 0.5888888890625 0.334488734375 0.5888888890625 0.3188908140625 0.5599999999999999 0.3171577125 0.5599999999999999 0.3362218375 0.5688888890625 0.33795493906249996 0.5599999999999999 0.3448873484375 0.5688888890625 0.3518197578125
2 0.6666666671875 0.6152513 0.6288888890625 0.6135181968750001 0.6266666671875 0.6377816296875001 0.657777778125 0.641247834375 0.6711111109375001 0.6360485265625 0.6666666671875 0.6152513
2 0.61555555625 0.62045060625 0.6 0.6135181968750001 0.5599999999999999 0.6135181968750001 0.5555555562500001 0.62045060625 0.5355555562500001 0.6135181968750001 0.48 0.6152513 0.477777778125 0.627383015625 0.4888888890625 0.6360485265625 0.617777778125 0.6360485265625 0.61555555625 0.62045060625
2 0.42421875 0.46015625 0.0046875 0.00546875
2 0.26 0.46793760781250004 0.297777778125 0.46793760781250004 0.3288888890625 0.4575389953125 0.34888888906250004 0.435008665625 0.36 0.41074523437500005 0.357777778125 0.372616984375 0.3311111109375 0.343154246875 0.36666666718749996 0.334488734375 0.41333333281250006 0.334488734375 0.42888888906249995 0.329289428125 0.42888888906249995 0.3206239171875 0.41111111093749997 0.3136915078125 0.33999999999999997 0.30675909843750004 0.2488888890625 0.31195840625 0.21777777812500002 0.32409012187499997 0.22000000000000003 0.3327556328125 0.2 0.3500866546875 0.1911111109375 0.367417678125 0.1911111109375 0.4124783359375 0.20888888906249997 0.4384748703125 0.2288888890625 0.4558058921875 0.26 0.46793760781250004
2 0.29555555624999996 0.41767764375 0.3066666671875 0.391681109375 0.29333333281249996 0.372616984375 0.28444444375 0.367417678125 0.26 0.367417678125 0.2488888890625 0.3743500859375 0.242222221875 0.391681109375 0.2511111109375 0.4124783359375 0.2666666671875 0.41941074531250006 0.29555555624999996 0.41767764375
2 0.22444444375 0.44887348281249995 0.262222221875 0.46793760781250004 0.29555555624999996 0.46793760781250004 0.3266666671875 0.4575389953125 0.34888888906250004 0.4332755625 0.357777778125 0.40727902968749996 0.35555555625 0.3847487 0.33555555625 0.34662044999999997 0.32 0.33968804218750004 0.2266666671875 0.3327556328125 0.2 0.3518197578125 0.1911111109375 0.372616984375 0.1911111109375 0.4055459265625 0.202222221875 0.42807625624999995 0.22444444375 0.44887348281249995
2 0.64 0.6187175046875 0.6333333328124999 0.6135181968750001 0.6288888890625 0.6360485265625 0.6688888890625 0.6360485265625 0.6688888890625 0.6187175046875 0.64 0.6187175046875
2 0.5466666671875 0.6308492203125 0.5511111109375 0.6360485265625 0.5555555562500001 0.6291161171875 0.5638888890625 0.6360485265625 0.602222221875 0.6360485265625 0.6111111109375 0.6308492203125 0.6 0.6135181968750001 0.48444444375 0.6135181968750001 0.48 0.6308492203125 0.49555555625 0.6360485265625 0.54 0.6360485265625 0.5466666671875 0.6308492203125
2 0.3288888890625 0.6308492203125 0.322222221875 0.6377816296875001 0.3333333328125 0.6377816296875001 0.33555555625 0.6308492203125 0.34888888906250004 0.641247834375 0.43777777812499996 0.6377816296875001 0.4688888890625 0.6360485265625 0.4688888890625 0.6187175046875 0.46666666718750005 0.6135181968750001 0.41777777812499994 0.6187175046875 0.33999999999999997 0.6152513 0.33555555625 0.6256499140625 0.317777778125 0.6256499140625 0.31555555625 0.62045060625 0.30222222187500003 0.6187175046875 0.2888888890625 0.6256499140625 0.23777777812499998 0.6256499140625 0.2288888890625 0.6308492203125 0.2266666671875 0.641247834375 0.3088888890625 0.641247834375 0.32 0.6308492203125 0.3288888890625 0.6308492203125
2 0.3625 0.60546875 0.00859375 0.00546875
2 0.2888888890625 0.6013864812499999 0.29333333281249996 0.6065857890624999 0.2866666671875 0.6117850953125 0.3 0.603119584375 0.2888888890625 0.6013864812499999
2 0.282222221875 0.59098786875 0.29555555624999996 0.584055459375 0.33555555625 0.5805892546875 0.35555555625 0.5857885609375 0.36 0.5805892546875 0.37555555625000003 0.584055459375 0.41555555625 0.578856153125 0.44888888906249996 0.584055459375 0.46666666718750005 0.578856153125 0.4688888890625 0.5112651640625 0.41777777812499994 0.5129982671875 0.2488888890625 0.5372616984375 0.24666666718750002 0.578856153125 0.257777778125 0.59098786875 0.2666666671875 0.5857885609375 0.282222221875 0.59098786875
2 0.557777778125 0.5684575390625 0.6799999999999999 0.5684575390625 0.71555555625 0.5632582328125 0.72 0.5563258234374999 0.722222221875 0.507798959375 0.5488888890625 0.5008665515625 0.5066666671875 0.502599653125 0.48 0.5112651640625 0.48 0.5684575390625 0.50444444375 0.570190640625 0.5111111109375 0.5753899484375 0.557777778125 0.5684575390625
2 0.43555555625000003 0.49566724375 0.46666666718750005 0.4454072796875 0.46666666718750005 0.429809359375 0.44444444375 0.41074523437500005 0.41777777812499994 0.41941074531250006 0.40888888906250004 0.43674176718749996 0.40888888906250004 0.47833622187499997 0.42000000000000004 0.49220104062500003 0.43555555625000003 0.49566724375
2 0.42888888906249995 0.329289428125 0.42888888906249995 0.3188908140625 0.41555555625 0.3136915078125 0.357777778125 0.30675909843750004 0.27999999999999997 0.30675909843750004 0.23777777812499998 0.3171577125 0.23777777812499998 0.329289428125 0.3311111109375 0.33968804218750004 0.41333333281250006 0.334488734375 0.42888888906249995 0.329289428125
2 0.4078125 0.31953125 0.00234375 0.00546875
2 0.6 0.2599653375 0.5866666671874999 0.2409012125 0.577777778125 0.23916811093749998 0.5599999999999999 0.249566725 0.557777778125 0.2339688046875 0.5377777781249999 0.2322357015625 0.5288888890625 0.2339688046875 0.5311111109375 0.24610052031250002 0.52 0.2530329296875 0.52 0.30675909843750004 0.58 0.3015597921875 0.6 0.2946273828125 0.6 0.2599653375
2 0.27999999999999997 0.310225303125 0.29333333281249996 0.29809358750000003 0.3266666671875 0.305025996875 0.3311111109375 0.310225303125 0.337777778125 0.30675909843750004 0.342222221875 0.31195840625 0.38 0.31195840625 0.382222221875 0.3015597921875 0.39555555625 0.310225303125 0.41111111093749997 0.30675909843750004 0.462222221875 0.31195840625 0.477777778125 0.30329289375 0.4888888890625 0.305025996875 0.4911111109375 0.27383015624999996 0.48666666718749996 0.266897746875 0.477777778125 0.26863085 0.46666666718750005 0.2599653375 0.4688888890625 0.2339688046875 0.45999999999999996 0.223570190625 0.4533333328125 0.2253032921875 0.44888888906249996 0.218370884375 0.43777777812499996 0.21663778125 0.4266666671875 0.223570190625 0.40888888906250004 0.22183708906250002 0.37555555625000003 0.23916811093749998 0.337777778125 0.23916811093749998 0.33555555625 0.249566725 0.317777778125 0.25476603125 0.3 0.2512998265625 0.26888888906249997 0.26863085 0.24666666718750002 0.266897746875 0.24444444375000002 0.272097053125 0.19555555625 0.2894280765625 0.1888888890625 0.31195840625 0.2 0.3188908140625 0.262222221875 0.305025996875 0.27999999999999997 0.310225303125
2 0.44666666718750003 0.6187175046875 0.33999999999999997 0.6187175046875 0.342222221875 0.641247834375 0.4688888890625 0.6360485265625 0.45999999999999996 0.6135181968750001 0.44666666718750003 0.6187175046875
2 0.157777778125 0.819757365625 0.1666666671875 0.826689775 0.22000000000000003 0.826689775 0.23777777812499998 0.8162911609375 0.37333333281250003 0.826689775 0.43777777812499996 0.8370883875 0.44000000000000006 0.85095320625 0.4511111109375 0.857885615625 0.5 0.8596187171875 0.5288888890625 0.8544194109375001 0.5288888890625 0.8405545921875 0.5377777781249999 0.8370883875 0.7066666671874999 0.8301559796875001 0.7266666671875 0.8422876953125 0.7911111109375 0.8422876953125 0.8 0.8388214906250001 0.802222221875 0.8284228765625 0.8355555562499999 0.819757365625 0.8222222218749999 0.3084922015625 0.8266666671875 0.261698440625 0.8222222218749999 0.21143847500000001 0.81555555625 0.2010398609375 0.717777778125 0.1889081453125 0.6466666671875 0.1715771234375 0.47555555624999996 0.1455805890625 0.442222221875 0.155979203125 0.42888888906249995 0.16811091875 0.42222222187499997 0.1629116125 0.40222222187499995 0.16811091875 0.3533333328125 0.1889081453125 0.1688888890625 0.24610052031250002 0.1488888890625 0.25649913281250003 0.13999999999999999 0.48006932343750003 0.13555555625 0.800693240625 0.13999999999999999 0.80762565 0.157777778125 0.8110918546875 0.157777778125 0.819757365625
2 0.6511111109375001 0.23916811093749998 0.6488888890625 0.247833621875 0.6555555562500001 0.25476603125 0.6599999999999999 0.23916811093749998 0.6511111109375001 0.23916811093749998
2 0.5599999999999999 0.372616984375 0.5599999999999999 0.3830155984375 0.5666666671875 0.3760831890625 0.57555555625 0.39514731406250003 0.56444444375 0.40727902968749996 0.5511111109375 0.40727902968749996 0.5488888890625 0.396880415625 0.542222221875 0.4003466203125 0.5555555562500001 0.4124783359375 0.5511111109375 0.42807625624999995 0.5066666671875 0.46793760781250004 0.4888888890625 0.4748700171875 0.48 0.4939341421875 0.4911111109375 0.5008665515625 0.52 0.4870017328125 0.52444444375 0.47833622187499997 0.577777778125 0.44020797187499994 0.5888888890625 0.4246100515625 0.5888888890625 0.4124783359375 0.62 0.37954939374999996 0.62 0.358752165625 0.637777778125 0.34662044999999997 0.637777778125 0.3258232234375 0.6466666671875 0.3171577125 0.6311111109375 0.31195840625 0.6311111109375 0.285961871875 0.637777778125 0.2790294625 0.6311111109375 0.26863085 0.63555555625 0.237435009375 0.62 0.22876949687499998 0.6088888890625 0.2339688046875 0.602222221875 0.24610052031250002 0.6088888890625 0.2998266890625 0.59555555625 0.36048526875000003 0.58444444375 0.3743500859375 0.5599999999999999 0.372616984375
2 0.48 0.3691507796875 0.48 0.39514731406250003 0.4888888890625 0.4055459265625 0.482222221875 0.41074523437500005 0.48666666718749996 0.44020797187499994 0.497777778125 0.42807625624999995 0.49555555625 0.4003466203125 0.5088888890625001 0.372616984375 0.51555555625 0.30675909843750004 0.5111111109375 0.2755632578125 0.522222221875 0.2322357015625 0.5177777781249999 0.21317157656250002 0.5 0.21317157656250002 0.49555555625 0.22876949687499998 0.502222221875 0.2703639515625 0.4888888890625 0.3084922015625 0.48666666718749996 0.3570190640625 0.48 0.3691507796875
2 0.29555555624999996 0.5805892546875 0.35555555625 0.584055459375 0.40222222187499995 0.5753899484375 0.42888888906249995 0.5805892546875 0.43333333281249997 0.5736568453124999 0.44888888906249996 0.5753899484375 0.46666666718750005 0.570190640625 0.4711111109375 0.5632582328125 0.46666666718750005 0.507798959375 0.3 0.5251299828125 0.2488888890625 0.5372616984375 0.24666666718750002 0.57712305 0.257777778125 0.5857885609375 0.28444444375 0.5857885609375 0.29555555624999996 0.5805892546875
2 0.7266666671875 0.5181975734375001 0.72 0.507798959375 0.58 0.497400346875 0.48 0.507798959375 0.48 0.5684575390625 0.7022222218749999 0.5684575390625 0.72 0.558058925 0.7266666671875 0.5181975734375001
2 0.41777777812499994 0.2409012125 0.40888888906250004 0.2339688046875 0.382222221875 0.2339688046875 0.33999999999999997 0.24436741718750002 0.3111111109375 0.2599653375 0.3066666671875 0.2790294625 0.33999999999999997 0.28422876874999997 0.40888888906250004 0.2599653375 0.41777777812499994 0.2409012125
2 0.6688888890625 0.6377816296875001 0.6688888890625 0.62045060625 0.662222221875 0.6152513 0.6288888890625 0.6152513 0.6288888890625 0.6360485265625 0.6488888890625 0.641247834375 0.6688888890625 0.6377816296875001
2 0.5533333328125 0.6308492203125 0.5555555562500001 0.6360485265625 0.597777778125 0.6377816296875001 0.6111111109375 0.6291161171875 0.597777778125 0.6135181968750001 0.562222221875 0.6135181968750001 0.542222221875 0.622183709375 0.5355555562500001 0.6135181968750001 0.48 0.6152513 0.477777778125 0.6291161171875 0.4888888890625 0.6360485265625 0.54444444375 0.6360485265625 0.5533333328125 0.6308492203125
2 0.46666666718750005 0.6360485265625 0.4711111109375 0.6291161171875 0.4688888890625 0.6135181968750001 0.442222221875 0.6135181968750001 0.43777777812499996 0.6187175046875 0.337777778125 0.62045060625 0.337777778125 0.6308492203125 0.3288888890625 0.6377816296875001 0.3466666671875 0.641247834375 0.46666666718750005 0.6360485265625
2 0.27777777812500004 0.2946273828125 0.282222221875 0.2790294625 0.27777777812500004 0.272097053125 0.2511111109375 0.272097053125 0.2 0.2894280765625 0.1911111109375 0.3015597921875 0.1888888890625 0.310225303125 0.197777778125 0.3171577125 0.21555555625 0.3171577125 0.27777777812500004 0.2946273828125
2 0.5177777781249999 0.2772963609375 0.5177777781249999 0.305025996875 0.5688888890625 0.29636048593750003 0.5666666671875 0.28422876874999997 0.5177777781249999 0.2772963609375
2 0.4911111109375 0.2755632578125 0.482222221875 0.272097053125 0.4711111109375 0.280762565625 0.46666666718750005 0.272097053125 0.4066666671875 0.272097053125 0.357777778125 0.285961871875 0.36 0.2946273828125 0.4 0.305025996875 0.48666666718749996 0.30675909843750004 0.4911111109375 0.2755632578125
2 0.3288888890625 0.6377816296875001 0.3288888890625 0.62045060625 0.2666666671875 0.62045060625 0.2266666671875 0.6256499140625 0.222222221875 0.634315425 0.22000000000000003 0.641247834375 0.2288888890625 0.6464471406250001 0.32 0.641247834375 0.3288888890625 0.6377816296875001
2 0.6688888890625 0.6187175046875 0.6511111109375001 0.6152513 0.6288888890625 0.6152513 0.6288888890625 0.6377816296875001 0.6688888890625 0.6377816296875001 0.6688888890625 0.6187175046875
2 0.6 0.6377816296875001 0.6111111109375 0.6291161171875 0.597777778125 0.6135181968750001 0.562222221875 0.6135181968750001 0.557777778125 0.62045060625 0.542222221875 0.62045060625 0.5333333328125 0.6135181968750001 0.48666666718749996 0.6135181968750001 0.48 0.6187175046875 0.48 0.632582321875 0.4888888890625 0.6360485265625 0.5533333328125 0.632582321875 0.6 0.6377816296875001
2 0.4711111109375 0.6291161171875 0.4688888890625 0.6135181968750001 0.45999999999999996 0.6117850953125 0.41111111093749997 0.6187175046875 0.342222221875 0.6152513 0.337777778125 0.62045060625 0.29555555624999996 0.6187175046875 0.2266666671875 0.6256499140625 0.2266666671875 0.6429809359374999 0.40222222187499995 0.641247834375 0.4688888890625 0.6360485265625 0.4711111109375 0.6291161171875
2 0.35555555625 0.45233968750000003 0.36666666718749996 0.37954939374999996 0.3533333328125 0.3448873484375 0.33999999999999997 0.3448873484375 0.3311111109375 0.3362218375 0.2488888890625 0.3327556328125 0.2288888890625 0.32235701875 0.21111111093749999 0.32235701875 0.1933333328125 0.3310225296875 0.18222222187499998 0.3448873484375 0.18222222187499998 0.464471403125 0.1888888890625 0.46967071093749996 0.3266666671875 0.4748700171875 0.35555555625 0.45233968750000003