2 0.81015625 0.33203125 0.00234375 0.00859375
2 0.8203125 0.23515625 0.00234375 0.01171875
2 0.8217391296875001 0.0086956515625 0.8195652171875001 0.211594203125 0.82608695625 0.1565217390625 0.82608695625 0.0057971015624999995 0.8217391296875001 0.0086956515625
2 0.7652173906249999 0 0.75 0.014492753124999999 0.7543478265625 0.023188406249999998 0.7434782609374999 0.0463768109375 0.75 0.07246376875 0.739130434375 0.0840579703125 0.7478260875 0.0927536234375 0.7543478265625 0.086956521875 0.7543478265625 0.101449275 0.736956521875 0.1072463765625 0.7434782609374999 0.113043478125 0.736956521875 0.1217391296875 0.7434782609374999 0.1420289859375 0.7326086953125001 0.1420289859375 0.739130434375 0.1536231890625 0.7282608703125 0.16811594218749998 0.7217391296875 0.2 0.72608695625 0.20579710156250003 0.710869565625 0.24927536250000001 0.715217390625 0.2550724640625 0.6978260875 0.28985507187500004 0.7043478265625 0.30434782656250003 0.6913043484375 0.310144928125 0.6717391296875 0.3478260875 0.67391304375 0.359420290625 0.6543478265625 0.37391304375 0.6586956515625 0.38260869531249997 0.6434782609374999 0.3913043484375 0.6434782609374999 0.40869565156250004 0.6326086953125001 0.40869565156250004 0.6326086953125001 0.42028985468749996 0.6217391296875 0.42028985468749996 0.62391304375 0.4318840578125 0.615217390625 0.4289855078125 0.615217390625 0.440579709375 0.6065217390625001 0.440579709375 0.6086956515625 0.4521739125 0.5934782609375 0.4521739125 0.560869565625 0.486956521875 0.5586956515625 0.5014492749999999 0.5434782609375 0.5043478265625 0.5304347828125 0.5188405796875 0.5326086953125 0.52753623125 0.52608695625 0.52753623125 0.5282608703125 0.536231884375 0.5 0.585507246875 0.5 0.6086956515625 0.5173913046874999 0.6057971015625 0.539130434375 0.57681159375 0.5934782609375 0.5623188406249999 0.6586956515625 0.52753623125 0.665217390625 0.510144928125 0.6978260875 0.5014492749999999 0.6978260875 0.489855071875 0.7195652171875 0.4840579703125 0.7195652171875 0.47246376874999996 0.7347826093750001 0.46956521718750005 0.739130434375 0.4550724640625 0.7543478265625 0.4492753625 0.7543478265625 0.437681159375 0.77608695625 0.42318840625 0.7826086953125 0.3942028984375 0.789130434375 0.3942028984375 0.7695652171875 0.37391304375 0.786956521875 0.313043478125 0.7717391296875 0.3159420296875 0.7717391296875 0.301449275 0.7782608703125 0.286956521875 0.7934782609375 0.28115942031249996 0.7978260875000001 0.12463768125000001 0.7826086953125 0.12463768125000001 0.7826086953125 0.1072463765625 0.8 0.101449275 0.8 0.034782609375 0.786956521875 0.0357478265625 0.786956521875 0.0207739125 0.8 0.011594203124999999 0.7978260875000001 0 0.7717391296875 0.0164260875 0.7717391296875 0 0.7652173906249999 0
2 0.665217390625 0.34492753593750003 0.665217390625 0.313043478125 0.686956521875 0.3072463765625 0.6934782609375 0.2956521734375 0.686956521875 0.2927536234375 0.6934782609375 0.28115942031249996 0.6934782609375 0.2521739125 0.686956521875 0.24637681093750002 0.6934782609375 0.22608695625 0.67608695625 0.1913043484375 0.6934782609375 0.17391304375 0.6934782609375 0.1217391296875 0.684782609375 0.1072463765625 0.6934782609375 0.0956521734375 0.6978260875 0.049275362499999996 0.686956521875 0.0086956515625 0.6782608703124999 0.00289855 0.6217391296875 0 0.6217391296875 0.37681159375 0.62608695625 0.388405796875 0.6434782609374999 0.388405796875 0.665217390625 0.34492753593750003
2 0 0.5217391296875 0.09058043437499999 0.5072463765624999 0.0913043484375 0.4927536234375 0.1043478265625 0.5072463765624999 0.10869565156250001 0.4927536234375 0.12608695625 0.5043478265625 0.15434782656249998 0.489855071875 0.07753695625 0.4927536234375 0.0768108703125 0.5072463765624999 0.063767390625 0.4927536234375 0.060869565625 0.510144928125 0.05 0.510144928125 0.05 0.4927536234375 0.0086956515625 0.4956521734375 0 0.5014492749999999 0 0.5217391296875
2 0.310869565625 0.4318840578125 0.32608695625 0.46956521718750005 0.33478260937500004 0.47246376874999996 0.3326086953125 0.4840579703125 0.3456521734375 0.4927536234375 0.3478260875 0.5043478265625 0.3543478265625 0.5014492749999999 0.36521739062499997 0.52463768125 0.3782608703125 0.52753623125 0.386956521875 0.5449275359375 0.4 0.5420289859375 0.4 0.5565217390625 0.40869565156250004 0.5681159421875 0.436956521875 0.57391304375 0.42608695625 0.5884057968749999 0.4326086953125 0.6086956515625 0.439130434375 0.6086956515625 0.439130434375 0.57681159375 0.48260869531250006 0.585507246875 0.49347826093749997 0.5623188406249999 0.4978260875 0.513043478125 0.4978260875 0.40869565156250004 0.48260869531250006 0.41212173906249994 0.48260869531250006 0.38260869531249997 0.49347826093749997 0.386956521875 0.49347826093749997 0.3681159421875 0.486956521875 0.359420290625 0.47608695624999997 0.36521739062499997 0.47173912968750004 0.3333333328125 0.5 0.3304347828125 0.52608695625 0.30434782656250003 0.5217391296875 0.1304347828125 0.4956521734375 0.1072463765625 0.315217390625 0.113043478125 0.2826086953125 0.1420289859375 0.2782608703125 0.30434782656250003 0.2934782609375 0.34492753593750003 0.3210152171875 0.3478260875 0.310869565625 0.4318840578125
2 0.3413043484375 0.3333333328125 0.39782608750000004 0.3333333328125 0.39782608750000004 0.313043478125 0.38260869531249997 0.301449275 0.386956521875 0.27536231875 0.4 0.28115942031249996 0.41521739062499996 0.32463768125 0.4326086953125 0.3333333328125 0.465217390625 0.3304347828125 0.46086956562500003 0.313043478125 0.48043478281249996 0.313043478125 0.48260869531250006 0.32463768125 0.5 0.3304347828125 0.52608695625 0.30434782656250003 0.52608695625 0.1420289859375 0.5 0.1072463765625 0.315217390625 0.113043478125 0.28913043437499997 0.12753623125 0.2782608703125 0.14782608749999998 0.2782608703125 0.313043478125 0.2978260875 0.3478260875 0.336956521875 0.3478260875 0.3413043484375 0.3333333328125
2 0.77734375 0.04765625 0.00234375 0.003125
2 0.8326086953124999 0 0.8282608703125 0.0666666671875 0.8391304343750001 0.07246376875 0.9934782609375 0.063768115625 0.9934782609375 0.0086956515625 0.9869565218749999 0 0.9543478265625 0 0.9456521734375001 0.0086956515625 0.9326086953124999 0 0.8326086953124999 0
2 0.8 0 0.8 0.040579709375 0.8043478265624999 0.063768115625 0.8108695656249999 0.0666666671875 0.8173913046875001 0 0.8 0
2 0.77608695625 0 0.77608695625 0.0086956515625 0.7826086953125 0.011594203124999999 0.784782609375 0 0.77608695625 0
2 0.7434782609374999 0.0202898546875 0.736956521875 0.011594203124999999 0.7434782609374999 0 0.689130434375 0.0057971015624999995 0.7 0.0666666671875 0.7326086953125001 0.0695652171875 0.7434782609374999 0.040579709375 0.7434782609374999 0.0202898546875
2 0.82608695625 0 0.82608695625 0.011594203124999999 0.8282608703125 0.0202898546875 0.865217390625 0.0202898546875 0.865217390625 0 0.82608695625 0
2 0.8 0 0.8 0.0202898546875 0.8195652171875001 0.0202898546875 0.8217391296875001 0 0.8 0
2 0.78125 0.01015625 0.0109375 0.0203125
2 0.7434782609374999 0 0.7434782609374999 0.014492753124999999 0.75 0 0.7434782609374999 0
2 0.7978260875000001 0.2695652171875 0.8217391296875001 0.2666666671875 0.8217391296875001 0.2840579703125 0.8173913046875001 0.2927536234375 0.7978260875000001 0.288405796875 0.7934782609375 0.32753623125 0.786956521875 0.3333333328125 0.7956521734375 0.3536231890625 0.7934782609375 0.362318840625 0.786956521875 0.359420290625 0.8108695656249999 0.434782609375 0.85 0.4840579703125 0.8978260875 0.5014492749999999 0.9434782609375001 0.486956521875 0.9717391296875 0.46376811562500003 0.9978260875 0.40869565156250004 0.9978260875 0.2289855078125 0.9717391296875 0.17681159375 0.9217391296875 0.136231884375 0.8826086953125 0.13333333281249998 0.8282608703125 0.16811594218749998 0.82391304375 0.22318840624999997 0.8108695656249999 0.20869565156249997 0.8 0.2202898546875 0.8 0.2512086953125 0.8108695656249999 0.2521739125 0.8152173906250001 0.263768115625 0.7978260875000001 0.2695652171875
2 0.6934782609375 0.4956521734375 0.7043478265625 0.489855071875 0.6978260875 0.4927536234375 0.6934782609375 0.4956521734375
2 0.6934782609375 0.32753623125 0.710869565625 0.2840579703125 0.7086956515625 0.27536231875 0.6956521734375001 0.310144928125 0.6586956515625 0.3681159421875 0.6543478265625 0.37391304375 0.663043478125 0.37971014531249997 0.660869565625 0.3681159421875 0.6717391296875 0.3681159421875 0.6717391296875 0.3536231890625 0.684782609375 0.34492753593750003 0.684782609375 0.3304347828125 0.6934782609375 0.32753623125
2 0.6086956515625 0.434782609375 0.6217391296875 0.434782609375 0.6217391296875 0.42028985468749996 0.6326086953125001 0.42608695625 0.6456521734375 0.40289855 0.6434782609374999 0.3942028984375 0.6543478265625 0.3942028984375 0.6543478265625 0.37391304375 0.6086956515625 0.434782609375
2 0.6086956515625 0.434782609375 0.5956521734375 0.4521739125 0.6086956515625 0.4521739125 0.6086956515625 0.434782609375
2 0.5586956515625 0.5014492749999999 0.5673913046875 0.4840579703125 0.57608695625 0.4840579703125 0.57608695625 0.47375201093749997 0.5304347828125 0.5188405796875 0.52608695625 0.52753623125 0.5586956515625 0.5014492749999999
2 0.710869565625 0.2695652171875 0.72608695625 0.22318840624999997 0.715217390625 0.234782609375 0.710869565625 0.2695652171875
2 0.8217391296875001 0.034782609375 0.8217391296875001 0.1159420296875 0.82608695625 0.0463768109375 0.8217391296875001 0.034782609375
2 0.6565217390625 0.52753623125 0.660869565625 0.5072463765624999 0.67608695625 0.510144928125 0.67391304375 0.49855072500000003 0.6934782609375 0.4840579703125 0.6934782609375 0.46666666718750005 0.7021739124999999 0.47246376874999996 0.715217390625 0.46376811562500003 0.7 0.4579710140625 0.7043478265625 0.4492753625 0.7195652171875 0.440579709375 0.72608695625 0.4492753625 0.7217391296875 0.434782609375 0.7326086953125001 0.42028985468749996 0.7434782609374999 0.4289855078125 0.7652173906249999 0.388405796875 0.786956521875 0.310144928125 0.77608695625 0.30434782656250003 0.77608695625 0.28985507187500004 0.789130434375 0.28115942031249996 0.7934782609375 0.260869565625 0.7934782609375 0.2449275359375 0.7826086953125 0.23188405781250002 0.7934782609375 0.2289855078125 0.7934782609375 0.2202898546875 0.7826086953125 0.2156521734375 0.7826086953125 0.199420290625 0.7934782609375 0.2040579703125 0.7934782609375 0.18782608750000002 0.7826086953125 0.18318840625 0.7826086953125 0.166956521875 0.7934782609375 0.171594203125 0.786956521875 0.14782608749999998 0.7978260875000001 0.13333333281249998 0.7978260875000001 0.1159420296875 0.7826086953125 0.12463768125000001 0.7826086953125 0.1072463765625 0.7978260875000001 0.09710145 0.786956521875 0.0879217390625 0.786956521875 0.07149855000000001 0.8 0.07536231875 0.7978260875000001 0 0.786956521875 0.0057971015624999995 0.786956521875 0.05507246406250001 0.7717391296875 0.049275362499999996 0.7717391296875 0.032849275 0.760869565625 0.026086956249999998 0.7717391296875 0.0164260875 0.7717391296875 0 0.760869565625 0.00289855 0.7543478265625 0.023188406249999998 0.75 0.0202898546875 0.7434782609374999 0.05507246406250001 0.7521739125 0.063768115625 0.7434782609374999 0.07536231875 0.75 0.0840579703125 0.739130434375 0.101449275 0.7434782609374999 0.11014492812500001 0.736956521875 0.12463768125000001 0.7434782609374999 0.12753623125 0.7326086953125001 0.14492753593750002 0.7326086953125001 0.18260869531249999 0.72608695625 0.188405796875 0.7326086953125001 0.2 0.72608695625 0.211594203125 0.75 0.2 0.760869565625 0.211594203125 0.760869565625 0.22608695625 0.75 0.2159420296875 0.7434782609374999 0.24927536250000001 0.7543478265625 0.2579710140625 0.736956521875 0.2782608703125 0.75 0.286956521875 0.75 0.2956521734375 0.7434782609374999 0.313043478125 0.7326086953125001 0.30434782656250003 0.715217390625 0.3681159421875 0.6978260875 0.40289855 0.6826086953125 0.41449275312499995 0.6826086953125 0.440579709375 0.6695652171875001 0.4289855078125 0.6478260875 0.4521739125 0.610869565625 0.47246376874999996 0.6043478265625 0.486956521875 0.589130434375 0.4927536234375 0.5934782609375 0.513043478125 0.584782609375 0.5188405796875 0.5804347828124999 0.5043478265625 0.560869565625 0.513043478125 0.5152173906249999 0.5536231890625001 0.5 0.585507246875 0.4978260875 0.6057971015625 0.513043478125 0.6086956515625 0.5434782609375 0.57681159375 0.6565217390625 0.52753623125
2 0.286956521875 0.301449275 0.2978260875 0.2956521734375 0.2934782609375 0.28985507187500004 0.286956521875 0.301449275
2 0.32173912968749996 0.28115942031249996 0.315217390625 0.28985507187500004 0.32608695625 0.2956521734375 0.32173912968749996 0.3072463765625 0.3282608703125 0.313043478125 0.310869565625 0.32753623125 0.32173912968749996 0.32753623125 0.32173912968749996 0.33623188437499996 0.310869565625 0.3420289859375 0.3195652171875 0.3478260875 0.3282608703125 0.32753623125 0.3797108703125 0.3304347828125 0.38260869531249997 0.313043478125 0.3934782609375 0.3304347828125 0.38260869531249997 0.298550725 0.38478260937500003 0.2666666671875 0.3913043484375 0.2666666671875 0.389130434375 0.27536231875 0.39782608750000004 0.263768115625 0.40869565156250004 0.2695652171875 0.40434782656249996 0.28985507187500004 0.40869565156250004 0.286956521875 0.41521739062499996 0.3159420296875 0.4326086953125 0.3304347828125 0.4521739125 0.32173912968749996 0.45434782656249995 0.3304347828125 0.48260869531250006 0.3159420296875 0.5 0.32753623125 0.52608695625 0.2927536234375 0.5217391296875 0.22608695625 0.4913043484375 0.20289855 0.339130434375 0.20869565156249997 0.32173912968749996 0.22608695625 0.32173912968749996 0.240579709375 0.339130434375 0.2695652171875 0.3326086953125 0.28985507187500004 0.32173912968749996 0.28115942031249996
2 0.37734375 0.28828125 0.00234375 0.003125
2 0.41521739062499996 0.28985507187500004 0.40652173906250005 0.2927536234375 0.39782608750000004 0.27536231875 0.389130434375 0.28115942031249996 0.386956521875 0.28985507187500004 0.410869565625 0.346790890625 0.410869565625 0.33623188437499996 0.42173912968750005 0.3333333328125 0.40652173906250005 0.301449275 0.41521739062499996 0.28985507187500004
2 0.3326086953125 0.486956521875 0.33478260937500004 0.46956521718750005 0.3413043484375 0.47246376874999996 0.3413043484375 0.49855072500000003 0.35326087031250003 0.4942028984375 0.363043478125 0.5072463765624999 0.3543478265625 0.513043478125 0.37391304375 0.5159420296875 0.3782608703125 0.52463768125 0.3695652171875 0.52753623125 0.38260869531249997 0.5449275359375 0.3934782609375 0.5478260875000001 0.39782608750000004 0.536231884375 0.40869565156250004 0.5507246375 0.40434782656249996 0.5681159421875 0.4282608703125 0.6057971015625 0.4434782609375 0.6086956515625 0.439130434375 0.52463768125 0.42608695625 0.5243159421875 0.42608695625 0.5095014499999999 0.436956521875 0.5055072468749999 0.436956521875 0.48927536250000003 0.42608695625 0.49468695625 0.42608695625 0.4798724640625 0.436956521875 0.47304347812499997 0.436956521875 0.45681159375 0.42608695625 0.465055071875 0.42608695625 0.45024057968750003 0.436956521875 0.440579709375 0.436956521875 0.4289855078125 0.42608695625 0.42061159375 0.4326086953125 0.40579710156250004 0.42391304375 0.40289855 0.4326086953125 0.385507246875 0.42608695625 0.3681159421875 0.41956521718750006 0.37391304375 0.42608695625 0.3565217390625 0.4114416484375 0.348152990625 0.41739130468749996 0.362318840625 0.42608695625 0.43542608749999995 0.386956521875 0.52753623125 0.36521739062499997 0.5072463765624999 0.3173913046875 0.4289855078125 0.310869565625 0.4318840578125 0.3326086953125 0.486956521875
2 0.4978260875 0.5159420296875 0.4978260875 0.41449275312499995 0.48260869531250006 0.405217390625 0.49347826093749997 0.389855071875 0.48260869531250006 0.38956521718750003 0.48260869531250006 0.37391304375 0.49347826093749997 0.3710144921875 0.47608695624999997 0.30434782656250003 0.486956521875 0.30434782656250003 0.49347826093749997 0.2927536234375 0.49347826093749997 0.2666666671875 0.47608695624999997 0.24927536250000001 0.43043478281249997 0.24927536250000001 0.4282608703125 0.298550725 0.45869565156250003 0.30434782656250003 0.465217390625 0.313043478125 0.48043478281249996 0.3710144921875 0.481949509375 0.5265264140625 0.4978260875 0.5159420296875
2 0.6543478265625 0.42028985468749996 0.6586956515625 0.4318840578125 0.665217390625 0.42318840625 0.660869565625 0.40869565156250004 0.6326086953125001 0.4318840578125 0.636956521875 0.4492753625 0.6434782609374999 0.42608695625 0.6543478265625 0.42028985468749996
2 0.72391304375 0.2695652171875 0.72391304375 0.262547671875 0.6978260875 0.34492753593750003 0.67391304375 0.37681159375 0.6717391296875 0.40289855 0.6804347828124999 0.40579710156250004 0.710869565625 0.362318840625 0.715217390625 0.3333333328125 0.7326086953125001 0.2927536234375 0.7217391296875 0.28115942031249996 0.736956521875 0.2695652171875 0.72391304375 0.2695652171875
2 0.7434782609374999 0.3478260875 0.72878560625 0.37721139375 0.7434782609374999 0.388405796875 0.760869565625 0.3478260875 0.77608695625 0.28115942031249996 0.77608695625 0.265217390625 0.7652173906249999 0.260869565625 0.7652173906249999 0.24927536250000001 0.77608695625 0.24927536250000001 0.77608695625 0.214492753125 0.7695652171875 0.20579710156250003 0.77608695625 0.2 0.7826086953125 0.14782608749999998 0.77608695625 0.13333333281249998 0.7717391296875 0.1420289859375 0.7782608703125 0.1536231890625 0.7717391296875 0.1572463765625 0.77608695625 0.18260869531249999 0.7652173906249999 0.211594203125 0.760869565625 0.27536231875 0.7434782609374999 0.3478260875
2 0.6978260875 0.434782609375 0.7217391296875 0.4289855078125 0.7326086953125001 0.40579710156250004 0.7284280937500001 0.3779264203125 0.713043478125 0.40869565156250004 0.660869565625 0.46956521718750005 0.665217390625 0.47536231874999996 0.686956521875 0.46376811562500003 0.689130434375 0.4434782609375 0.7 0.4492753625 0.6978260875 0.434782609375
2 0.77608695625 0.0927536234375 0.7826086953125 0.089855071875 0.7782608703125 0.0811594203125 0.77608695625 0.0927536234375
2 0.8 0.148655071875 0.8108695656249999 0.1507246375 0.8 0.16438840625 0.7913043484375 0.313043478125 0.786956521875 0.3468608703125 0.7717391296875 0.37681159375 0.7717391296875 0.40289855 0.7826086953125 0.388405796875 0.7826086953125 0.36521739062499997 0.7934782609375 0.36521739062499997 0.8086956515624999 0.30434782656250003 0.8086956515624999 0.288405796875 0.7978260875000001 0.2840579703125 0.7978260875000001 0.2666666671875 0.8108695656249999 0.2695652171875 0.8108695656249999 0.225 0.8 0.23188405781250002 0.7978260875000001 0.214492753125 0.8108695656249999 0.210144928125 0.8 0.19585797031250002 0.8108695656249999 0.1952898546875 0.8152173906250001 0.14782608749999998 0.8108695656249999 0.07536231875 0.8043478265624999 0.07536231875 0.8 0.101449275 0.8108695656249999 0.1159420296875 0.8108695656249999 0.1304347828125 0.8 0.11718550781249999 0.8 0.148655071875
2 0.8152173906250001 0.0434782609375 0.8152173906250001 0.0289855078125 0.8065217390624999 0.026086956249999998 0.8043478265624999 0.063768115625 0.8108695656249999 0.063768115625 0.8086956515624999 0.0434782609375 0.8152173906250001 0.0434782609375
2 0.7043478265625 0.16521739062500002 0.686956521875 0.1913043484375 0.6978260875 0.20579710156250003 0.7 0.2521739125 0.7065217390625 0.2521739125 0.736956521875 0.1043478265625 0.7434782609374999 0.023188406249999998 0.736956521875 0.00289855 0.7043478265625 0.00289855 0.6978260875 0.034782609375 0.7043478265625 0.0463768109375 0.6978260875 0.1043478265625 0.6978260875 0.1507246375 0.7043478265625 0.16521739062500002
2 0.7978260875000001 0.4 0.7543478265625 0.46086956562500003 0.6695652171875001 0.52753623125 0.67391304375 0.5449275359375 0.686956521875 0.5536231890625001 0.9978260875 0.52463768125 0.9978260875 0.0202898546875 0.9869565218749999 0.00289855 0.9043478265625 0 0.8695652171875 0.00289855 0.863043478125 0.023188406249999998 0.8326086953124999 0.026086956249999998 0.82608695625 0.2695652171875 0.8152173906250001 0.313043478125 0.8152173906250001 0.3478260875 0.7978260875000001 0.4
2 0.41521739062499996 0.2840579703125 0.40434782656249996 0.2550724640625 0.37391304375 0.2579710140625 0.37608695625 0.2956521734375 0.3956521734375 0.28115942031249996 0.40434782656249996 0.2927536234375 0.41521739062499996 0.2840579703125
2 0.5326086953125 0.6057971015625 0.55 0.5884057968749999 0.539130434375 0.5884057968749999 0.5326086953125 0.6057971015625
2 0.42608695625 0.5913043484375 0.410869565625 0.5681159421875 0.39782608750000004 0.57391304375 0.3934782609375 0.585507246875 0.4 0.5942028984375 0.4282608703125 0.6086956515625 0.42608695625 0.5913043484375
2 0.4456521734375 0.5536231890625001 0.4434782609375 0.611594203125 0.47391304375 0.614492753125 0.47608695624999997 0.5507246375 0.4456521734375 0.5536231890625001
2 0.7717391296875 0.37681159375 0.7717391296875 0.3913043484375 0.7782608703125 0.37681159375 0.7717391296875 0.37681159375
2 0.6717391296875 0.313043478125 0.6782608703124999 0.32463768125 0.67608695625 0.310144928125 0.6717391296875 0.313043478125
2 0.6456521734375 0.28115942031249996 0.6434782609374999 0.27246376875 0.6282608703125 0.286956521875 0.6543478265625 0.2840579703125 0.660869565625 0.27536231875 0.6456521734375 0.28115942031249996
2 0.7434782609374999 0.240579709375 0.736956521875 0.22608695625 0.7282608703125 0.234782609375 0.7251552796875 0.25686680625 0.7434782609374999 0.240579709375
2 0.663043478125 0.4318840578125 0.6695652171875001 0.41449275312499995 0.7043478265625 0.37681159375 0.7326086953125001 0.28985507187500004 0.72391304375 0.27536231875 0.736956521875 0.2695652171875 0.7248792265625 0.25882984375 0.7217391296875 0.28115942031249996 0.710869565625 0.2927536234375 0.6978260875 0.34492753593750003 0.6586956515625 0.41449275312499995 0.6326086953125001 0.4318840578125 0.6326086953125001 0.4463768109375 0.663043478125 0.4318840578125
2 0.7673913046874999 0.2434782609375 0.77608695625 0.234782609375 0.7717391296875 0.1942028984375 0.75812854375 0.2826717078125 0.7652173906249999 0.263768115625 0.7717391296875 0.28115942031249996 0.77608695625 0.27536231875 0.77608695625 0.2521739125 0.7673913046874999 0.2434782609375
2 0.7086956515625 0.440579709375 0.72391304375 0.42608695625 0.7434782609374999 0.37681159375 0.7543478265625 0.3681159421875 0.75 0.3565217390625 0.760869565625 0.34492753593750003 0.7652173906249999 0.310144928125 0.7717391296875 0.30434782656250003 0.7573276453125 0.28787755625 0.7543478265625 0.3072463765625 0.684782609375 0.4492753625 0.660869565625 0.46956521718750005 0.689130434375 0.46086956562500003 0.6978260875 0.4521739125 0.689130434375 0.440579709375 0.7086956515625 0.440579709375
2 0.660869565625 0.20289855 0.6543478265625 0.1942028984375 0.6478260875 0.20289855 0.6478260875 0.2289855078125 0.660869565625 0.22608695625 0.660869565625 0.20289855
2 0.7717391296875 0.1710144921875 0.7826086953125 0.14782608749999998 0.77608695625 0.13333333281249998 0.7717391296875 0.1420289859375 0.7782608703125 0.1536231890625 0.7717391296875 0.1565217390625 0.7717391296875 0.1710144921875
2 0.7978260875000001 0.188405796875 0.8043478265624999 0.20579710156250003 0.7978260875000001 0.211594203125 0.8 0.24782608750000001 0.786956521875 0.32463768125 0.786956521875 0.34492753593750003 0.7934782609375 0.3536231890625 0.8 0.3420289859375 0.7934782609375 0.3072463765625 0.8043478265624999 0.310144928125 0.7978260875000001 0.2695652171875 0.8043478265624999 0.2695652171875 0.8043478265624999 0.24927536250000001 0.8108695656249999 0.240579709375 0.8108695656249999 0.20869565156249997 0.8043478265624999 0.20289855 0.8108695656249999 0.1942028984375 0.8108695656249999 0.0840579703125 0.8043478265624999 0.0840579703125 0.8 0.1159420296875 0.8086956515624999 0.139130434375 0.8 0.1420289859375 0.7978260875000001 0.188405796875
2 0.77734375 0.08828125 0.00234375 0.00859375
2 0.8391304343750001 0.23188405781250002 0.8282608703125 0.240579709375 0.8369565218749999 0.263768115625 0.8326086953124999 0.27246376875 0.8282608703125 0.2666666671875 0.8282608703125 0.2840579703125 0.8217391296875001 0.286956521875 0.8130434781250001 0.36521739062499997 0.8043478265624999 0.3710144921875 0.8 0.40289855 0.7456521734375 0.47246376874999996 0.67608695625 0.5304347828125 0.67608695625 0.5449275359375 0.689130434375 0.5536231890625001 0.9934782609375 0.52463768125 0.9934782609375 0.3507246375 0.9869565218749999 0.3333333328125 0.9934782609375 0.32463768125 0.9934782609375 0.011594203124999999 0.9652173906250001 0.00289855 0.9608695656249999 0.026086956249999998 0.95 0.0289855078125 0.9434782609375001 0.011594203124999999 0.9304347828124999 0.00289855 0.8826086953125 0 0.865217390625 0.0057971015624999995 0.863043478125 0.014492753124999999 0.8369565218749999 0.014492753124999999 0.8326086953124999 0.026086956249999998 0.8369565218749999 0.05507246406250001 0.8282608703125 0.22318840624999997 0.8369565218749999 0.22318840624999997 0.8391304343750001 0.23188405781250002
2 0.67608695625 0.1304347828125 0.686956521875 0.13333333281249998 0.67608695625 0.1536231890625 0.6717391296875 0.188405796875 0.67608695625 0.240579709375 0.6695652171875001 0.2434782609375 0.6782608703124999 0.24927536250000001 0.6782608703124999 0.260869565625 0.665217390625 0.2927536234375 0.6717391296875 0.2840579703125 0.689130434375 0.2927536234375 0.6804347828124999 0.27246376875 0.6826086953125 0.260869565625 0.686956521875 0.2521739125 0.6978260875 0.2666666671875 0.686956521875 0.24927536250000001 0.7086956515625 0.2434782609375 0.710869565625 0.214492753125 0.7217391296875 0.2 0.7434782609374999 0.0202898546875 0.7347826093750001 0 0.6782608703124999 0.00289855 0.67608695625 0.0202898546875 0.686956521875 0.0463768109375 0.67608695625 0.052173912499999996 0.67608695625 0.0811594203125 0.6586956515625 0.089855071875 0.6478260875 0.0695652171875 0.639130434375 0.089855071875 0.6434782609374999 0.1072463765625 0.67391304375 0.1072463765625 0.67608695625 0.1304347828125
2 0.13695652187500001 0 0.1173913046875 0.0086956515625 0.086956521875 0 0.06521739062500001 0.0086956515625 0.032608695312500005 0 0 0.0086956515625 0 0.0811594203125 0.0086956515625 0.0927536234375 0.0086956515625 0.1072463765625 0 0.1159420296875 0 0.13333333281249998 0.0086956515625 0.14782608749999998 0 0.1565217390625 0 0.3333333328125 0.0086956515625 0.3565217390625 0 0.3681159421875 0 0.4956521734375 0.032608695312500005 0.4956521734375 0.0413043484375 0.5043478265625 0.086956521875 0.4927536234375 0.1 0.5449275359375 0.08260869531250001 0.5565217390625 0.060869565625 0.5565217390625 0.039130434375 0.57391304375 0.036956521874999995 0.6057971015625 0.0543478265625 0.6202898546875 0.08260869531250001 0.6289855078125 0.210869565625 0.6289855078125 0.310869565625 0.60289855 0.3282608703125 0.585507246875 0.3195652171875 0.5536231890625001 0.3282608703125 0.5565217390625 0.315217390625 0.4550724640625 0.30434782656250003 0.4289855078125 0.313043478125 0.42318840625 0.32608695625 0.4318840578125 0.3434782609375 0.46666666718750005 0.41956521718750006 0.46086956562500003 0.41956521718750006 0.388405796875 0.434782609375 0.385507246875 0.439130434375 0.4463768109375 0.4434782609375 0.4550724640625 0.46956521718750005 0.4550724640625 0.47608695624999997 0.4492753625 0.47608695624999997 0.36521739062499997 0.465217390625 0.32753623125 0.484782609375 0.32463768125 0.489130434375 0.3333333328125 0.5043478265625 0.4521739125 0.586956521875 0.4492753625 0.610869565625 0.42608695625 0.6195652171875 0.3159420296875 0.615217390625 0.00289855 0.565217390625 0 0.5217391296875 0.0086956515625 0.484782609375 0 0.3434782609375 0 0.27608695625 0.0086956515625 0.260869565625 0 0.13695652187500001 0
2 0.436956521875 0.3710144921875 0.4434782609375 0.4492753625 0.47173912968750004 0.4550724640625 0.47608695624999997 0.4 0.46086956562500003 0.385507246875 0.47173912968750004 0.3710144921875 0.47173912968750004 0.3536231890625 0.43043478281249997 0.32753623125 0.42608695625 0.3333333328125 0.4326086953125 0.33623188437499996 0.4282608703125 0.3478260875 0.436956521875 0.3710144921875
2 0.33046875 0.27421875 0.0046875 0.003125
2 0.38260869531249997 0.2521739125 0.389130434375 0.2521739125 0.386956521875 0.24637681093750002 0.38260869531249997 0.2521739125
2 0.32173912968749996 0.214492753125 0.315217390625 0.214492753125 0.315217390625 0.22318840624999997 0.32608695625 0.2202898546875 0.32173912968749996 0.214492753125
2 0.48515625 0.18984375 0.0046875 0.003125
2 0.315217390625 0.16521739062500002 0.3326086953125 0.16521739062500002 0.3195652171875 0.162318840625 0.315217390625 0.16521739062500002
2 0.37608695625 0.1942028984375 0.38260869531249997 0.20579710156250003 0.40434782656249996 0.20869565156249997 0.439130434375 0.1942028984375 0.465217390625 0.2 0.46086956562500003 0.1565217390625 0.45434782656249995 0.162318840625 0.439130434375 0.1536231890625 0.439130434375 0.1710144921875 0.41521739062499996 0.17681159375 0.413043478125 0.188405796875 0.386956521875 0.18260869531249999 0.3695652171875 0.14782608749999998 0.360869565625 0.1507246375 0.3565217390625 0.16811594218749998 0.339130434375 0.1710144921875 0.339130434375 0.2 0.3478260875 0.1913043484375 0.36521739062499997 0.20289855 0.37608695625 0.1942028984375
2 0.315217390625 0.46086956562500003 0.3021739125 0.437681159375 0.3086956515625 0.42028985468749996 0.3195652171875 0.42028985468749996 0.336956521875 0.46086956562500003 0.3478260875 0.46956521718750005 0.41521739062499996 0.46086956562500003 0.42173912968750005 0.4434782609375 0.41956521718750006 0.4 0.40869565156250004 0.37391304375 0.410869565625 0.3536231890625 0.49347826093749997 0.34492753593750003 0.5043478265625 0.3942028984375 0.5043478265625 0.4492753625 0.510869565625 0.4521739125 0.5826086953125 0.4492753625 0.610869565625 0.42028985468749996 0.613043478125 0.00289855 0.0043478265625 0.0057971015624999995 0 0.489855071875 0.213043478125 0.4840579703125 0.313043478125 0.46956521718750005 0.315217390625 0.46086956562500003
2 0.5086956515625001 0.2956521734375 0.5043478265625 0.30434782656250003 0.513043478125 0.3072463765625 0.5152173906249999 0.2927536234375 0.5086956515625001 0.2956521734375
2 0.46739130468749995 0.28985507187500004 0.48260869531250006 0.32463768125 0.5 0.32173912968749996 0.4978260875 0.3072463765625 0.5043478265625 0.3072463765625 0.49347826093749997 0.301449275 0.5 0.27536231875 0.49347826093749997 0.2521739125 0.48260869531250006 0.24637681093750002 0.42608695625 0.2550724640625 0.42608695625 0.301449275 0.45434782656249995 0.3072463765625 0.45869565156250003 0.28985507187500004 0.46739130468749995 0.28985507187500004
2 0.47173912968750004 0.3400966171875 0.47173912968750004 0.33623188437499996 0.486956521875 0.3333333328125 0.4782608703125 0.3188405796875 0.486956521875 0.30434782656250003 0.48043478281249996 0.301449275 0.489130434375 0.28985507187500004 0.48260869531250006 0.27246376875 0.486956521875 0.260869565625 0.463043478125 0.24927536250000001 0.4326086953125 0.2521739125 0.4326086953125 0.28115942031249996 0.42608695625 0.286956521875 0.436956521875 0.301449275 0.4478260875 0.2927536234375 0.46956521718750005 0.32463768125 0.47173912968750004 0.3400966171875
2 0.49347826093749997 0.385507246875 0.4782608703125 0.37681159375 0.4782608703125 0.3681159421875 0.49347826093749997 0.3681159421875 0.486956521875 0.359420290625 0.47608695624999997 0.36521739062499997 0.47371541562499997 0.354150196875 0.48260869531250006 0.41739130468749996 0.4782608703125 0.585507246875 0.486956521875 0.60289855 0.4978260875 0.5420289859375 0.4978260875 0.40869565156250004 0.48260869531250006 0.4 0.49347826093749997 0.385507246875
2 0.2413043484375 0.6289855078125 0.310869565625 0.6086956515625 0.3326086953125 0.585507246875 0.3326086953125 0.5536231890625001 0.310869565625 0.536231884375 0.213043478125 0.52753623125 0.2043478265625 0.5159420296875 0.2043478265625 0.4927536234375 0.1913043484375 0.486956521875 0.16521739062500002 0.489855071875 0.16521739062500002 0.510144928125 0.1521739125 0.5333333328125 0.10869565156250001 0.536231884375 0.039130434375 0.5681159421875 0.039130434375 0.611594203125 0.060869565625 0.62608695625 0.1 0.6318840578125 0.2413043484375 0.6289855078125
2 0.534782609375 0.5884057968749999 0.5217391296875 0.6086956515625 0.55 0.5942028984375 0.55 0.585507246875 0.534782609375 0.5884057968749999
2 0.4282608703125 0.6086956515625 0.48260869531250006 0.611594203125 0.47608695624999997 0.5507246375 0.4478260875 0.5507246375 0.439130434375 0.5884057968749999 0.42608695625 0.5884057968749999 0.40869565156250004 0.5681159421875 0.39782608750000004 0.57391304375 0.3934782609375 0.5884057968749999 0.41521739062499996 0.6086956515625 0.42608695625 0.5942028984375 0.4282608703125 0.6086956515625
2 0.665217390625 0.4 0.665217390625 0.42028985468749996 0.6782608703124999 0.40579710156250004 0.6695652171875001 0.40869565156250004 0.665217390625 0.4
2 0.73828125 0.0375 0.00234375 0.00546875
2 0.8478260875 0.011594203124999999 0.8369565218749999 0 0.8326086953124999 0.014492753124999999 0.865217390625 0.0086956515625 0.85 0 0.8478260875 0.011594203124999999
2 0.8043478265624999 0 0.8 0.011594203124999999 0.8108695656249999 0.014492753124999999 0.8152173906250001 0 0.8043478265624999 0
2 0.77608695625 0 0.7826086953125 0.014492753124999999 0.786956521875 0 0.77608695625 0
2 0.7826086953125 0.014492753124999999 0.77608695625 0.0173913046875 0.7782608703125 0.0289855078125 0.7826086953125 0.014492753124999999
2 0.6217391296875 0 0.62608695625 0.388405796875 0.65 0.38260869531249997 0.6717391296875 0.3478260875 0.67608695625 0.3159420296875 0.6913043484375 0.3072463765625 0.6978260875 0.2927536234375 0.6934782609375 0.1797101453125 0.7 0.12463768125000001 0.7 0.0086956515625 0.686956521875 0 0.6217391296875 0
2 0.1421875 0.62734375 0.0109375 0.003125
2 0.21521739062499998 0.6231884062499999 0.22173912968749998 0.62608695625 0.2195652171875 0.614492753125 0.21521739062499998 0.6231884062499999
2 0.16521739062500002 0.611594203125 0.15 0.6289855078125 0.16521739062500002 0.6202898546875 0.18260869531249999 0.6289855078125 0.16521739062500002 0.611594203125
2 0.1217391296875 0.6202898546875 0.1326086953125 0.6289855078125 0.1304347828125 0.611594203125 0.115217390625 0.611594203125 0.1 0.62608695625 0.113043478125 0.6202898546875 0.1184782609375 0.6289855078125 0.1217391296875 0.6202898546875
2 0.09375 0.575 0.00859375 0.003125
2 0.1717391296875 0.5710144921875 0.16521739062500002 0.57681159375 0.17826087031249999 0.5826086953125 0.18260869531249999 0.5710144921875 0.1717391296875 0.5710144921875
2 0.08515625 0.56953125 0.0046875 0.003125
2 0.436956521875 0.385507246875 0.439130434375 0.4492753625 0.4478260875 0.46086956562500003 0.45869565156250003 0.46086956562500003 0.47608695624999997 0.4521739125 0.47173912968750004 0.3478260875 0.4521739125 0.32173912968749996 0.439130434375 0.3159420296875 0.4326086953125 0.32463768125 0.4282608703125 0.3072463765625 0.42173912968750005 0.3159420296875 0.43043478281249997 0.32173912968749996 0.42173912968750005 0.32753623125 0.436956521875 0.385507246875
2 0.38515625 0.30546875 0.0046875 0.00859375
2 0 0.4956521734375 0.0065217390624999995 0.4956521734375 0.0086956515625 0.5072463765624999 0.05 0.5072463765624999 0.0717391296875 0.5014492749999999 0.07608695625 0.489855071875 0.0978260875 0.5014492749999999 0.1 0.489855071875 0.1521739125 0.486956521875 0.1695652171875 0.489855071875 0.18260869531249999 0.5043478265625 0.17608695624999998 0.5217391296875 0.186956521875 0.5159420296875 0.2021739125 0.52753623125 0.1934782609375 0.4956521734375 0.2 0.486956521875 0.315217390625 0.46956521718750005 0.315217390625 0.4521739125 0.30434782656250003 0.434782609375 0.310869565625 0.42318840625 0.3282608703125 0.437681159375 0.3434782609375 0.46956521718750005 0.41521739062499996 0.46376811562500003 0.42173912968750005 0.4550724640625 0.42173912968750005 0.40579710156250004 0.410869565625 0.3507246375 0.4 0.32753623125 0.3934782609375 0.3304347828125 0.3782608703125 0.3159420296875 0.3695652171875 0.2927536234375 0.3956521734375 0.2695652171875 0.40652173906250005 0.27246376875 0.410869565625 0.286956521875 0.42173912968750005 0.286956521875 0.42608695625 0.27246376875 0.413043478125 0.2521739125 0.41956521718750006 0.234782609375 0.4326086953125 0.24637681093750002 0.484782609375 0.24637681093750002 0.49347826093749997 0.2550724640625 0.486956521875 0.27246376875 0.49347826093749997 0.2782608703125 0.486956521875 0.3304347828125 0.4978260875 0.3710144921875 0.5043478265625 0.4521739125 0.586956521875 0.4492753625 0.615217390625 0.41449275312499995 0.615217390625 0.00289855 0.010869565624999999 0.00289855 0 0.0057971015624999995 0 0.4956521734375
2 0.310869565625 0.4289855078125 0.310869565625 0.440579709375 0.32173912968749996 0.46376811562500003 0.3326086953125 0.46376811562500003 0.3326086953125 0.4840579703125 0.3478260875 0.486956521875 0.35 0.510144928125 0.360869565625 0.5159420296875 0.3695652171875 0.5072463765624999 0.3782608703125 0.5188405796875 0.3695652171875 0.52753623125 0.38260869531249997 0.52753623125 0.38260869531249997 0.5449275359375 0.40869565156250004 0.5507246375 0.40724565156250003 0.566182609375 0.41666739062499997 0.578744928125 0.42608695625 0.5710144921875 0.42608695625 0.5942028984375 0.434782609375 0.6086956515625 0.436956521875 0.5710144921875 0.4282608703125 0.5623188406249999 0.436956521875 0.5565217390625 0.4282608703125 0.5536231890625001 0.436956521875 0.540579709375 0.436956521875 0.52463768125 0.4282608703125 0.5333333328125 0.42608695625 0.52463768125 0.436956521875 0.5086956515625001 0.42608695625 0.5072463765624999 0.436956521875 0.4927536234375 0.4282608703125 0.486956521875 0.436956521875 0.47681159375000004 0.436956521875 0.46086956562500003 0.42608695625 0.436231884375 0.4326086953125 0.42028985468749996 0.42608695625 0.42028985468749996 0.363043478125 0.5043478265625 0.32608695625 0.4521739125 0.3195652171875 0.4318840578125 0.310869565625 0.4289855078125
2 0.42608695625 0.388405796875 0.42608695625 0.40869565156250004 0.4282608703125 0.40289855 0.42608695625 0.388405796875