2 0.577777778125 0.9708333328125001 0.5555555562500001 0.9625 0.5583333328125 0.9979166671874999 0.602777778125 0.9979166671874999 0.577777778125 0.9708333328125001
2 0.9305555562500001 0.9375 0.952777778125 0.9479166671874999 0.99444444375 0.95 0.99444444375 0.7375 0.9055555562500001 0.74375 0.88055555625 0.7625 0.86944444375 0.7875 0.86944444375 0.8354166671875 0.897222221875 0.9041666671874999 0.9305555562500001 0.9375
2 0.86944444375 0.5166666671875 0.877777778125 0.5229166671875001 0.875 0.5104166671875 0.86944444375 0.5166666671875
2 0.9083333328125001 0.6125 0.9277777781250001 0.6125 0.99444444375 0.5895833328125 0.99444444375 0.4479166671875 0.9305555562500001 0.4625 0.91944444375 0.4875 0.9138888890624999 0.5291666671875 0.8916666671875 0.5625 0.8916666671875 0.5854166671875001 0.9083333328125001 0.6125
2 0.5916666671875 0.39791666718749996 0.6083333328125 0.38125 0.6166666671875001 0.35625 0.602777778125 0.3125 0.5666666671875 0.29375 0.55 0.29375 0.502777778125 0.3166666671875 0.49444444374999996 0.35 0.5166666671875 0.3854166671875 0.54444444375 0.4 0.5916666671875 0.39791666718749996
2 0.70555555625 0.9916666671875 0.702777778125 0.9979166671874999 0.75555555625 0.9979166671874999 0.7388888890625 0.9875 0.70555555625 0.9916666671875
2 0.30555555624999997 0.2972229171875 0.30555555624999997 0.32083333281250004 0.31944444375000003 0.3604166671875 0.38055555625 0.40625 0.4166666671875 0.4770833328125 0.4361111109375 0.5 0.46944444374999994 0.51875 0.477777778125 0.50625 0.45555555625000005 0.4916666671875 0.43055555625 0.4604166671875 0.425 0.4125 0.3416666671875 0.3479166671875 0.33888888906250003 0.33125 0.322222221875 0.3125 0.322222221875 0.2916666671875 0.33888888906250003 0.2854166671875 0.3416666671875 0.26875 0.3333333328125 0.2625 0.3166666671875 0.27291666718749996 0.30555555624999997 0.2854166671875 0.31944444375000003 0.29375 0.31944444375000003 0.30416666718749996 0.30555555624999997 0.2972229171875
2 0.952777778125 0.9479166671874999 0.99444444375 0.95 0.99444444375 0.7375 0.9055555562500001 0.74375 0.8833333328125 0.7604166671875 0.86944444375 0.7875 0.86944444375 0.8375 0.897222221875 0.9041666671874999 0.91944444375 0.9291666671875 0.952777778125 0.9479166671874999
2 0.002777778125 0 0 0.1375 0.00555555625 0.13333333281249998 0.019444443750000002 0.15 0.030555556249999997 0.15 0.030555556249999997 0.1416666671875 0.04444444375 0.1416666671875 0.04444444375 0.14791666718750002 0.055555556250000006 0.14791666718750002 0.075 0.1666666671875 0.10833333281249999 0.16875 0.13888888906250002 0.1416666671875 0.14444444375 0.11041666718750001 0.15277777812499999 0.1041666671875 0.15277777812499999 0.09375 0.1416666671875 0.08541666718749999 0.1416666671875 0.075 0.15277777812499999 0.06875 0.14444444375 0.054166667187499996 0.15277777812499999 0.054166667187499996 0.1361111109375 0.0375 0.16388888906250001 0.0166666671875 0.16388888906250001 0 0.1 0 0.097222221875 0.00625 0.077777778125 0 0.002777778125 0
2 0.12222222187500001 0.9479166671874999 0.11944444375 0.99375 0.1416666671875 0.9604166671875 0.13888888906250002 0.94375 0.12222222187500001 0.9479166671874999
2 0.4166666671875 0.47291666718750003 0.46388888906250003 0.51875 0.49444444374999996 0.625 0.50555555625 0.6479166671875001 0.527777778125 0.6666666671875 0.50555555625 0.6895833328125 0.502777778125 0.7041666671875 0.44444444375 0.7333333328125 0.40833333281249995 0.71875 0.34722222187499996 0.7125 0.3 0.725 0.23333333281250002 0.7729166671875001 0.20555555625 0.8333333328125001 0.20833333281250002 0.875 0.222222221875 0.90625 0.24444444375000002 0.9229166671875 0.29444444375 0.9416666671874999 0.35555555625 0.94375 0.3888888890625 0.9375 0.44166666718750003 0.90625 0.46666666718750005 0.9166666671874999 0.4888888890625 0.9166666671874999 0.49444444374999996 0.825 0.48333333281249996 0.8166666671874999 0.48055555625 0.7833333328125 0.4916666671875 0.7666666671875 0.477777778125 0.7625 0.477777778125 0.75625 0.49444444374999996 0.75 0.50555555625 0.7291666671875 0.4888888890625 0.73125 0.4916666671875 0.7125 0.5138888890625 0.7104166671875001 0.5361111109375 0.6729166671875 0.5944444437499999 0.6791666671875001 0.625 0.6645833328124999 0.652777778125 0.6354166671875 0.6555555562500001 0.6125 0.6416666671875 0.5833333328125 0.6416666671875 0.5479166671875 0.627777778125 0.5104166671875 0.5944444437499999 0.4875 0.5666666671875 0.4791666671875 0.5166666671875 0.4875 0.4888888890625 0.50625 0.475 0.50625 0.4583333328125 0.49583333281249997 0.43055555625 0.4604166671875 0.425 0.4166666671875 0.33055555625 0.3333333328125 0.31944444375000003 0.3104166671875 0.32777777812500003 0.275 0.30555555624999997 0.2854166671875 0.30555555624999997 0.3166666671875 0.322222221875 0.3604166671875 0.3888888890625 0.4125 0.4166666671875 0.47291666718750003
2 0 0.1354166671875 0.055555556250000006 0.08541666718749999 0.0638888890625 0.060416667187499995 0.0666666671875 0.014583332812499999 0.058333332812500006 0.0125 0.0666666671875 0.0041666671875 0.025 0.0041666671875 0.0361111109375 0.0229166671875 0 0.01875 0 0.1354166671875
2 0.5416666671875 0.675 0.5944444437499999 0.6791666671875001 0.6138888890625 0.6729166671875 0.6416666671875 0.6541666671875 0.6555555562500001 0.63125 0.6555555562500001 0.59375 0.64444444375 0.5833333328125 0.63055555625 0.5125 0.602777778125 0.4916666671875 0.5666666671875 0.4791666671875 0.51944444375 0.4875 0.48333333281249996 0.5104166671875 0.46666666718750005 0.5291666671875 0.46666666718750005 0.55 0.5083333328124999 0.6541666671875 0.5416666671875 0.675
2 0.5638888890625 0.75625 0.5666666671875 0.74375 0.5666666671875 0.7375 0.5555555562500001 0.7375 0.5527777781250001 0.725 0.5527777781250001 0.7395833328125 0.54444444375 0.7416666671875001 0.55 0.7604166671875 0.5638888890625 0.75625
2 0.325 0.70859375 0.00546875 0.00390625
2 0.28055555625 0.6916666671875 0.275 0.7229166671875 0.29444444375 0.71875 0.3 0.6791666671875001 0.28055555625 0.6916666671875
2 0.546875 0.64609375 0.00546875 0.00390625
2 0.034375 0.43984375 0.00859375 0.00390625
2 0.055555556250000006 0.39375 0.05 0.4 0.0416666671875 0.39791666718749996 0.0388888890625 0.41875 0.052777778124999994 0.4291666671875 0.0638888890625 0.4 0.055555556250000006 0.39375
2 0.1416666671875 0.225 0.15 0.23541666718749998 0.15 0.225 0.1416666671875 0.225
2 0.00703125 0.22578125 0.003125 0.00625
2 0.0916666671875 0.1416666671875 0.10555555624999999 0.1354166671875 0.102777778125 0.1291666671875 0.0916666671875 0.1416666671875
2 0.05 0.11875 0.030555556249999997 0.11875 0.019444443750000002 0.1291666671875 0.025 0.1375 0.05 0.125 0.05 0.11875
2 0.075 0.08125 0.058333332812500006 0.09375 0.05 0.1041666671875 0.055555556250000006 0.12291666718750001 0.075 0.1291666671875 0.075 0.08125
2 0.030555556249999997 0.22916666718749998 0.002777778125 0.24375 0.00555555625 0.2833333328125 0.030555556249999997 0.3125 0.030555556249999997 0.3416666671875 0.027777778125000003 0.3479166671875 0.00555555625 0.3479166671875 0.013888889062500001 0.35 0.002777778125 0.3729166671875 0.0166666671875 0.3916666671875 0 0.41875 0.0166666671875 0.4166666671875 0.052777778124999994 0.44375 0.00555555625 0.4604166671875 0 0.5166666671875 0.030555556249999997 0.5666666671875 0.10555555624999999 0.64375 0.2416666671875 0.7166666671875 0.252777778125 0.7166666671875 0.25555555625 0.6916666671875 0.2833333328125 0.65 0.3416666671875 0.6625 0.35555555625 0.675 0.425 0.6770833328125 0.44166666718750003 0.6916666671875 0.43333333281249997 0.70625 0.43333333281249997 0.71875 0.44166666718750003 0.7229166671875 0.44444444375 0.6916666671875 0.477777778125 0.6875 0.49444444374999996 0.69375 0.50555555625 0.6791666671875001 0.5388888890625 0.6854166671875 0.5305555562500001 0.7041666671875 0.55 0.7 0.5555555562500001 0.7104166671875001 0.597222221875 0.7270833328124999 0.5916666671875 0.7375 0.6083333328125 0.7395833328125 0.5916666671875 0.75625 0.702777778125 0.7270833328124999 0.8 0.6729166671875 0.8 0.6645833328124999 0.8166666671874999 0.6541666671875 0.8166666671874999 0.6458333328125 0.8388888890624999 0.6291666671875 0.875 0.58125 0.852777778125 0.5145833328125 0.8583333328125 0.475 0.8888888890625 0.48125 0.89444444375 0.53125 0.9055555562500001 0.51875 0.89444444375 0.51875 0.89444444375 0.5083333328124999 0.9055555562500001 0.50694375 0.89444444375 0.5 0.9166666671874999 0.4791666671875 0.9166666671874999 0.45625 0.925 0.4479166671875 0.9166666671874999 0.33541666718749996 0.8888888890625 0.2625 0.8416666671874999 0.1875 0.75 0.10625 0.7083333328125 0.08541666718749999 0.675 0.05625 0.5944444437499999 0.029166667187500002 0.58055555625 0.01875 0.50555555625 0 0.2 0.0041666671875 0.1888888890625 0.01875 0.1416666671875 0.0375 0.10555555624999999 0.0625 0.13055555624999998 0.075 0.1 0.08541666718749999 0.0916666671875 0.0770833328125 0.0888888890625 0.0916666671875 0.15555555625 0.1020833328125 0.15 0.1291666671875 0.1583333328125 0.1291666671875 0.1583333328125 0.1354166671875 0.14444444375 0.1541666671875 0.15277777812499999 0.1666666671875 0.1 0.175 0.08333333281250001 0.1666666671875 0.08055555625000001 0.15625 0.0666666671875 0.1604166671875 0.0333333328125 0.14375 0.027777778125000003 0.15625 0.002777778125 0.15 0 0.2125 0.00555555625 0.21875 0.030555556249999997 0.2125 0.030555556249999997 0.22916666718749998
2 0.3611111109375 0.94375 0.36944444375 0.9375 0.3916666671875 0.9375 0.44166666718750003 0.9041666671874999 0.46666666718750005 0.9166666671874999 0.4888888890625 0.9145833328125 0.4916666671875 0.8333333328125001 0.5 0.825 0.48333333281249996 0.8166666671874999 0.48055555625 0.7833333328125 0.4888888890625 0.7666666671875 0.48055555625 0.7625 0.4916666671875 0.75625 0.50555555625 0.7229166671875 0.49444444374999996 0.7104166671875001 0.5138888890625 0.70625 0.51944444375 0.6854166671875 0.44444444375 0.7333333328125 0.4138888890625 0.71875 0.375 0.7125 0.34722222187499996 0.7125 0.2833333328125 0.73125 0.23055555625 0.775 0.20833333281250002 0.8229166671874999 0.20555555625 0.8625 0.222222221875 0.90625 0.2916666671875 0.9416666671874999 0.3611111109375 0.94375
2 0.30555555624999997 0.3166666671875 0.322222221875 0.3604166671875 0.3916666671875 0.41875 0.43055555625 0.4916666671875 0.447222221875 0.48125 0.45277777812500003 0.48541666718750004 0.43055555625 0.4604166671875 0.427777778125 0.41875 0.33055555625 0.3291666671875 0.325 0.28958333281250004 0.33888888906250003 0.26875 0.3166666671875 0.275 0.30555555624999997 0.2875 0.31944444375000003 0.2916666671875 0.30555555624999997 0.3020833328125 0.31944444375000003 0.30416666718749996 0.322222221875 0.3145833328125 0.30555555624999997 0.3166666671875
2 0.5416666671875 0.675 0.5944444437499999 0.6791666671875001 0.6138888890625 0.6729166671875 0.6388888890625 0.65625 0.6555555562500001 0.63125 0.63055555625 0.5125 0.6 0.4875 0.5694444437499999 0.4791666671875 0.5305555562500001 0.48125 0.4861111109375 0.50625 0.46388888906250003 0.49791666718750005 0.45277777812500003 0.48541666718750004 0.45555555625000005 0.49375 0.44444444375 0.5020833328125 0.46388888906250003 0.51875 0.46666666718750005 0.55 0.5083333328124999 0.6541666671875 0.5416666671875 0.675
2 0.8166666671874999 0.98125 0.79444444375 0.98125 0.7916666671875 0.9729166671874999 0.7805555562500001 0.9875 0.7666666671875 0.9916666671875 0.7423611109375 0.9916666671875 0.74444444375 0.9979166671874999 0.772222221875 0.9979166671874999 0.775 0.9916666671875 0.7861111109375 0.9979166671874999 0.8416666671874999 0.9979166671874999 0.8166666671874999 0.98125
2 0.7388888890625 0.9916666671875 0.70555555625 0.9916666671875 0.702777778125 0.9979166671874999 0.73055555625 0.9979166671874999 0.7388888890625 0.9916666671875
2 0.377777778125 0.9979166671874999 0.40277777812500004 0.9854166671875 0.40833333281249995 0.975 0.425 0.975 0.4888888890625 0.9479166671874999 0.475 0.9354166671874999 0.45277777812500003 0.9375 0.4166666671875 0.9541666671875 0.40277777812500004 0.94375 0.3916666671875 0.9458333328125 0.375 0.96875 0.34444444375 0.9875 0.34444444375 0.9979166671874999 0.377777778125 0.9979166671874999
2 0.40277777812500004 0.9479166671874999 0.40277777812500004 0.9375 0.38333333281250004 0.9375 0.34444444375 0.95625 0.322222221875 0.98125 0.3333333328125 0.99375 0.3888888890625 0.9604166671875 0.40277777812500004 0.9479166671874999
2 0.002777778125 0.0020833328125000002 0.002777778125 0.025 0.0666666671875 0.025 0.0666666671875 0 0.002777778125 0.0020833328125000002
2 0.99444444375 0.31875 0.977777778125 0.3125 0.9583333328125001 0.31875 0.95555555625 0.34375 0.9833333328125 0.3625 0.99444444375 0.3625 0.99444444375 0.31875
2 0.9416666671874999 0.95625 0.9083333328125001 0.95625 0.8916666671875 0.9645833328125001 0.8888888890625 0.9979166671874999 0.99444444375 0.99375 0.99444444375 0.975 0.9416666671874999 0.95625
2 0.5722222218749999 0.7416666671875001 0.5555555562500001 0.7229166671875 0.54444444375 0.725 0.54444444375 0.7604166671875 0.5555555562500001 0.7625 0.5722222218749999 0.75 0.5722222218749999 0.7416666671875001
2 0.315625 0.71171875 0.003125 0.00234375
2 0.3265625 0.70859375 0.00859375 0.00390625
2 0.275 0.725 0.3 0.71875 0.2888888890625 0.7 0.302777778125 0.6791666671875001 0.2888888890625 0.6791666671875001 0.275 0.6979166671875 0.2833333328125 0.7041666671875 0.275 0.7104166671875001 0.275 0.725
2 0.64609375 0.628125 0.003125 0.00625
2 0.5833333328125 0.625 0.58055555625 0.63125 0.5916666671875 0.6354166671875 0.5944444437499999 0.6291666671875 0.5833333328125 0.625
2 0.5484375 0.621875 0.0140625 0.00625
2 0.5583333328125 0.6125 0.5583333328125 0.61875 0.5666666671875 0.6125 0.5583333328125 0.6125
2 0.515625 0.61484375 0.003125 0.00390625
2 0.6083333328125 0.6 0.6166666671875001 0.6 0.6083333328125 0.5854166671875001 0.6083333328125 0.6
2 0.6359375 0.58671875 0.00546875 0.00234375
2 0.5359375 0.56796875 0.0109375 0.00234375
2 0.5944444437499999 0.5625 0.5944444437499999 0.5729166671875 0.6 0.56875 0.5944444437499999 0.5625
2 0.60555555625 0.5645833328125 0.625 0.575 0.625 0.5604166671875 0.60555555625 0.5645833328125
2 0.57890625 0.521875 0.003125 0.00625
2 0.0416666671875 0.39791666718749996 0.0388888890625 0.42291666718750004 0.055555556250000006 0.4291666671875 0.058333332812500006 0.39791666718749996 0.0416666671875 0.39791666718749996
2 0.055555556250000006 0.29375 0.0666666671875 0.2875 0.058333332812500006 0.2854166671875 0.055555556250000006 0.29375
2 0.09296875 0.13984375 0.003125 0.00390625
2 0.05 0.11875 0.027777778125000003 0.11875 0.019444443750000002 0.1375 0.0388888890625 0.1375 0.05 0.1291666671875 0.05 0.11875
2 0.08055555625000001 0.1041666671875 0.061111110937500004 0.0916666671875 0.077777778125 0.08541666718749999 0.075 0.08125 0.061111110937500004 0.0895833328125 0.05 0.1041666671875 0.055555556250000006 0.1270833328125 0.075 0.1291666671875 0.08055555625000001 0.1041666671875
2 0.2388888890625 0 0.23611111093749998 0.01875 0.21944444375 0.0041666671875 0.2 0.0041666671875 0.1916666671875 0.0166666671875 0.14444444375 0.0354166671875 0.10555555624999999 0.060416667187499995 0.0916666671875 0.075 0.0916666671875 0.0875 0.10833333281249999 0.0875 0.13055555624999998 0.07291666718749999 0.13333333281249998 0.08541666718749999 0.15277777812499999 0.09375 0.15277777812499999 0.12291666718750001 0.14444444375 0.13125 0.15 0.14375 0.1416666671875 0.15625 0.15277777812499999 0.1729166671875 0.09444444375 0.1729166671875 0.08055555625000001 0.15625 0.0666666671875 0.1625 0.030555556249999997 0.1416666671875 0.027777778125000003 0.15625 0 0.15 0 0.21458333281250003 0.00555555625 0.2270833328125 0.019444443750000002 0.23125 0.002777778125 0.24583333281250003 0.00555555625 0.2916666671875 0.027777778125000003 0.3125 0.027777778125000003 0.3416666671875 0.019444443750000002 0.35 0.00555555625 0.35 0 0.3708333328125 0.0166666671875 0.3854166671875 0.0166666671875 0.3958333328125 0 0.40625 0 0.42291666718750004 0.013888889062500001 0.42291666718750004 0.0333333328125 0.44375 0.002777778125 0.4625 0 0.5166666671875 0.030555556249999997 0.5666666671875 0.08333333281250001 0.6229166671875 0.097222221875 0.6270833328125 0.10555555624999999 0.6416666671875 0.15555555625 0.675 0.2416666671875 0.7166666671875 0.25555555625 0.7125 0.25555555625 0.6895833328125 0.2666666671875 0.6854166671875 0.26944444375 0.6645833328124999 0.28055555625 0.6541666671875 0.3083333328125 0.65625 0.33055555625 0.6666666671875 0.3361111109375 0.6625 0.36944444375 0.6791666671875001 0.427777778125 0.68125 0.4388888890625 0.6979166671875 0.43055555625 0.7145833328125 0.44166666718750003 0.725 0.44166666718750003 0.69375 0.4916666671875 0.6979166671875 0.5138888890625 0.6791666671875001 0.5166666671875 0.6666666671875 0.547222221875 0.6666666671875 0.5527777781250001 0.6791666671875001 0.5305555562500001 0.6875 0.5305555562500001 0.7104166671875001 0.5944444437499999 0.725 0.6 0.7354166671875 0.5916666671875 0.7375 0.5916666671875 0.75625 0.6805555562500001 0.7375 0.727777778125 0.7166666671875 0.7833333328125 0.6791666671875001 0.8055555562500001 0.675 0.8194444437499999 0.6458333328125 0.877777778125 0.5791666671875 0.877777778125 0.55 0.8888888890625 0.5479166671875 0.8888888890625 0.5354166671875 0.902777778125 0.53125 0.9055555562500001 0.5229166671875001 0.8888888890625 0.5229166671875001 0.8888888890625 0.5104166671875 0.9138888890624999 0.49791666718750005 0.9277777781250001 0.425 0.925 0.35 0.902777778125 0.2916666671875 0.875 0.2375 0.8583333328125 0.22291666718749997 0.85555555625 0.20416666718749998 0.8222222218749999 0.1666666671875 0.6777777781250001 0.05625 0.527777778125 0 0.2388888890625 0
2 0.8055555562500001 0.9979166671874999 0.8222222218749999 0.9979166671874999 0.8138888890624999 0.99375 0.8055555562500001 0.9979166671874999
2 0.74126944375 0.9979166671874999 0.74444444375 0.9916666671875 0.70555555625 0.9916666671875 0.6972222218749999 0.9979166671874999 0.74126944375 0.9979166671874999
2 0.8 0.9979166671874999 0.8027777781250001 0.9916666671875 0.74444444375 0.9916666671875 0.755952778125 0.9979166671874999 0.8 0.9979166671874999
2 0.99444444375 0.16875 0.98055555625 0.16875 0.98055555625 0.1916666671875 0.99444444375 0.19375 0.99444444375 0.16875
2 0.058333332812500006 0.1541666671875 0.08055555625000001 0.16875 0.102777778125 0.16875 0.11388888906250001 0.1625 0.1166666671875 0.15 0.13888888906250002 0.1375 0.15277777812499999 0.10625 0.13888888906250002 0.08333333281250001 0.15277777812499999 0.06875 0.14444444375 0.0625 0.15277777812499999 0.054166667187499996 0.1166666671875 0.05 0.127777778125 0.0375 0.15555555625 0.029166667187500002 0.1666666671875 0 0.077777778125 0.0041666671875 0.0666666671875 0.0395833328125 0.075 0.0979166671875 0.0666666671875 0.1270833328125 0.055555556250000006 0.1354166671875 0.058333332812500006 0.1541666671875
2 0.7138888890625 0.9916666671875 0.71851944375 0.9979166671874999 0.88055555625 0.9979166671874999 0.8888888890625 0.94375 0.875 0.9166666671874999 0.852777778125 0.8979166671875 0.7916666671875 0.89375 0.7416666671875001 0.9291666671875 0.73055555625 0.95 0.73055555625 0.98125 0.702777778125 0.9979166671874999 0.7138888890625 0.9916666671875
2 0.877777778125 0.53125 0.88055555625 0.5125 0.86944444375 0.50625 0.877777778125 0.53125
2 0.86944444375 0.49375 0.877777778125 0.49791666718750005 0.875 0.4916666671875 0.86944444375 0.49375
2 0.9055555562500001 0.6125 0.9305555562500001 0.6125 0.99444444375 0.5916666671875 0.99444444375 0.4479166671875 0.9305555562500001 0.4625 0.91944444375 0.48541666718750004 0.9138888890624999 0.5229166671875001 0.8916666671875 0.5583333328125 0.8916666671875 0.5895833328125 0.9055555562500001 0.6125