2 0.1272727265625 0.49696969687500003 0.1727272734375 0.46666666718750005 0.190909090625 0.39393939375000003 0.1878787875 0.36060606093750003 0.1 0.3575757578125 0.078787878125 0.36060606093750003 0.08181818125 0.5363636359374999 0.096969696875 0.5333333328125 0.1272727265625 0.49696969687500003
2 0.51818181875 0.6363636359375 0.58181818125 0.6363636359375 0.5878787875 0.6272727265625 0.5666666671875 0.578787878125 0.5696969703125 0.5484848484375 0.6 0.48484848437499994 0.6272727265625 0.4515151515625 0.6303030296875 0.396969696875 0.6515151515625 0.36060606093750003 0.5333333328125 0.36060606093750003 0.5363636359374999 0.61818181875 0.51818181875 0.6303030296875 0.5060606062499999 0.624242425 0.51818181875 0.6363636359375
2 0.9242424249999999 0.6363636359375 0.9242424249999999 0.36060606093750003 0.6575757578125 0.36060606093750003 0.6333333328124999 0.4 0.6303030296875 0.45454545468749996 0.6 0.49090909062500004 0.6 0.524242425 0.578787878125 0.5515151515625 0.575757575 0.5848484843749999 0.6 0.61818181875 0.6 0.6363636359375 0.9242424249999999 0.6363636359375
2 0.2636363640625 0.58181818125 0.278787878125 0.578787878125 0.29393939375 0.596969696875 0.28181818125 0.60606060625 0.3393939390625 0.59393939375 0.39393939375000003 0.596969696875 0.403030303125 0.5848484843749999 0.41818181875000004 0.59393939375 0.45454545468749996 0.59393939375 0.46060606093749995 0.5848484843749999 0.49696969687500003 0.59393939375 0.5060606062499999 0.58181818125 0.503030303125 0.5636363640625001 0.49090909062500004 0.5575757578125 0.46060606093749995 0.5666666671875 0.4515151515625 0.5575757578125 0.41212121249999994 0.5606060609375 0.40606060624999996 0.578787878125 0.396969696875 0.5575757578125 0.3363636359375 0.5575757578125 0.290909090625 0.5696969703125 0.28181818125 0.5636363640625001 0.27272727343750003 0.5727272734375 0.2363636359375 0.5575757578125 0.2121212125 0.5666666671875 0.2121212125 0.5848484843749999 0.2272727265625 0.596969696875 0.2606060609375 0.596969696875 0.2636363640625 0.58181818125
2 0.51328125 0.559375 0.003125 0.003125
2 0.521212121875 0.58181818125 0.49696969687500003 0.5575757578125 0.4393939390625 0.5545454546874999 0.409090909375 0.51818181875 0.275757575 0.509090909375 0.2272727265625 0.5454545453125 0.2 0.5909090906250001 0.19393939375 0.6121212125 0.41212121249999994 0.615151515625 0.5 0.6121212125 0.521212121875 0.58181818125
2 0.79393939375 0.3575757578125 0.7363636359375 0.3575757578125 0.7363636359375 0.4 0.79393939375 0.4 0.79393939375 0.3575757578125
2 0.5272727265625 0.36060606093750003 0.096969696875 0.3575757578125 0.078787878125 0.36060606093750003 0.078787878125 0.6121212125 0.5303030296875 0.609090909375 0.5272727265625 0.36060606093750003
2 0.784848484375 0.5515151515625 0.7878787875000001 0.5393939390625 0.809090909375 0.5515151515625 0.9212121218749999 0.5515151515625 0.9242424249999999 0.36060606093750003 0.6636363640625 0.3575757578125 0.6333333328124999 0.4 0.6303030296875 0.46060606093749995 0.6121212125 0.48484848437499994 0.6121212125 0.5515151515625 0.7515151515625 0.5515151515625 0.775757575 0.5363636359374999 0.784848484375 0.5515151515625
2 0.18181818125 0.596969696875 0.24545454531250002 0.521212121875 0.21818181874999998 0.48181818125 0.1727272734375 0.4696969703125 0.10909090937499999 0.524242425 0.10606060625 0.5393939390625 0.1272727265625 0.575757575 0.1515151515625 0.59393939375 0.18181818125 0.596969696875
2 0.4515151515625 0.6303030296875 0.46666666718750005 0.6393939390625001 0.4575757578125 0.61818181875 0.4515151515625 0.6303030296875
2 0.11515151562499999 0.624242425 0.11818181875 0.6333333328124999 0.1272727265625 0.6272727265625 0.11515151562499999 0.624242425
2 0.16363636406249998 0.6121212125 0.17878787812500002 0.621212121875 0.1727272734375 0.6363636359375 0.43333333281249997 0.6363636359375 0.43636363593749994 0.624242425 0.45454545468749996 0.615151515625 0.4696969703125 0.615151515625 0.4696969703125 0.6272727265625 0.48484848437499994 0.6363636359375 0.9242424249999999 0.6333333328124999 0.9242424249999999 0.36060606093750003 0.5575757578125 0.3575757578125 0.5303030296875 0.36666666718749996 0.43333333281249997 0.36060606093750003 0.4272727265625 0.36969697031250004 0.415151515625 0.36060606093750003 0.4 0.36969697031250004 0.38181818125 0.36060606093750003 0.16060606093750002 0.36060606093750003 0.1515151515625 0.36969697031250004 0.1393939390625 0.36060606093750003 0.1 0.36060606093750003 0.08181818125 0.36969697031250004 0.078787878125 0.5636363640625001 0.0878787875 0.6363636359375 0.121212121875 0.6121212125 0.16363636406249998 0.6121212125
2 0.1545454546875 0.61818181875 0.1272727265625 0.6303030296875 0.13030302968750002 0.6393939390625001 0.1363636359375 0.6272727265625 0.1666666671875 0.6393939390625001 0.1545454546875 0.61818181875
2 0.7363636359375 0.36060606093750003 0.7303030296874999 0.5333333328125 0.8 0.5363636359374999 0.796969696875 0.36060606093750003 0.7363636359375 0.36060606093750003