1 0.5025000000000001 0.26551724062500004 0.4875 0.3068965515625 0.48 0.42758620625 0.485 0.4413793109375 0.475 0.48965517187499996 0.48 0.5689655171875 0.49749999999999994 0.5931034484375 0.4875 0.6551724140624999 0.51 0.686206896875 0.5625 0.72758620625 0.635 0.7551724140625 0.6725 0.7413793109375 0.75 0.662068965625 0.7575000000000001 0.637931034375 0.8 0.5827586203124999 0.7849999999999999 0.5551724140625 0.6849999999999999 0.5034482765625 0.665 0.5034482765625 0.635 0.52758620625 0.605 0.534482759375 0.6375 0.4517241375 0.625 0.1517241375 0.54 0.1482758625 0.44749999999999995 0.17586206875 0.425 0.1931034484375 0.4225 0.2068965515625 0.47000000000000003 0.24482758593749998 0.495 0.24827586250000003 0.5025000000000001 0.26551724062500004
2 0.06999999999999999 0.24827586250000003 0.08 0.2551724140625 0.0775 0.2689655171875 0.10500000000000001 0.2551724140625 0.1025 0.26551724062500004 0.1275 0.2827586203125 0.185 0.3068965515625 0.185 0.2931034484375 0.13999999999999999 0.22758620624999998 0.1125 0.2517241375 0.08499999999999999 0.24827586250000003 0.06999999999999999 0.22758620624999998 0.06999999999999999 0.24827586250000003
2 0.09 0.210344828125 0.09 0.213793103125 0.1075 0.2034482765625 0.09 0.210344828125
2 0.6875 0.1068965515625 0.6275000000000001 0.11379310312499999 0.64 0.3206896546875 0.65 0.334482759375 0.6849999999999999 0.34827586250000003 0.6875 0.1068965515625
2 0.77 0.3068965515625 0.7775000000000001 0.2689655171875 0.77 0.11379310312499999 0.755 0.1034482765625 0.6950000000000001 0.11034482812499999 0.6925 0.34482758593749996 0.7775000000000001 0.389655171875 0.7825 0.34827586250000003 0.77 0.3068965515625
2 0.5075000000000001 0.4793103453125 0.5125 0.510344828125 0.5225 0.5206896546875 0.63 0.42758620625 0.625 0.3034482765625 0.6125 0.2068965515625 0.5900000000000001 0.2068965515625 0.53 0.24482758593749998 0.505 0.24827586250000003 0.51 0.27241379375 0.49749999999999994 0.2931034484375 0.49749999999999994 0.32413793125 0.5075000000000001 0.4793103453125
2 0.6475 0.387931034375 0.6525000000000001 0.4 0.64 0.41034482812500006 0.64 0.46896551718749996 0.65 0.486206896875 0.6725 0.486206896875 0.6975 0.465517240625 0.6925 0.40344827656250004 0.6799999999999999 0.386206896875 0.6925 0.34482758593749996 0.6925 0.07602528593749999 0.6875 0.08620689687500001 0.6575 0.34482758593749996 0.65 0.34482758593749996 0.6475 0.36896551718750004 0.655 0.3827586203125 0.6475 0.387931034375
2 0.8 0 0.8125 0.013793103125000001 0.8125 0.0689655171875 0.8225 0.07241379375 0.8699999999999999 0.0689655171875 0.875 0.0448275859375 0.8875 0.0448275859375 0.8925000000000001 0.06206896562500001 0.9 0.027586206250000002 0.915 0.027586206250000002 0.915 0.013793103125000001 0.9 0.0034482765625000003 0.8949999999999999 0.0206896546875 0.885 0.013793103125000001 0.885 0 0.8 0
2 0.49000000000000005 0.5931034484375 0.47000000000000003 0.5827586203124999 0.375 0.6068965515625 0.37 0.6482758625 0.39249999999999996 0.6655172406250001 0.49000000000000005 0.6206896546875 0.49000000000000005 0.5931034484375
2 0.465 0.386206896875 0.47750000000000004 0.362068965625 0.475 0.3310344828125 0.4625 0.31034482812499997 0.40499999999999997 0.32758620625 0.39 0.34482758593749996 0.34500000000000003 0.3517241375 0.315 0.36896551718750004 0.3225 0.42413793125000004 0.335 0.44827586249999996 0.465 0.386206896875
2 0.1325 0.27241379375 0.145 0.289655171875 0.16499999999999998 0.289655171875 0.1675 0.27241379375 0.14250000000000002 0.24827586250000003 0.14250000000000002 0.22758620624999998 0.1025 0.2 0.0675 0.2068965515625 0.0675 0.234482759375 0.0775 0.24827586250000003 0.1325 0.27241379375
2 0.9199999999999999 0.36896551718750004 0.9324999999999999 0.3931034484375 0.9275 0.44827586249999996 0.97 0.4517241375 0.9974999999999999 0.42068965468749997 0.9974999999999999 0.34827586250000003 0.97 0.3310344828125 0.9099999999999999 0.334482759375 0.86 0.3965517234375 0.8625 0.4172413796875 0.8825 0.42758620625 0.8875 0.3793103453125 0.9199999999999999 0.36896551718750004
2 0.4225 0.8068965515625001 0.4375 0.8068965515625001 0.445 0.789655171875 0.45 0.7068965515625 0.43499999999999994 0.67241379375 0.41 0.6793103453125 0.40499999999999997 0.7172413796875 0.4125 0.7517241375 0.40499999999999997 0.7793103453125 0.4225 0.8068965515625001
2 0.9225 0.46896551718749996 0.93 0.389655171875 0.9175000000000001 0.37241379375 0.8949999999999999 0.37586206875 0.8875 0.389655171875 0.8825 0.46896551718749996 0.8949999999999999 0.48275862031249994 0.9125 0.48275862031249994 0.9225 0.46896551718749996
2 0.8724999999999999 0.0068965515625000005 0.8275 0.0034482765625000003 0.8125 0.0068965515625000005 0.8125 0.0689655171875 0.8675 0.0689655171875 0.8724999999999999 0.0068965515625000005
2 0.7675 0.5413793109375 0.8300000000000001 0.57586206875 0.8574999999999999 0.57241379375 0.9 0.52758620625 0.8925000000000001 0.513793103125 0.835 0.5 0.8 0.47241379375000003 0.7849999999999999 0.48965517187499996 0.7775000000000001 0.47241379375000003 0.765 0.48965517187499996 0.7275 0.5034482765625 0.7224999999999999 0.510344828125 0.7325 0.5206896546875 0.77 0.52758620625 0.7675 0.5413793109375
2 0.3675 0.286206896875 0.355 0.2827586203125 0.355 0.3034482765625 0.34249999999999997 0.313793103125 0.37 0.3 0.3675 0.286206896875
2 0.29 0.34482758593749996 0.3025 0.334482759375 0.3175 0.34137931093749996 0.3125 0.32758620625 0.325 0.313793103125 0.325 0.289655171875 0.3125 0.27241379375 0.34249999999999997 0.26206896562500004 0.34500000000000003 0.24827586250000003 0.325 0.24482758593749998 0.3125 0.22758620624999998 0.2975 0.2310344828125 0.29 0.2517241375 0.27 0.24137931093749998 0.21749999999999997 0.26206896562500004 0.20249999999999999 0.27241379375 0.20750000000000002 0.3068965515625 0.2425 0.3068965515625 0.29 0.34482758593749996
2 0.34249999999999997 0.2206896546875 0.33999999999999997 0.22758620624999998 0.365 0.22413793124999998 0.355 0.213793103125 0.34249999999999997 0.2206896546875
2 0.185 0.289655171875 0.1925 0.2517241375 0.22999999999999998 0.24482758593749998 0.25 0.22758620624999998 0.275 0.22758620624999998 0.2875 0.213793103125 0.3275 0.2068965515625 0.3661666671875 0.1835632171875 0.225 0.08620689687500001 0.052500000000000005 0.12413793125000001 0.05 0.134482759375 0.0675 0.1482758625 0.0625 0.162068965625 0.1525 0.2310344828125 0.155 0.24827586250000003 0.185 0.289655171875
2 0.0775 0.210344828125 0.095 0.22758620624999998 0.0925 0.237931034375 0.052500000000000005 0.24137931093749998 0.05 0.2517241375 0.0775 0.4 0.11499999999999999 0.710344828125 0.12250000000000001 0.72413793125 0.1525 0.765517240625 0.1675 0.77241379375 0.2 0.8241379312499999 0.24500000000000002 0.8655172406249999 0.27375 0.9120689656250001 0.29 0.910344828125 0.28500000000000003 0.92758620625 0.2925 0.92413793125 0.2975 0.9 0.3175 0.910344828125 0.33999999999999997 0.9068965515625 0.4725 0.8068965515625001 0.48 0.7931034484375 0.4725 0.7413793109375 0.47750000000000004 0.6310344828125001 0.4875 0.6068965515625 0.47750000000000004 0.6034482765625 0.46749999999999997 0.46896551718749996 0.48 0.286206896875 0.49749999999999994 0.2689655171875 0.495 0.2551724140625 0.475 0.2551724140625 0.2375 0.089655171875 0.185 0.089655171875 0.052500000000000005 0.12413793125000001 0.057499999999999996 0.15517241406249999 0.08499999999999999 0.189655171875 0.08499999999999999 0.2068965515625 0.0775 0.210344828125
2 0.305 0.5689655171875 0.275 0.57241379375 0.275 0.6068965515625 0.29 0.6068965515625 0.3075 0.5896551718749999 0.305 0.5689655171875
2 0.0625 0.162068965625 0.13999999999999999 0.2206896546875 0.18 0.289655171875 0.1875 0.2931034484375 0.1975 0.27241379375 0.20249999999999999 0.3068965515625 0.21749999999999997 0.3206896546875 0.26 0.32758620625 0.31 0.362068965625 0.40750000000000003 0.3206896546875 0.42750000000000005 0.3068965515625 0.44000000000000006 0.27586206875 0.45499999999999996 0.286206896875 0.465 0.2551724140625 0.3675 0.17586206875 0.2375 0.089655171875 0.1825 0.089655171875 0.14250000000000002 0.1068965515625 0.0925 0.11034482812499999 0.05 0.12413793125000001 0.052500000000000005 0.137931034375 0.0675 0.1482758625 0.0625 0.162068965625
2 0.6275000000000001 0.11379310312499999 0.6425 0.32758620625 0.6849999999999999 0.34827586250000003 0.6875 0.11034482812499999 0.6275000000000001 0.11379310312499999
2 0.7875 0.34827586250000003 0.7725 0.2931034484375 0.7875 0.27241379375 0.8175000000000001 0.26206896562500004 0.8474999999999999 0.2931034484375 0.86 0.386206896875 0.9 0.32413793125 0.9075 0.2827586203125 0.9125 0.07586206875 0.765 0.07586206875 0.75 0.1 0.6975 0.1068965515625 0.6950000000000001 0.2068965515625 0.6925 0.34827586250000003 0.755 0.389655171875 0.7825 0.3931034484375 0.7875 0.34827586250000003
2 0.8025 0.42413793125000004 0.8300000000000001 0.42758620625 0.8375 0.4068965515625 0.85 0.40344827656250004 0.8375 0.386206896875 0.8375 0.37241379375 0.85 0.37241379375 0.8300000000000001 0.36896551718750004 0.8400000000000001 0.34137931093749996 0.8375 0.289655171875 0.8175000000000001 0.26551724062500004 0.7875 0.289655171875 0.7849999999999999 0.3172413796875 0.795 0.365517240625 0.79 0.4068965515625 0.8025 0.42413793125000004
2 0.8074999999999999 0 0.8025 0.0034482765625000003 0.875 0.013793103125000001 0.885 0.0068965515625000005 0.8074999999999999 0
2 0.6900000000000001 0.4 0.64 0.41034482812500006 0.6425 0.48275862031249994 0.6675 0.48965517187499996 0.6975 0.46896551718749996 0.6900000000000001 0.4
2 0.805 0.48965517187499996 0.755 0.48965517187499996 0.755 0.5241379312500001 0.82 0.5241379312500001 0.82 0.5068965515625 0.805 0.48965517187499996
2 0.5025000000000001 0.2689655171875 0.4875 0.3068965515625 0.475 0.48965517187499996 0.48 0.5689655171875 0.5 0.6034482765625 0.5900000000000001 0.5413793109375 0.635 0.46896551718749996 0.635 0.289655171875 0.625 0.1586206890625 0.6075 0.1482758625 0.5349999999999999 0.1482758625 0.445 0.17586206875 0.4225 0.1965517234375 0.4175 0.2068965515625 0.4425 0.22758620624999998 0.5 0.2551724140625 0.5025000000000001 0.2689655171875
2 0.8150000000000001 0 0.8724999999999999 0.0172413796875 0.8775000000000001 0.027586206250000002 0.885 0.013793103125000001 0.9 0.027586206250000002 0.9175000000000001 0.0206896546875 0.9175000000000001 0.010344828125 0.8875 0 0.873 0 0.8724999999999999 0.013793103125000001 0.8585 0 0.8150000000000001 0
2 0.34500000000000003 0.0448275859375 0.3525 0.1034482765625 0.37 0.1034482765625 0.37 0.0482758625 0.34500000000000003 0.0448275859375
2 0.6475 0.7551724140625 0.6775 0.7413793109375 0.7325 0.686206896875 0.765 0.62758620625 0.8025 0.5827586203124999 0.8025 0.5689655171875 0.72 0.513793103125 0.6599999999999999 0.5 0.6375 0.5241379312500001 0.5225 0.5896551718749999 0.4925 0.634482759375 0.4925 0.6655172406250001 0.5625 0.72758620625 0.6 0.7482758625 0.6475 0.7551724140625
2 0.7825 0.189655171875 0.775 0.2 0.775 0.22758620624999998 0.7825 0.2689655171875 0.8175000000000001 0.26206896562500004 0.845 0.289655171875 0.8550000000000001 0.3827586203125 0.8625 0.386206896875 0.875 0.3586206890625 0.8949999999999999 0.34137931093749996 0.9075 0.3068965515625 0.915 0.07586206875 0.7675 0.07586206875 0.76 0.0931034484375 0.775 0.1206896546875 0.775 0.17241379375000002 0.7825 0.189655171875
2 0.8300000000000001 0.465517240625 0.8550000000000001 0.4068965515625 0.8525 0.34482758593749996 0.8400000000000001 0.32413793125 0.845 0.3068965515625 0.82 0.26551724062500004 0.7975 0.27241379375 0.7825 0.2931034484375 0.7775000000000001 0.3068965515625 0.79 0.334482759375 0.7825 0.462068965625 0.8300000000000001 0.465517240625
2 0.315 0.67241379375 0.32 0.7206896546875 0.3125 0.77241379375 0.3225 0.7827586203125 0.315 0.8034482765625001 0.325 0.8241379312499999 0.3175 0.82758620625 0.3325 0.8482758625000001 0.2975 0.886206896875 0.305 0.9034482765625 0.3225 0.910344828125 0.34249999999999997 0.9068965515625 0.35 0.8931034484374999 0.48 0.8 0.48 0.7689655171875 0.47000000000000003 0.7448275859375 0.48 0.6206896546875 0.45 0.62758620625 0.4425 0.5931034484375 0.46749999999999997 0.5827586203124999 0.46749999999999997 0.534482759375 0.45499999999999996 0.562068965625 0.425 0.565517240625 0.42750000000000005 0.586206896875 0.41500000000000004 0.5827586203124999 0.41500000000000004 0.6 0.40499999999999997 0.6068965515625 0.395 0.6034482765625 0.3975 0.5827586203124999 0.375 0.5827586203124999 0.3175 0.62758620625 0.3225 0.6413793109375 0.34249999999999997 0.6448275859375 0.3375 0.6689655171875 0.315 0.67241379375
2 0.46484375 0.50859375 0.0046875 0.003125