3 0.7888888890625 0.8055555562500001 0.7763888890625 0.8055555562500001 0.777777778125 0.8125 0.79305555625 0.8166666671874999 0.7888888890625 0.8055555562500001
3 0.9388888890624999 0.7916666671875 0.9444444437499999 0.79305555625 0.9458333328125 0.7875 0.9541666671875 0.7875 0.9513888890625 0.7833333328125 0.9666666671874999 0.777777778125 0.9763888890624999 0.76805555625 0.9611111109375001 0.7736111109375 0.94305555625 0.7888888890625 0.91944444375 0.797222221875 0.91805555625 0.8 0.9263888890624999 0.7958333328125 0.9277777781250001 0.8 0.9388888890624999 0.7916666671875
3 0.9263888890624999 0.7180555562500001 0.9166666671874999 0.7180555562500001 0.9763888890624999 0.7430555562500001 0.9680555562500001 0.734722221875 0.9263888890624999 0.7180555562500001
3 0.7805555562500001 0.5208333328125 0.79444444375 0.5166666671875 0.7888888890625 0.51805555625 0.7805555562500001 0.5208333328125
3 0.777777778125 0.5486111109375 0.784722221875 0.56805555625 0.7888888890625 0.5666666671875 0.7916666671875 0.5708333328124999 0.7888888890625 0.575 0.7958333328125 0.6 0.79444444375 0.6361111109375 0.8083333328125001 0.6486111109375 0.8083333328125001 0.6541666671875 0.8138888890624999 0.652777778125 0.815972221875 0.6604166671875 0.8222222218749999 0.659722221875 0.8222222218749999 0.6666666671875 0.852777778125 0.684722221875 0.85 0.6888888890625 0.8708333328125001 0.722222221875 0.86944444375 0.7375 0.875 0.7375 0.872222221875 0.7513888890625 0.8763888890624999 0.75 0.875 0.7569444437499999 0.88055555625 0.7597222218749999 0.8763888890624999 0.7638888890625 0.8763888890624999 0.7875 0.8541666671874999 0.8041666671875 0.847222221875 0.8 0.83194444375 0.8041666671875 0.8166666671874999 0.8013888890624999 0.80694444375 0.8055555562500001 0.7958333328125 0.8027777781250001 0.7986111109375 0.8208333328125 0.772222221875 0.8208333328125 0.7430555562500001 0.8125 0.7375 0.8027777781250001 0.747222221875 0.8 0.7430555562500001 0.7888888890625 0.7194444437499999 0.7833333328125 0.6669711546875 0.75877136875 0.66805555625 0.765277778125 0.6763888890625 0.7638888890625 0.6861111109375 0.772222221875 0.6916666671875 0.7708333328125 0.6972222218749999 0.7763888890625 0.6944444437499999 0.7791666671875 0.70555555625 0.7791666671875 0.709722221875 0.79305555625 0.7041666671875 0.797222221875 0.702777778125 0.79305555625 0.6958333328124999 0.7958333328125 0.6958333328124999 0.8013888890624999 0.66805555625 0.8083333328125001 0.6555555562500001 0.81805555625 0.6805555562500001 0.81805555625 0.6875 0.8222222218749999 0.6875 0.83055555625 0.7138888890625 0.8430555562500001 0.784722221875 0.8291666671875 0.8 0.83055555625 0.8055555562500001 0.8416666671874999 0.815277778125 0.847222221875 0.8375 0.8430555562500001 0.8791666671874999 0.815277778125 0.8888888890625 0.8013888890624999 0.890277778125 0.7875 0.8791666671874999 0.7833333328125 0.8791666671874999 0.76944444375 0.8875 0.76944444375 0.8888888890625 0.775 0.89444444375 0.7666666671875 0.9041666671874999 0.7402777781250001 0.897222221875 0.7416666671875001 0.9041666671874999 0.7333333328125 0.9 0.727777778125 0.9041666671874999 0.7263888890625 0.9013888890624999 0.722222221875 0.9055555562500001 0.7180555562500001 0.8986111109375001 0.7208333328125 0.89444444375 0.715277778125 0.897222221875 0.7083333328125 0.9055555562500001 0.7083333328125 0.8986111109375001 0.70555555625 0.8986111109375001 0.6986111109375 0.9041666671874999 0.6972222218749999 0.9013888890624999 0.690277778125 0.8958333328125001 0.69305555625 0.9013888890624999 0.6833333328125 0.890277778125 0.6611111109375 0.89305555625 0.6555555562500001 0.8888888890625 0.6388888890625 0.8833333328125 0.6347222218749999 0.8861111109375001 0.63055555625 0.8791666671874999 0.6152777781250001 0.8791666671874999 0.5958333328125 0.872222221875 0.5861111109375 0.8763888890624999 0.584722221875 0.8625 0.5555555562500001 0.85694444375 0.5555555562500001 0.852777778125 0.5291666671875 0.85555555625 0.5208333328125 0.85 0.5138888890625 0.852777778125 0.50555555625 0.8458333328125001 0.5 0.85 0.490277778125 0.8458333328125001 0.48472222187499997 0.8444444437499999 0.49305555625 0.7569444437499999 0.51944444375 0.75050505 0.5172979796875 0.75555555625 0.5236111109375 0.7666666671875 0.5208333328125 0.7736111109375 0.5333333328125 0.777777778125 0.5305555562500001 0.7791666671875 0.54444444375 0.7736111109375 0.5416666671875 0.7805555562500001 0.5458333328125 0.777777778125 0.5486111109375
3 0.68984375 0.4796875 0.0015625 0.0015625
3 0.81805555625 0.34444444375 0.8055555562500001 0.3513888890625 0.83055555625 0.35972222187499997 0.83055555625 0.36805555624999997 0.82536075 0.377867965625 0.83055555625 0.3791666671875 0.8361111109375001 0.36805555624999997 0.8444444437499999 0.36944444375 0.8416666671874999 0.3763888890625 0.8458333328125001 0.41805555625 0.8486111109375001 0.36805555624999997 0.8625 0.36805555624999997 0.852777778125 0.35694444375 0.8888888890625 0.3541666671875 0.89444444375 0.34444444375 0.9 0.352777778125 0.915277778125 0.34722222187499996 0.9041666671874999 0.3291666671875 0.9111111109375001 0.32083333281250004 0.9277777781250001 0.3125 0.9291666671875 0.3083333328125 0.91944444375 0.30416666718749996 0.9208333328125 0.29305555625 0.9277777781250001 0.290277778125 0.9333333328125001 0.28055555625 0.9305555562500001 0.27777777812500004 0.9083333328125001 0.2833333328125 0.897222221875 0.29305555625 0.89444444375 0.2888888890625 0.8916666671875 0.29305555625 0.8763888890624999 0.29305555625 0.8791666671874999 0.2958333328125 0.872222221875 0.3 0.86944444375 0.29305555625 0.85694444375 0.2958333328125 0.8430555562500001 0.30555555624999997 0.840277778125 0.3013888890625 0.8361111109375001 0.30416666718749996 0.83194444375 0.33194444375 0.8388888890624999 0.3375 0.8388888890624999 0.34305555625 0.8333333328125001 0.3416666671875 0.83194444375 0.3513888890625 0.81805555625 0.34444444375
3 0.2833333328125 0.36944444375 0.28958333281250004 0.365277778125 0.290277778125 0.36944444375 0.30416666718749996 0.36944444375 0.3048611109375 0.365277778125 0.3111111109375 0.36944444375 0.3138888890625 0.3638888890625 0.31805555625 0.36944444375 0.32083333281250004 0.3638888890625 0.3263888890625 0.36805555624999997 0.3291666671875 0.3625 0.3333333328125 0.36805555624999997 0.34027777812500004 0.36666666718749996 0.3375 0.35972222187499997 0.34305555625 0.35555555625 0.3458333328125 0.3611111109375 0.3541666671875 0.35555555625 0.3625 0.36805555624999997 0.365277778125 0.3638888890625 0.3763888890625 0.36805555624999997 0.384722221875 0.3625 0.4 0.3625 0.40555555625000006 0.35694444375 0.39305555625 0.35555555625 0.3888888890625 0.3611111109375 0.38333333281250004 0.35555555625 0.377777778125 0.35972222187499997 0.3638888890625 0.3583333328125 0.3458333328125 0.34861111093749997 0.334722221875 0.35972222187499997 0.30555555624999997 0.33888888906250003 0.30416666718749996 0.3333333328125 0.28611111093749997 0.3416666671875 0.28472222187499996 0.34722222187499996 0.2791666671875 0.34305555625 0.2666666671875 0.35 0.2666666671875 0.3638888890625 0.272222221875 0.36805555624999997 0.27777777812500004 0.3625 0.2833333328125 0.36944444375
3 0.35555555625 0.34444444375 0.3625 0.3458333328125 0.3638888890625 0.3375 0.372222221875 0.3375 0.372222221875 0.33194444375 0.3763888890625 0.3263888890625 0.38055555625 0.3291666671875 0.38194444375000003 0.322222221875 0.35694444375 0.34027777812500004 0.35555555625 0.33194444375 0.34861111093749997 0.3333333328125 0.34305555625 0.32777777812500003 0.34722222187499996 0.3236111109375 0.34305555625 0.32083333281250004 0.31805555625 0.3236111109375 0.3125 0.33055555625 0.3375 0.3263888890625 0.352777778125 0.3375 0.35555555625 0.34444444375
2 0.5916666671875 0.29722222187499997 0.597222221875 0.29305555625 0.590277778125 0.28055555625 0.54444444375 0.28611111093749997 0.525 0.28055555625 0.4763888890625 0.2791666671875 0.45694444375 0.28055555625 0.459722221875 0.302777778125 0.5916666671875 0.30555555624999997 0.5916666671875 0.29722222187499997
2 0.4486111109375 0.28472222187499996 0.45555555625000005 0.2791666671875 0.39305555625 0.28055555625 0.3916666671875 0.302777778125 0.44305555625000004 0.30416666718749996 0.4513888890625 0.2916666671875 0.4486111109375 0.28472222187499996
2 0.99444444375 0.1916666671875 0.9930555562500001 0.18055555625 0.8486111109375001 0.1875 0.8083333328125001 0.184722221875 0.8013888890624999 0.1916666671875 0.815277778125 0.20277777812500003 0.9902777781250001 0.2 0.99444444375 0.1916666671875
2 0.9541666671875 0.30555555624999997 0.9638888890624999 0.309722221875 0.9611111109375001 0.3263888890625 0.9902777781250001 0.325 0.9902777781250001 0.26944444375 0.98055555625 0.26944444375 0.9736111109375001 0.27777777812500004 0.9611111109375001 0.27777777812500004 0.9291666671875 0.2916666671875 0.9277777781250001 0.2958333328125 0.9388888890624999 0.2986111109375 0.940277778125 0.3125 0.9541666671875 0.30555555624999997
2 0.8986111109375001 0.3 0.9055555562500001 0.2958333328125 0.9083333328125001 0.2833333328125 0.925 0.2708333328125 0.897222221875 0.2708333328125 0.8916666671875 0.275 0.8541666671874999 0.272222221875 0.83194444375 0.27777777812500004 0.8361111109375001 0.2958333328125 0.877777778125 0.29305555625 0.8819444437499999 0.3 0.8986111109375001 0.3
2 0 0.48333333281249996 0.025 0.477777778125 0.029166667187500002 0.46805555625000006 0.027777778125000003 0.4486111109375 0.0041666671875 0.440277778125 0 0.440277778125 0 0.48333333281249996
2 0.784722221875 0.8055555562500001 0.7763888890625 0.8055555562500001 0.777777778125 0.8125 0.79305555625 0.81805555625 0.784722221875 0.8055555562500001
2 0.797222221875 0.8055555562500001 0.83055555625 0.8027777781250001 0.8 0.8027777781250001 0.797222221875 0.8055555562500001
2 0.925 0.8 0.934722221875 0.79444444375 0.9263888890624999 0.797222221875 0.925 0.8
2 0.9638888890624999 0.7791666671875 0.9708333328125001 0.7708333328125 0.9611111109375001 0.7736111109375 0.9375 0.79305555625 0.9541666671875 0.7875 0.9583333328125001 0.777777778125 0.9638888890624999 0.7791666671875
2 0.9472222218749999 0.7291666671875 0.9680555562500001 0.7375 0.9541666671875 0.73055555625 0.9472222218749999 0.7291666671875
2 0.73984375 0.5171875 0.00390625 0.0015625
2 0.79305555625 0.51805555625 0.8 0.515277778125 0.7958333328125 0.515277778125 0.79305555625 0.51805555625
2 0.79305555625 0.6319444437499999 0.797222221875 0.6416666671875 0.8 0.6388888890625 0.8027777781250001 0.647222221875 0.8083333328125001 0.647222221875 0.8083333328125001 0.6541666671875 0.827777778125 0.6638888890625 0.8263888890625 0.66805555625 0.8486111109375001 0.68194444375 0.85555555625 0.6958333328124999 0.859722221875 0.6958333328124999 0.859722221875 0.70555555625 0.86944444375 0.7194444437499999 0.8708333328125001 0.7430555562500001 0.88055555625 0.7597222218749999 0.8763888890624999 0.7638888890625 0.8763888890624999 0.784722221875 0.8611111109375 0.8 0.840277778125 0.8027777781250001 0.85555555625 0.8055555562500001 0.85 0.8138888890624999 0.8291666671875 0.8236111109375001 0.8222222218749999 0.825 0.8041666671875 0.81805555625 0.7708333328125 0.8208333328125 0.7416666671875001 0.8125 0.7416666671875001 0.8027777781250001 0.747222221875 0.797222221875 0.7430555562500001 0.7888888890625 0.7208333328125 0.784722221875 0.6919777781249999 0.7717666671875001 0.6944444437499999 0.7791666671875 0.6972222218749999 0.7763888890625 0.709722221875 0.784722221875 0.7083333328125 0.79444444375 0.6986111109375 0.79444444375 0.684722221875 0.8083333328125001 0.66805555625 0.8083333328125001 0.6555555562500001 0.81805555625 0.6625 0.8138888890624999 0.6643513890625 0.81805555625 0.6791666671875001 0.8138888890624999 0.684722221875 0.8166666671874999 0.6833333328125 0.8194444437499999 0.690277778125 0.81805555625 0.684722221875 0.827777778125 0.70694444375 0.8416666671874999 0.7291666671875 0.8416666671874999 0.747222221875 0.8333333328125001 0.7805555562500001 0.83055555625 0.7805555562500001 0.8222222218749999 0.7916666671875 0.8222222218749999 0.79444444375 0.83055555625 0.8055555562500001 0.834722221875 0.8083333328125001 0.8444444437499999 0.825 0.847222221875 0.840277778125 0.8416666671874999 0.8430555562500001 0.8361111109375001 0.8791666671874999 0.815277778125 0.8888888890625 0.8013888890624999 0.890277778125 0.7875 0.8791666671874999 0.7833333328125 0.877777778125 0.765277778125 0.8861111109375001 0.76944444375 0.8888888890625 0.7763888890625 0.9013888890624999 0.752777778125 0.8958333328125001 0.7513888890625 0.8958333328125001 0.74444444375 0.902777778125 0.7430555562500001 0.8986111109375001 0.7333333328125 0.9041666671874999 0.73055555625 0.9013888890624999 0.7208333328125 0.9055555562500001 0.7166666671875 0.8986111109375001 0.7194444437499999 0.897222221875 0.7138888890625 0.9055555562500001 0.7083333328125 0.902777778125 0.7 0.8986111109375001 0.702777778125 0.897222221875 0.69305555625 0.902777778125 0.69305555625 0.8958333328125001 0.6916666671875 0.9013888890624999 0.6833333328125 0.890277778125 0.6611111109375 0.89305555625 0.6541666671875 0.8888888890625 0.6388888890625 0.8833333328125 0.6347222218749999 0.8861111109375001 0.63055555625 0.877777778125 0.60555555625 0.88055555625 0.6013888890625 0.875 0.5916666671875 0.8763888890624999 0.5861111109375 0.8708333328125001 0.5833333328125 0.8625 0.55694444375 0.85694444375 0.5513888890625 0.852777778125 0.5263888890625 0.85555555625 0.522222221875 0.85 0.5125 0.852777778125 0.50555555625 0.8458333328125001 0.5 0.85694444375 0.5555555562500001 0.79305555625 0.5736111109375 0.7819444437499999 0.5541666671875001 0.790277778125 0.51805555625 0.7805555562500001 0.5236111109375 0.7740736109374999 0.5208333328125 0.7763888890625 0.527777778125 0.7662041671875001 0.5208333328125 0.7583333328124999 0.5208333328125 0.777777778125 0.534722221875 0.777777778125 0.540277778125 0.7736111109375 0.5416666671875 0.7805555562500001 0.5458333328125 0.7805555562500001 0.5583333328125 0.79444444375 0.5861111109375 0.79305555625 0.6319444437499999
2 0.73194444375 0.5138888890625 0.7166666671875 0.497222221875 0.7013888890625 0.49305555625 0.7013888890625 0.4875 0.690277778125 0.4791666671875 0.6944444437499999 0.4916666671875 0.702777778125 0.49444444374999996 0.709722221875 0.5041666671875 0.73194444375 0.5138888890625
2 0.8703125 0.3546875 0.00390625 0.0015625
2 0.875 0.29305555625 0.89305555625 0.29444444375 0.89305555625 0.2888888890625 0.875 0.29305555625
2 0.98194444375 0.2791666671875 0.9902777781250001 0.28055555625 0.9888888890624999 0.27777777812500004 0.98194444375 0.2791666671875
2 0.915277778125 0.3166666671875 0.9083333328125001 0.3111111109375 0.91805555625 0.30416666718749996 0.922222221875 0.29444444375 0.9305555562500001 0.29305555625 0.9333333328125001 0.2791666671875 0.9277777781250001 0.27638888906250003 0.909722221875 0.28055555625 0.902777778125 0.290277778125 0.8986111109375001 0.2888888890625 0.9069444437499999 0.29444444375 0.8888888890625 0.3138888890625 0.8833333328125 0.3138888890625 0.88055555625 0.32083333281250004 0.8763888890624999 0.31805555625 0.86944444375 0.322222221875 0.847222221875 0.34444444375 0.8587958328124999 0.3412041671875 0.875 0.3236111109375 0.890277778125 0.34444444375 0.8888888890625 0.3361111109375 0.8958333328125001 0.3375 0.915277778125 0.3166666671875
2 0.8444444437499999 0.35694444375 0.8513888890624999 0.3513888890625 0.8541666671874999 0.35555555625 0.8638888890624999 0.3541666671875 0.847222221875 0.34444444375 0.8430555562500001 0.34861111093749997 0.8361111109375001 0.3416666671875 0.8416666671874999 0.34861111093749997 0.8333333328125001 0.35555555625 0.8263888890625 0.3513888890625 0.8333333328125001 0.3625 0.81805555625 0.3916666671875 0.8208333328125 0.4018513890625 0.8166666671874999 0.40416666718750005 0.8208333328125 0.4106486109375 0.8166666671874999 0.41180555625000004 0.8166666671874999 0.434722221875 0.8444444437499999 0.35694444375
2 0.4583333328125 0.197222221875 0.45694444375 0.19305555624999998 0.4388888890625 0.1875 0.40694444374999994 0.19305555624999998 0.4 0.20138888906250002 0.4375 0.20416666718749998 0.45555555625000005 0.20277777812500003 0.4583333328125 0.197222221875
2 0.40277777812500004 0.32777777812500003 0.40972222187499996 0.33888888906250003 0.427777778125 0.34722222187499996 0.4236111109375 0.34027777812500004 0.40277777812500004 0.32777777812500003
2 0.5930555562500001 0.29305555625 0.5791666671875 0.29444444375 0.6041666671875 0.3 0.6013888890625 0.29444444375 0.5930555562500001 0.29305555625
2 0.45416666718750004 0.28055555625 0.45555555625000005 0.290277778125 0.46498226875000004 0.28427895937500003 0.4625 0.28055555625 0.45416666718750004 0.28055555625
2 0.0146305296875 0.3265911546875 0.0861111109375 0.259722221875 0.13888888906250002 0.26944444375 0.1458333328125 0.2791666671875 0.1666666671875 0.28472222187499996 0.1708333328125 0.2916666671875 0.1875 0.29305555625 0.19583333281249998 0.3 0.28472222187499996 0.334722221875 0.30416666718749996 0.334722221875 0.34027777812500004 0.3458333328125 0.35694444375 0.3583333328125 0.36666666718749996 0.35555555625 0.375 0.365277778125 0.39444444375 0.35694444375 0.36805555624999997 0.3458333328125 0.3708333328125 0.3333333328125 0.365277778125 0.34305555625 0.35694444375 0.34305555625 0.35555555625 0.33888888906250003 0.3513888890625 0.34305555625 0.33888888906250003 0.3375 0.3375 0.32777777812500003 0.34305555625 0.322222221875 0.33888888906250003 0.325 0.33194444375 0.32083333281250004 0.33055555625 0.3263888890625 0.3236111109375 0.322222221875 0.3111111109375 0.3291666671875 0.29444444375 0.32777777812500003 0.2208333328125 0.302777778125 0.115277778125 0.25555555625 0.10555555624999999 0.2541666671875 0.1 0.2611111109375 0.09444444375 0.259722221875 0.0958333328125 0.252777778125 0.0875 0.252777778125 0.08194444375 0.259722221875 0.0791666671875 0.252777778125 0.06805555625000001 0.25555555625 0.0638888890625 0.259722221875 0.0666666671875 0.26805555625 0.052777778124999994 0.26944444375 0.05694444375 0.2736111109375 0.055555556250000006 0.2791666671875 0.05 0.28055555625 0.047222221875 0.275 0.0416666671875 0.28055555625 0.0458333328125 0.2833333328125 0.04444444375 0.2875 0.0333333328125 0.2888888890625 0.0416666671875 0.2916666671875 0.034722221875 0.3013888890625 0.027777778125000003 0.2958333328125 0.0111111109375 0.3138888890625 0.0208333328125 0.3166666671875 0.0146305296875 0.3265911546875
2 0.49305555625 0.2388888890625 0.5013888890625 0.24305555625 0.5041666671875 0.259722221875 0.49305555625 0.2708333328125 0.5 0.2708333328125 0.5013888890625 0.2638888890625 0.50555555625 0.26527777812500003 0.5069444437499999 0.2513888890625 0.502777778125 0.24444444375000002 0.5069444437499999 0.24444444375000002 0.5 0.23472222187499997 0.48472222187499997 0.23194444375 0.4763888890625 0.23611111093749998 0.48333333281249996 0.2388888890625 0.48055555625 0.2416666671875 0.46805555625000006 0.24305555625 0.46666666718750005 0.2486111109375 0.47083333281249995 0.25 0.46666666718750005 0.2541666671875 0.49305555625 0.2388888890625
2 0.1416666671875 0.20277777812500003 0.12268472187499999 0.2 0.1166666671875 0.20694444375 0.114815278125 0.2 0.10555555624999999 0.197222221875 0.08333333281250001 0.197222221875 0.0791666671875 0.20138888906250002 0.077777778125 0.20555555625 0.09305555625 0.20833333281250002 0.1291666671875 0.20833333281250002 0.1416666671875 0.20277777812500003
2 0.41953125 0.34375 0.003125 0.0015625
2 0.3513888890625 0.35694444375 0.35972222187499997 0.36805555624999997 0.3638888890625 0.3625 0.36805555624999997 0.36944444375 0.375 0.35972222187499997 0.377777778125 0.36805555624999997 0.3861111109375 0.3625 0.40138888906250003 0.3625 0.40555555625000006 0.35694444375 0.3625 0.35694444375 0.3625 0.33888888906250003 0.372222221875 0.3375 0.38055555625 0.3291666671875 0.375 0.3263888890625 0.38194444375000003 0.31944444375000003 0.3583333328125 0.33888888906250003 0.352777778125 0.3263888890625 0.33055555625 0.31944444375000003 0.2666666671875 0.35 0.2666666671875 0.365277778125 0.28055555625 0.36944444375 0.3361111109375 0.36805555624999997 0.3513888890625 0.35694444375
2 0.74444444375 0.15277777812499999 0.7333333328125 0.1708333328125 0.7333333328125 0.19444444375 0.7958333328125 0.190277778125 0.7916666671875 0.1541666671875 0.74444444375 0.15277777812499999
2 0.8416666671874999 0.3 0.8361111109375001 0.30555555624999997 0.8847222218749999 0.29444444375 0.8708333328125001 0.29305555625 0.8416666671874999 0.3
2 0.83055555625 0.3513888890625 0.8263888890625 0.3458333328125 0.8166666671874999 0.34444444375 0.81805555625 0.3541666671875 0.83055555625 0.35972222187499997 0.81805555625 0.3861111109375 0.8222222218749999 0.3958333328125 0.8166666671874999 0.40138888906250003 0.8166666671874999 0.434722221875 0.8208333328125 0.43055555625 0.8236111109375001 0.3916666671875 0.8361111109375001 0.3708333328125 0.840277778125 0.372222221875 0.8444444437499999 0.384722221875 0.8444444437499999 0.4125 0.9083333328125001 0.34861111093749997 0.915277778125 0.34722222187499996 0.90625 0.3458333328125 0.9 0.352777778125 0.89444444375 0.3513888890625 0.8986111109375001 0.3458333328125 0.8958333328125001 0.34027777812500004 0.9041666671874999 0.3291666671875 0.9277777781250001 0.3125 0.925 0.29722222187499997 0.934722221875 0.27777777812500004 0.9305555562500001 0.275 0.9125 0.28055555625 0.9055555562500001 0.2888888890625 0.89305555625 0.2888888890625 0.890277778125 0.29305555625 0.89444444375 0.302777778125 0.8861111109375001 0.309722221875 0.8791666671874999 0.3083333328125 0.8819444437499999 0.3125 0.8430555562500001 0.3458333328125 0.83194444375 0.325 0.834722221875 0.3333333328125 0.83194444375 0.33194444375 0.8388888890624999 0.34027777812500004 0.8333333328125001 0.34305555625 0.834722221875 0.34861111093749997 0.83055555625 0.3513888890625
2 0 0.8958333328125001 0.0388888890625 0.89305555625 0.04305555625 0.9305555562500001 0.05 0.9305555562500001 0.0638888890625 0.9513888890625 0.08194444375 0.952777778125 0.0958333328125 0.9416666671874999 0.10555555624999999 0.9208333328125 0.10138888906250001 0.9069444437499999 0.09305555625 0.897222221875 0.06805555625000001 0.890277778125 0.06944444375 0.8638888890624999 0.06527777812499999 0.8513888890624999 0.0486111109375 0.85555555625 0 0.85555555625 0 0.8958333328125001
2 0 0.48333333281249996 0.025 0.4763888890625 0.029166667187500002 0.45555555625000005 0.026388889062499997 0.4486111109375 0.0166666671875 0.44305555625000004 0 0.440277778125 0 0.48333333281249996
2 0.3763888890625 0.20416666718749998 0.3791666671875 0.2 0.3763888890625 0.17361111093749998 0.36666666718749996 0.15972222187500001 0.334722221875 0.1611111109375 0.29305555625 0.16944444375 0.2916666671875 0.1916666671875 0.29722222187499997 0.20277777812500003 0.3583333328125 0.20555555625 0.3763888890625 0.20416666718749998
2 0.4861111109375 0.19583333281249998 0.4583333328125 0.19444444375 0.44166666718750003 0.1875 0.42083333281249996 0.1888888890625 0.397222221875 0.197222221875 0.4 0.20277777812500003 0.42083333281249996 0.20555555625 0.490277778125 0.20277777812500003 0.4861111109375 0.19583333281249998
2 0.50078125 0.2671875 0.0015625 0.0015625
2 0.4625 0.3375 0.46527777812500004 0.3291666671875 0.46527777812500004 0.322222221875 0.45555555625000005 0.31944444375000003 0.4583333328125 0.290277778125 0.477777778125 0.28472222187499996 0.49583333281249997 0.2708333328125 0.490277778125 0.2611111109375 0.46666666718750005 0.25833333281250004 0.41805555625 0.259722221875 0.4138888890625 0.26805555625 0.39444444375 0.2708333328125 0.39305555625 0.302777778125 0.44444444375 0.3013888890625 0.45555555625000005 0.3375 0.4625 0.3375
2 0.4138888890625 0.29444444375 0.42083333281249996 0.302777778125 0.44444444375 0.3 0.4583333328125 0.33888888906250003 0.46527777812500004 0.33194444375 0.46527777812500004 0.322222221875 0.45555555625000005 0.31805555625 0.4583333328125 0.290277778125 0.4875 0.28055555625 0.49583333281249997 0.2708333328125 0.4888888890625 0.2611111109375 0.41944444374999995 0.259722221875 0.4166666671875 0.2666666671875 0.41111111093749997 0.26805555625 0.40972222187499996 0.27638888906250003 0.39444444375 0.27777777812500004 0.39305555625 0.3013888890625 0.40972222187499996 0.3013888890625 0.40833333281249995 0.29722222187499997 0.4138888890625 0.29444444375
2 0.50625 0.2546875 0.0015625 0.0015625
2 0.46527777812500004 0.25555555625 0.48194444374999995 0.23611111093749998 0.46805555625000006 0.24583333281250003 0.46527777812500004 0.25555555625
2 0.9055555562500001 0.20138888906250002 0.9166666671874999 0.19444444375 0.9138888890624999 0.1888888890625 0.8847222218749999 0.1833333328125 0.8666666671875 0.1875 0.8041666671875 0.1861111109375 0.8013888890624999 0.1916666671875 0.8138888890624999 0.20277777812500003 0.89305555625 0.20277777812500003 0.9055555562500001 0.20138888906250002
2 0.5916666671875 0.2 0.597222221875 0.10555555624999999 0.5527777781250001 0.10555555624999999 0.5416666671875 0.10138888906250001 0.5319444437499999 0.10694444375 0.534722221875 0.19583333281249998 0.540277778125 0.20138888906250002 0.5638888890625 0.197222221875 0.5916666671875 0.2
2 0.5041666671875 0.05 0.50555555625 0.05694444375 0.5111111109375 0.055555556250000006 0.5041666671875 0.05
2 0.62734375 0.00078125 0.00390625 0.0015625
2 0.49305555625 0.26527777812500003 0.4861111109375 0.259722221875 0.425 0.25833333281250004 0.4 0.2708333328125 0.3958333328125 0.27638888906250003 0.4791666671875 0.2791666671875 0.4888888890625 0.27638888906250003 0.49305555625 0.26527777812500003
2 0.6754625 0.14444444375 0.66944444375 0.15277777812499999 0.6666666671875 0.14444444375 0.64444444375 0.14444444375 0.6458333328125 0.15972222187500001 0.69305555625 0.15 0.69305555625 0.14444444375 0.6754625 0.14444444375
2 0.6208333328125 0.147222221875 0.6263888890625 0.1458333328125 0.6 0.1458333328125 0.597222221875 0.1513888890625 0.6083333328125 0.1583333328125 0.6180555562500001 0.1583333328125 0.6208333328125 0.147222221875
2 0.7635416671875 0.19444444375 0.772222221875 0.20416666718749998 0.8055555562500001 0.20277777812500003 0.8 0.19305555624999998 0.7180555562500001 0.190277778125 0.7041666671875 0.19583333281249998 0.6986111109375 0.20277777812500003 0.7041666671875 0.20555555625 0.7597222218749999 0.20416666718749998 0.7635416671875 0.19444444375
2 0.6208333328125 0.1458333328125 0.61944444375 0.1986111109375 0.640277778125 0.20138888906250002 0.64305555625 0.14444444375 0.6208333328125 0.1458333328125
2 0.1458333328125 0.20138888906250002 0.15555555625 0.197222221875 0.16805555625 0.2 0.16805555625 0.1833333328125 0.17361111093749998 0.1763888890625 0.26805555625 0.1763888890625 0.28055555625 0.19305555624999998 0.2888888890625 0.19305555624999998 0.290277778125 0.17361111093749998 0.2958333328125 0.165277778125 0.35694444375 0.15694444375 0.375 0.1583333328125 0.3708333328125 0 0.1166666671875 0.0013888890625 0.11388888906250001 0.0375 0.12222222187500001 0.19444444375 0.140277778125 0.19583333281249998 0.1458333328125 0.20138888906250002
2 0.5 0.20555555625 0.5111111109375 0.20277777812500003 0.5013888890625 0.20277777812500003 0.5 0.20555555625
2 0.49305555625 0.20416666718749998 0.4875 0.19583333281249998 0.4583333328125 0.19444444375 0.440277778125 0.1875 0.40694444374999994 0.19305555624999998 0.3958333328125 0.197222221875 0.3958333328125 0.20138888906250002 0.4166666671875 0.20555555625 0.49305555625 0.20416666718749998
2 0.4861111109375 0.19583333281249998 0.459722221875 0.19444444375 0.4583333328125 0.20277777812500003 0.4625 0.20416666718749998 0.490277778125 0.20277777812500003 0.4861111109375 0.19583333281249998
2 0.27638888906250003 0.19583333281249998 0.26944444375 0.17916666718750002 0.172222221875 0.17916666718750002 0.17361111093749998 0.20138888906250002 0.222222221875 0.2 0.24583333281250003 0.19444444375 0.27638888906250003 0.19583333281249998
2 0.5694444437499999 0.2666666671875 0.5638888890625 0.2611111109375 0.527777778125 0.26527777812500003 0.5263888890625 0.275 0.5319444437499999 0.28055555625 0.5694444437499999 0.28055555625 0.5694444437499999 0.2666666671875
2 0.702777778125 0.2 0.70694444375 0.19305555624999998 0.722222221875 0.1888888890625 0.7180555562500001 0.16388888906250001 0.7125 0.15555555625 0.6916666671875 0.1513888890625 0.6638888890625 0.15555555625 0.659722221875 0.15972222187500001 0.659722221875 0.18194444375000002 0.6666666671875 0.2 0.702777778125 0.2
2 0 0.8958333328125001 0.0666666671875 0.890277778125 0.06805555625000001 0.852777778125 0.00555555625 0.85555555625 0 0.85694444375 0 0.8958333328125001
2 0.8958333328125001 0.165277778125 0.89305555625 0.17916666718750002 0.8986111109375001 0.1833333328125 0.909722221875 0.18055555625 0.9069444437499999 0.16944444375 0.9208333328125 0.1708333328125 0.9333333328125001 0.16388888906250001 0.9444444437499999 0.16388888906250001 0.9583333328125001 0.1708333328125 0.9916666671875 0.1708333328125 0.99444444375 0.1666666671875 0.9902777781250001 0.1541666671875 0.9958333328125001 0.13194444375 0.9916666671875 0.1111111109375 0.98194444375 0.109722221875 0.9694444437499999 0.1208333328125 0.9680555562500001 0.1291666671875 0.9583333328125001 0.134722221875 0.9388888890624999 0.13055555624999998 0.9277777781250001 0.11805555625 0.91944444375 0.115277778125 0.8791666671874999 0.11805555625 0.8625 0.1263888890625 0.8333333328125001 0.13055555624999998 0.8222222218749999 0.1361111109375 0.8194444437499999 0.15 0.8236111109375001 0.15555555625 0.890277778125 0.1611111109375 0.8958333328125001 0.165277778125
2 0.5722222218749999 0.302777778125 0.6 0.30694444375 0.60555555625 0.3125 0.602777778125 0.30694444375 0.6208333328125 0.30555555624999997 0.6138888890625 0.29722222187499997 0.6 0.29305555625 0.5930555562500001 0.2833333328125 0.5722222218749999 0.28055555625 0.56805555625 0.2638888890625 0.5291666671875 0.26527777812500003 0.5263888890625 0.28055555625 0.565277778125 0.29305555625 0.56805555625 0.30555555624999997 0.5722222218749999 0.302777778125
2 0.4625 0.3375 0.46666666718750005 0.31944444375000003 0.46666666718750005 0.315277778125 0.45694444375 0.315277778125 0.459722221875 0.30416666718749996 0.6180555562500001 0.30555555624999997 0.6180555562500001 0.3013888890625 0.6 0.29305555625 0.5916666671875 0.28194444375 0.5722222218749999 0.28194444375 0.56805555625 0.26527777812500003 0.5611111109375 0.272222221875 0.5541666671875001 0.2708333328125 0.56055555625 0.26527777812500003 0.55305555625 0.26527777812500003 0.5527777781250001 0.2708333328125 0.54555555625 0.26527777812500003 0.5388888890625 0.2708333328125 0.53805555625 0.26527777812500003 0.5305555562500001 0.26527777812500003 0.5263888890625 0.28055555625 0.49444444374999996 0.28055555625 0.49305555625 0.27777777812500004 0.50555555625 0.2666666671875 0.5069444437499999 0.24444444375000002 0.5013888890625 0.23611111093749998 0.4916666671875 0.23194444375 0.47222222187499996 0.240277778125 0.46527777812500004 0.25555555625 0.45555555625000005 0.2625 0.41944444374999995 0.259722221875 0.4138888890625 0.26805555625 0.3958333328125 0.26944444375 0.39305555625 0.27777777812500004 0.39305555625 0.30416666718749996 0.44444444375 0.3013888890625 0.45694444375 0.33888888906250003 0.4625 0.3375
2 0.9541666671875 0.30555555624999997 0.9638888890624999 0.309722221875 0.9611111109375001 0.32777777812500003 0.9902777781250001 0.3263888890625 0.9916666671875 0.27638888906250003 0.965277778125 0.27777777812500004 0.934722221875 0.290277778125 0.93194444375 0.29444444375 0.940277778125 0.29722222187499997 0.9416666671874999 0.3125 0.9541666671875 0.30555555624999997
2 0.847222221875 0.49583333281249997 0.847222221875 0.48333333281249996 0.8444444437499999 0.48472222187499997 0.847222221875 0.49583333281249997
2 0.8055555562500001 0.515277778125 0.8 0.5097222218749999 0.8055555562500001 0.5069444437499999 0.765277778125 0.51944444375 0.7569444437499999 0.51805555625 0.7361111109375 0.50555555625 0.7194444437499999 0.5013888890625 0.6888888890625 0.4763888890625 0.6916666671875 0.490277778125 0.73194444375 0.51805555625 0.76944444375 0.5291666671875 0.8055555562500001 0.515277778125
2 0.85555555625 0.3013888890625 0.85555555625 0.2958333328125 0.8486111109375001 0.30416666718749996 0.8444444437499999 0.29722222187499997 0.834722221875 0.302777778125 0.834722221875 0.30694444375 0.8416666671874999 0.3 0.8444444437499999 0.30694444375 0.85555555625 0.3013888890625
2 0.8138888890624999 0.34027777812500004 0.8055555562500001 0.3458333328125 0.8055555562500001 0.35555555625 0.8222222218749999 0.35555555625 0.83055555625 0.3625 0.81805555625 0.3861111109375 0.8222222218749999 0.397222221875 0.8166666671874999 0.40138888906250003 0.8222222218749999 0.40416666718750005 0.8166666671874999 0.40833333281249995 0.8222222218749999 0.4115736109375 0.8166666671874999 0.415277778125 0.8222222218749999 0.41898194375 0.8166666671874999 0.42222222187499997 0.8222222218749999 0.4291666671875 0.815277778125 0.43055555625 0.8166666671874999 0.4375 0.8222222218749999 0.43055555625 0.8458333328125001 0.41944444374999995 0.8416666671874999 0.3763888890625 0.8444444437499999 0.377777778125 0.8513888890624999 0.35972222187499997 0.8763888890624999 0.35972222187499997 0.8847222218749999 0.352777778125 0.915277778125 0.34722222187499996 0.8986111109375001 0.3458333328125 0.8958333328125001 0.3416666671875 0.9138888890624999 0.32083333281250004 0.9263888890624999 0.3138888890625 0.9277777781250001 0.30694444375 0.9208333328125 0.3 0.9291666671875 0.29444444375 0.934722221875 0.2791666671875 0.9305555562500001 0.275 0.909722221875 0.2791666671875 0.8986111109375001 0.2888888890625 0.89305555625 0.28611111093749997 0.8875 0.2958333328125 0.8833333328125 0.2916666671875 0.8763888890624999 0.29722222187499997 0.8708333328125001 0.29305555625 0.8680555562500001 0.29722222187499997 0.877777778125 0.3138888890625 0.8458333328125001 0.34444444375 0.8416666671874999 0.34444444375 0.8333333328125001 0.33055555625 0.8333333328125001 0.322222221875 0.83055555625 0.3291666671875 0.8388888890624999 0.34027777812500004 0.8333333328125001 0.34861111093749997 0.8138888890624999 0.34027777812500004
2 0.615625 0.303125 0.00390625 0.0015625
2 0.45555555625000005 0.3375 0.4625 0.3375 0.46527777812500004 0.3263888890625 0.46666666718750005 0.315277778125 0.4583333328125 0.3111111109375 0.4611111109375 0.30555555624999997 0.597222221875 0.30555555624999997 0.6013888890625 0.3013888890625 0.6 0.29444444375 0.609722221875 0.3 0.597222221875 0.2916666671875 0.5916666671875 0.28194444375 0.5708333328124999 0.28194444375 0.56805555625 0.26527777812500003 0.5611111109375 0.2638888890625 0.546759721875 0.26527777812500003 0.55 0.27638888906250003 0.5388888890625 0.272222221875 0.5393513890625 0.26527777812500003 0.5319444437499999 0.26527777812500003 0.527777778125 0.26805555625 0.5375 0.2736111109375 0.5375 0.27777777812500004 0.49444444374999996 0.28055555625 0.49305555625 0.26805555625 0.5041666671875 0.26805555625 0.5069444437499999 0.24583333281250003 0.5013888890625 0.23611111093749998 0.49305555625 0.23333333281250002 0.49583333281249997 0.2388888890625 0.48472222187499997 0.23333333281250002 0.47361111093749997 0.240277778125 0.47361111093749997 0.24444444375000002 0.46944444374999994 0.24305555625 0.46805555625000006 0.2541666671875 0.4625 0.259722221875 0.41944444374999995 0.259722221875 0.4138888890625 0.26805555625 0.3958333328125 0.26944444375 0.39305555625 0.27638888906250003 0.39027777812500003 0.30416666718749996 0.4458333328125 0.30416666718749996 0.45416666718750004 0.322222221875 0.45555555625000005 0.3375
2 0.4578125 0.33515625 0.0015625 0.00390625
2 0.565277778125 0.30694444375 0.5930555562500001 0.30555555624999997 0.60555555625 0.3 0.597222221875 0.29305555625 0.5930555562500001 0.28194444375 0.5722222218749999 0.28194444375 0.565277778125 0.2638888890625 0.5305555562500001 0.26527777812500003 0.5263888890625 0.28055555625 0.49305555625 0.28055555625 0.4916666671875 0.27638888906250003 0.5013888890625 0.26805555625 0.49444444374999996 0.272222221875 0.490277778125 0.2611111109375 0.46944444374999994 0.259722221875 0.41805555625 0.259722221875 0.41111111093749997 0.26805555625 0.397222221875 0.26805555625 0.39305555625 0.272222221875 0.3916666671875 0.30416666718749996 0.44444444375 0.302777778125 0.4540549171875 0.3096424015625 0.45555555625000005 0.3013888890625 0.46388888906250003 0.30555555624999997 0.565277778125 0.30694444375
2 0.56805555625 0.10833333281249999 0.565277778125 0.197222221875 0.5916666671875 0.2 0.597222221875 0.10833333281249999 0.56805555625 0.10833333281249999
2 0 0.8958333328125001 0.0388888890625 0.89305555625 0.0416666671875 0.9291666671875 0.0513888890625 0.9333333328125001 0.055555556250000006 0.9444444437499999 0.06944444375 0.9541666671875 0.08333333281250001 0.952777778125 0.0916666671875 0.9472222218749999 0.10555555624999999 0.9277777781250001 0.10555555624999999 0.91944444375 0.10138888906250001 0.9055555562500001 0.0916666671875 0.8958333328125001 0.06805555625000001 0.890277778125 0.06805555625000001 0.8513888890624999 0.0486111109375 0.85555555625 0.00555555625 0.85555555625 0 0.85694444375 0 0.8958333328125001
2 0.490277778125 0.20138888906250002 0.49555555625 0.20833333281250002 0.5041666671875 0.20972222187499998 0.565277778125 0.20694444375 0.5486111109375 0.2 0.477777778125 0.2 0.47222222187499996 0.19444444375 0.459722221875 0.19583333281249998 0.459722221875 0.20555555625 0.46666666718750005 0.20833333281250002 0.4883333328125 0.20833333281250002 0.490277778125 0.20138888906250002
2 0.584722221875 0.20138888906250002 0.58993055625 0.20694444375 0.5930555562500001 0.2 0.5979166671875 0.20694444375 0.6138888890625 0.20694444375 0.6152777781250001 0.2 0.625 0.20694444375 0.63055555625 0.20277777812500003 0.6388888890625 0.20555555625 0.60555555625 0.190277778125 0.5986111109375 0.1916666671875 0.5930555562500001 0.1986111109375 0.5722222218749999 0.20277777812500003 0.58055555625 0.20833333281250002 0.584722221875 0.20138888906250002
2 0.890277778125 0.3 0.89305555625 0.29444444375 0.9041666671874999 0.2958333328125 0.9069444437499999 0.2833333328125 0.9208333328125 0.272222221875 0.9125 0.275 0.8986111109375001 0.26944444375 0.8916666671875 0.275 0.8541666671874999 0.272222221875 0.8333333328125001 0.27638888906250003 0.83055555625 0.2833333328125 0.8361111109375001 0.2958333328125 0.877777778125 0.29305555625 0.890277778125 0.3
2 0.4203125 0.34375 0.00390625 0.0015625
2 0.3333333328125 0.3263888890625 0.33888888906250003 0.322222221875 0.32777777812500003 0.322222221875 0.3333333328125 0.3263888890625
2 0.172222221875 0.2916666671875 0.1875 0.29305555625 0.19583333281249998 0.3 0.28472222187499996 0.334722221875 0.29305555625 0.334722221875 0.29444444375 0.32777777812500003 0.30555555624999997 0.32777777812500003 0.3083333328125 0.3375 0.3416666671875 0.3458333328125 0.35694444375 0.35555555625 0.375 0.35972222187499997 0.38333333281250004 0.35694444375 0.377777778125 0.34861111093749997 0.3625 0.34305555625 0.35 0.34305555625 0.3166666671875 0.3291666671875 0.24583333281250003 0.3125 0.115277778125 0.25555555625 0.10555555624999999 0.2541666671875 0.1 0.2611111109375 0.09444444375 0.2611111109375 0.09444444375 0.252777778125 0.08680555625 0.252777778125 0.08194444375 0.259722221875 0.0791666671875 0.252777778125 0.06805555625000001 0.25555555625 0.0638888890625 0.259722221875 0.07083333281250001 0.26527777812500003 0.058333332812500006 0.272222221875 0.052777778124999994 0.26944444375 0.05694444375 0.272222221875 0.054166667187499996 0.2791666671875 0.047222221875 0.275 0.034722221875 0.28611111093749997 0.037135417187500006 0.2957638890625 0.04305555625 0.2888888890625 0.077777778125 0.2611111109375 0.0861111109375 0.259722221875 0.13888888906250002 0.26944444375 0.1458333328125 0.2791666671875 0.1666666671875 0.28472222187499996 0.172222221875 0.2916666671875
2 0.0041666671875 0.3333333328125 0 0.33888888906250003 0.032646520312499996 0.3009768015625 0.026388889062499997 0.29722222187499997 0.015277778124999999 0.3138888890625 0.0013888890625 0.325 0.0041666671875 0.3333333328125