2 0.6804577468749999 0 0.669894365625 0.006259781250000001 0.6232394359375 0.0657277 0.6038732390625 0.0813771515625 0.549295775 0.14553990625 0.542253521875 0.14866979687499998 0.5316901406250001 0.1643192484375 0.5237676062500001 0.1924882625 0.5167253515625 0.20500782499999998 0.5079225359375 0.21126760625 0.506161971875 0.2269170578125 0.4727112671875 0.29733959374999996 0.47359155 0.3427230046875 0.46919014062500003 0.453834115625 0.46919014062500003 0.5179968703125 0.4727112671875 0.539906103125 0.46919014062500003 0.5618153359375 0.47007042187500003 0.6651017218749999 0.4656690140625 0.7543036 0.47799295781250006 0.7699530515624999 0.482394365625 0.798122065625 0.48591549218749996 0.8028169015625 0.492957746875 0.8090766828125 0.5149647890625 0.8059467921874999 0.5281690140624999 0.8122065734374999 0.5457746484375 0.771517996875 0.5457746484375 0.762128325 0.542253521875 0.7558685453125 0.5316901406250001 0.7464788734375001 0.5044014078125 0.7073552421875 0.5 0.6964006265625 0.5 0.6776212828125 0.5026408453125 0.6697965578125 0.5114436625 0.6697965578125 0.5316901406250001 0.6948356812500001 0.5475352109375 0.7042253515625 0.5536971828125 0.7136150234375 0.5660211265624999 0.7183098593749999 0.5695422531250001 0.7073552421875 0.5695422531250001 0.691705790625 0.56338028125 0.68231611875 0.5660211265624999 0.6572769953125001 0.56338028125 0.6416275437500001 0.5589788734375001 0.6338028171875 0.5625 0.62910798125 0.5598591546875 0.6228482 0.5607394359375 0.58998435 0.5642605640625 0.585289515625 0.5730633796875 0.5884194046875 0.58802816875 0.6447574328125001 0.5941901406250001 0.6572769953125001 0.606514084375 0.5774647890625 0.6100352109375 0.5680751171875 0.6144366203125 0.5618153359375 0.6214788734375001 0.5618153359375 0.625 0.5712050078125 0.625 0.585289515625 0.6285211265624999 0.585289515625 0.638204225 0.5524256656250001 0.65052816875 0.549295775 0.6540492953125 0.5618153359375 0.6522887328125 0.5915492953125 0.638204225 0.6697965578125 0.638204225 0.6870109546875 0.642605634375 0.6948356812500001 0.6461267609375 0.7136150234375 0.6329225359375 0.732394365625 0.6302816906250001 0.7496087640625 0.6214788734375001 0.7746478875 0.618838028125 0.7996870109375 0.611795775 0.8090766828125 0.5977112671875 0.8528951484375 0.5941901406250001 0.8685446015625 0.5959507046875 0.877934271875 0.6302816906250001 0.9139280125000001 0.6461267609375 0.923317684375 0.65052816875 0.9389671359375 0.6540492953125 0.94053208125 0.6602112671875 0.9859154921875 0.668133803125 0.9953051640625 0.7095070421874999 0.9921752734375 0.7262323937499999 0.9984350546874999 0.7526408453125 0.9953051640625 0.763204225 0.9890453828125001 0.7790492953125 0.9921752734375 0.78697183125 0.9827856031250001 0.8010563375 0.976525821875 0.8221830984375 0.9452269171875001 0.8045774640625 0.9280125203124999 0.8089788734375001 0.904538340625 0.819542253125 0.90766823125 0.8309859156250001 0.923317684375 0.8371478874999999 0.923317684375 0.857394365625 0.9014084499999999 0.8582746484375001 0.8794992171875 0.8635563375 0.8732394359375 0.8653169015625 0.8638497656249999 0.8661971828125001 0.76838810625 0.8582746484375001 0.7511737093749999 0.8600352109375 0.7370892015625 0.8565140843749999 0.7167449140625 0.8565140843749999 0.492957746875 0.8529929578125 0.46948356875 0.855633803125 0.4460093890625 0.8529929578125 0.2863849765625 0.8609154921875 0.2738654140625 0.8600352109375 0.237871675 0.86267605625 0.22378716718749997 0.8600352109375 0.1705790296875 0.855633803125 0.1674491390625 0.8512323937499999 0.1471048515625 0.8512323937499999 0.103286384375 0.8433098593749999 0.0860719875 0.8415492953125 0.06885759062499999 0.8239436625 0.053208137499999995 0.8151408453125001 0.053208137499999995 0.7579225359375 0 0.6804577468749999 0
2 0.41549295781250006 0.6478873234375 0.40140845 0.6447574328125001 0.40052816875 0.6541471046875 0.4040492953125 0.6572769953125001 0.41725352187500003 0.6572769953125001 0.41549295781250006 0.6478873234375
2 0.41725352187500003 0.625978090625 0.41725352187500003 0.5148669796875 0.41461267656249995 0.5086071984375 0.40669014062500003 0.5352112671875 0.4031690140625 0.566510171875 0.4022887328125 0.6165884187499999 0.4093309859375 0.6228482 0.41461267656249995 0.6197183093749999 0.41725352187500003 0.625978090625
2 0.430457746875 0.685446009375 0.4348591546875 0.6948356812500001 0.443661971875 0.697965571875 0.46390845 0.697965571875 0.4665492953125 0.6948356812500001 0.46742957812499997 0.6791862281250001 0.4665492953125 0.58998435 0.46919014062500003 0.5555555562500001 0.46742957812499997 0.43348982812500003 0.455985915625 0.4303599375 0.4207746484375 0.43661971875 0.41725352187500003 0.4882629109375 0.419894365625 0.5242566515625 0.4163732390625 0.6275430359375 0.41725352187500003 0.68231611875 0.430457746875 0.685446009375
2 0.431338028125 0.6369327078125 0.43661971875 0.5555555562500001 0.43661971875 0.5117370890624999 0.4348591546875 0.4491392796875 0.430457746875 0.43348982812500003 0.419894365625 0.4350547734375 0.4163732390625 0.4882629109375 0.4163732390625 0.68231611875 0.431338028125 0.685446009375 0.4339788734375 0.6604068859375001 0.431338028125 0.6369327078125
2 0.8045774640625 0.572769953125 0.8028169015625 0.5555555562500001 0.756161971875 0.5555555562500001 0.7429577468749999 0.5586854453125001 0.7455985921875 0.582159625 0.7984154921875 0.5790297343749999 0.8045774640625 0.572769953125
2 0.5669014078125 0.68231611875 0.568661971875 0.6604068859375001 0.5642605640625 0.6400625984375 0.5625 0.5931142406250001 0.5695422531250001 0.5884194046875 0.575704225 0.6071987484375 0.5836267609375 0.6040688578125 0.582746478125 0.56338028125 0.5853873234375 0.5273865421874999 0.581866196875 0.5179968703125 0.56338028125 0.5148669796875 0.549295775 0.5148669796875 0.544894365625 0.5211267609375 0.544014084375 0.6541471046875 0.5598591546875 0.6635367765625 0.5642605640625 0.685446009375 0.5669014078125 0.68231611875
2 0.43221830937499994 0.685446009375 0.4348591546875 0.6948356812500001 0.46302816875 0.697965571875 0.46742957812499997 0.6791862281250001 0.46742957812499997 0.439749609375 0.4665492953125 0.43348982812500003 0.43573943593750003 0.43661971875 0.4375 0.5555555562500001 0.4348591546875 0.5649452265625 0.4348591546875 0.672926446875 0.43221830937499994 0.685446009375
2 0.41725352187500003 0.5367762125 0.41373239375 0.5148669796875 0.40669014062500003 0.5352112671875 0.4031690140625 0.599374021875 0.4040492953125 0.6040688578125 0.41461267656249995 0.6040688578125 0.41725352187500003 0.5367762125
2 0.8036971828125001 0.5367762125 0.8036971828125001 0.5179968703125 0.743838028125 0.5179968703125 0.7411971828125 0.52269170625 0.7429577468749999 0.54303599375 0.7852112671875 0.54303599375 0.8036971828125001 0.5367762125
2 0.5660211265624999 0.2582159625 0.5713028171875 0.25195618125 0.5660211265624999 0.2456964 0.5660211265624999 0.2582159625
2 0.5545774640625 0.2456964 0.5545774640625 0.25352112656250003 0.5607394359375 0.255086071875 0.5598591546875 0.2456964 0.5545774640625 0.2456964
2 0.5703125 0.2375 0.00078125 0.003125
2 0.5554577468749999 0.45696400625000005 0.5589788734375001 0.4679186234375 0.6637323937499999 0.4616588421875 0.67517605625 0.4522691703125 0.6734154921875 0.287949921875 0.6707746484375 0.281690140625 0.6734154921875 0.270735525 0.67517605625 0.1830985921875 0.6637323937499999 0.1799687015625 0.6355633796875 0.195618153125 0.6232394359375 0.208137715625 0.6082746484375 0.208137715625 0.605633803125 0.21752738593749998 0.607394365625 0.22378716718749997 0.59947183125 0.237871675 0.6003521125 0.261345853125 0.5977112671875 0.267605634375 0.5695422531250001 0.270735525 0.5642605640625 0.2801251953125 0.5545774640625 0.2832550859375 0.5519366203125 0.287949921875 0.5519366203125 0.31768388125 0.556338028125 0.39436619687499996 0.5554577468749999 0.45696400625000005
2 0.7552816906250001 0.4616588421875 0.7579225359375 0.4522691703125 0.7588028171875 0.42253521093749996 0.7570422531250001 0.17370892031250001 0.7535211265624999 0.154929578125 0.7429577468749999 0.1517996875 0.7403169015625 0.1564945234375 0.7403169015625 0.420970265625 0.7429577468749999 0.4585289515625 0.7552816906250001 0.4616588421875
2 0.763204225 0.20970266093749998 0.767605634375 0.22535211249999998 0.7640845078125 0.23317683906250003 0.7658450703125 0.2629107984375 0.7588028171875 0.27230046875 0.7570422531250001 0.2801251953125 0.7596830984375 0.28482003125 0.7570422531250001 0.287949921875 0.7614436625 0.2910798125 0.7588028171875 0.30046948281249997 0.7640845078125 0.3129890453125 0.7596830984375 0.31924882656250003 0.7640845078125 0.33020344218750003 0.763204225 0.34428795 0.770246478125 0.3552425671875 0.7667253515625 0.3849765265625 0.769366196875 0.3974960875 0.768485915625 0.4256651015625 0.7720070421874999 0.4428794984375 0.792253521875 0.4460093890625 0.8010563375 0.43348982812500003 0.8169014078125001 0.4303599375 0.8239436625 0.4194053203125 0.8221830984375 0.406885759375 0.82482394375 0.39123630625 0.8221830984375 0.380281690625 0.82482394375 0.3661971828125 0.82482394375 0.328638496875 0.8213028171874999 0.2957746484375 0.8265845078125 0.287949921875 0.8221830984375 0.2863849765625 0.8204225359375 0.24100156562500002 0.8230633796875001 0.2269170578125 0.8204225359375 0.20500782499999998 0.8080985921874999 0.189358371875 0.7728873234375 0.1674491390625 0.7614436625 0.1705790296875 0.763204225 0.1799687015625 0.7667253515625 0.1830985921875 0.7667253515625 0.20187793437499998 0.763204225 0.20970266093749998