3 0.1455696203125 0.234177215625 0.1620253171875 0.24303797500000002 0.16455696250000001 0.234177215625 0.15316455625 0.22784810156250002 0.053164556249999995 0.19493670937500002 0.030379746875000002 0.17341772187499999 0.0189873421875 0.17088607656250002 0.016455696875000002 0.177215190625 0.034177215625 0.19493670937500002 0.0759493671875 0.216455696875 0.11392405000000001 0.22531645625 0.1316455703125 0.234177215625 0.1455696203125 0.234177215625
3 0.2189873421875 0.27088607656249997 0.2189873421875 0.2797468359375 0.22151898750000001 0.273417721875 0.2189873421875 0.27088607656249997
3 0.17848101249999998 0.2645569625 0.17974683593750002 0.26075949375 0.17341772187499999 0.2620253171875 0.18227848124999999 0.2670886078125 0.183544303125 0.2645569625 0.17848101249999998 0.2645569625
3 0.2075949359375 0.24683544375 0.2012658234375 0.24683544375 0.2075949359375 0.25569620312499997 0.2151898734375 0.251898734375 0.2075949359375 0.24683544375
3 0.1202531640625 0.577215190625 0.16455696250000001 0.5645569625 0.1924050640625 0.5493670890625 0.19493670937500002 0.5405063296875 0.191139240625 0.5278481015625001 0.183544303125 0.52531645625 0.183544303125 0.5101265828125 0.1886075953125 0.5063291140625 0.191139240625 0.48227848125 0.18227848124999999 0.47721519062500006 0.17974683593750002 0.45569620312500003 0.18607595 0.451898734375 0.2075949359375 0.4063291140625 0.22151898750000001 0.394936709375 0.2379746828125 0.3683544296875 0.2620253171875 0.34177215156249996 0.32531645625 0.283544303125 0.36075949375 0.2683544296875 0.3708860765625 0.28227848125 0.391139240625 0.2924050640625 0.3924050640625 0.265822784375 0.412658228125 0.251898734375 0.41645569687500006 0.2405063296875 0.4151898734375 0.22531645625 0.38607595 0.22531645625 0.32658227812499996 0.24556962031250001 0.312658228125 0.24683544375 0.2670886078125 0.2683544296875 0.26075949375 0.277215190625 0.23924050624999998 0.2886075953125 0.22784810156250002 0.28227848125 0.22784810156250002 0.2886075953125 0.22151898750000001 0.2924050640625 0.2189873421875 0.30126582343749997 0.2075949359375 0.30379746875 0.205063290625 0.31139240468749996 0.1974683546875 0.312658228125 0.1924050640625 0.32531645625 0.14050632968750001 0.3670886078125 0.1 0.4151898734375 0.08607595 0.42531645625000003 0.077215190625 0.44683544375000006 0.043037975 0.50379746875 0.043037975 0.54683544375 0.05822784843749999 0.5670886078125 0.077215190625 0.5759493671875 0.1202531640625 0.577215190625
3 0.0379746828125 0.19620253125 0.0670886078125 0.21265822812500002 0.0379746828125 0.2405063296875 0.027848101562499998 0.23670886093750002 0.012658228125 0.23670886093750002 0.012658228125 0.2405063296875 0.040506329687499995 0.2493670890625 0.04683544375 0.24303797500000002 0.051898734375 0.24683544375 0.0493670890625 0.251898734375 0.0670886078125 0.2582278484375 0.0683544296875 0.251898734375 0.08227848125000001 0.25316455625 0.07974683593750001 0.26075949375 0.10126582343749999 0.2670886078125 0.1075949359375 0.2670886078125 0.1113924046875 0.2620253171875 0.11392405000000001 0.2670886078125 0.12151898750000001 0.2683544296875 0.1329113921875 0.2645569625 0.1316455703125 0.27088607656249997 0.14050632968750001 0.2645569625 0.1455696203125 0.273417721875 0.1506329109375 0.269620253125 0.16455696250000001 0.2797468359375 0.16455696250000001 0.273417721875 0.15822784843749998 0.27088607656249997 0.1620253171875 0.2620253171875 0.1683544296875 0.2620253171875 0.16455696250000001 0.2582278484375 0.1721518984375 0.251898734375 0.18227848124999999 0.25569620312499997 0.183544303125 0.24683544375 0.1924050640625 0.2493670890625 0.1974683546875 0.24303797500000002 0.183544303125 0.24303797500000002 0.151898734375 0.22784810156250002 0.1354430375 0.22531645625 0.05822784843749999 0.1974683546875 0.027848101562499998 0.17341772187499999 0.0189873421875 0.17341772187499999 0.027848101562499998 0.1886075953125 0.03924050625 0.1848101265625 0.045569620312499996 0.191139240625 0.0379746828125 0.19620253125
3 0.051898734375 0.24556962031250001 0.054430379687499995 0.251898734375 0.06455696250000001 0.2582278484375 0.0708860765625 0.251898734375 0.073417721875 0.26075949375 0.0886075953125 0.2620253171875 0.09746835468750001 0.2670886078125 0.10632911406250001 0.2670886078125 0.1075949359375 0.26075949375 0.11392405000000001 0.26075949375 0.11645569687499999 0.2683544296875 0.12151898750000001 0.2620253171875 0.12531645625 0.27088607656249997 0.130379746875 0.2645569625 0.1367088609375 0.2645569625 0.13227848125 0.27088607656249997 0.151898734375 0.2759493671875 0.15569620312500002 0.273417721875 0.14303797499999998 0.2645569625 0.09746835468750001 0.2582278484375 0.030379746875000002 0.23670886093750002 0.030379746875000002 0.24556962031250001 0.016455696875000002 0.234177215625 0.012658228125 0.234177215625 0.015189873437500001 0.24303797500000002 0.04683544375 0.251898734375 0.051898734375 0.24556962031250001
2 0.8759493671874999 0.8860759500000001 0.9113924046875 0.8772151906250001 0.9278481015625 0.8645569625 0.9278481015625 0.8468354437500001 0.9189873421874999 0.8367088609375 0.9063291140624999 0.8316455703125 0.8670886078125 0.822784809375 0.8063291140625 0.8164556968750001 0.80379746875 0.6886075953125 0.794936709375 0.6797468359375001 0.7860759500000001 0.677215190625 0.78227848125 0.6784810125 0.7797468359375 0.8164556968750001 0.7708860765625001 0.8215189875 0.730379746875 0.8215189875 0.6949367093750001 0.8278481015624999 0.673417721875 0.834177215625 0.6620253171875 0.843037975 0.6620253171875 0.8645569625 0.6708860765625 0.873417721875 0.716455696875 0.8860759500000001 0.8759493671874999 0.8860759500000001
2 0.6797468359375001 0.294936709375 0.70379746875 0.3101265828125 0.743037975 0.3215189875 0.7670886078125 0.3215189875 0.7708860765625001 0.32531645625 0.773417721875 0.44683544375000006 0.777215190625 0.45569620312500003 0.777215190625 0.47721519062500006 0.7860759500000001 0.4848101265625 0.7860759500000001 0.5620253171875 0.7797468359375 0.5734177218750001 0.7797468359375 0.612658228125 0.78227848125 0.6278481015625 0.80379746875 0.6405063296875 0.8063291140625 0.5708860765625 0.8012658234375 0.5620253171875 0.8 0.5012658234375 0.8151898734374999 0.430379746875 0.8151898734374999 0.3101265828125 0.8189873421874999 0.30379746875 0.83924050625 0.2936708859375 0.873417721875 0.2620253171875 0.8924050640625 0.2316455703125 0.9063291140624999 0.1924050640625 0.9075949359375001 0.177215190625 0.9075949359375001 0.14050632968750001 0.9012658234375 0.11012658281250001 0.8886075953124999 0.083544303125 0.8620253171875 0.051898734375 0.82531645625 0.031645570312499996 0.7797468359375 0.02531645625 0.7367088609375 0.034177215625 0.6924050640625 0.05822784843749999 0.6620253171875 0.09113924062499999 0.643037975 0.12151898750000001 0.6367088609375 0.13924050625 0.6316455703125 0.15822784843749998 0.6316455703125 0.21265822812500002 0.6493670890625001 0.2620253171875 0.6797468359375001 0.294936709375
2 0.1328125 0.2265625 0.00234375 0.00234375
2 0.034177215625 0.183544303125 0.031645570312499996 0.1886075953125 0.0354430375 0.1924050640625 0.073417721875 0.21265822812500002 0.1 0.22151898750000001 0.1025316453125 0.2151898734375 0.1075949359375 0.216455696875 0.11012658281250001 0.222784809375 0.1189873421875 0.2189873421875 0.0493670890625 0.19493670937500002 0.027848101562499998 0.177215190625 0.027848101562499998 0.18227848124999999 0.034177215625 0.183544303125
2 0.0886075953125 0.577215190625 0.1189873421875 0.5759493671875 0.15569620312500002 0.5670886078125 0.183544303125 0.551898734375 0.1974683546875 0.5493670890625 0.222784809375 0.577215190625 0.2645569625 0.594936709375 0.2797468359375 0.6215189875 0.2797468359375 0.6367088609375 0.283544303125 0.6405063296875 0.3075949359375 0.64683544375 0.33417721562499997 0.6620253171875 0.3405063296875 0.6708860765625 0.3670886078125 0.6797468359375001 0.3759493671875 0.6797468359375001 0.391139240625 0.6645569625000001 0.40506329062499996 0.6670886078125 0.44050632968750003 0.6835443031249999 0.4797468359375 0.6797468359375001 0.5012658234375 0.6632911390625 0.5075949359374999 0.651898734375 0.516455696875 0.6455696203125 0.5430379750000001 0.6037974687500001 0.555696203125 0.5734177218750001 0.565822784375 0.5708860765625 0.612658228125 0.594936709375 0.6721518984375 0.6189873421875001 0.68607595 0.6316455703125 0.68607595 0.64683544375 0.6936708859375 0.6341772156250001 0.7025316453125 0.6341772156250001 0.843037975 0.6974683546875 0.8582278484374999 0.6974683546875 0.8645569625 0.6835443031249999 0.8645569625 0.677215190625 0.8582278484374999 0.6708860765625 0.8063291140625 0.6493670890625001 0.791139240625 0.6367088609375 0.7063291140625 0.6012658234375 0.7012658234375 0.58607595 0.691139240625 0.594936709375 0.6493670890625001 0.5734177218750001 0.616455696875 0.5620253171875 0.6012658234375 0.551898734375 0.5797468359375 0.5455696203125 0.5708860765625 0.5379746828124999 0.594936709375 0.47341772187500003 0.6 0.430379746875 0.5974683546875 0.40126582343750006 0.58227848125 0.37974683593749997 0.5417721515625 0.36455696249999997 0.52531645625 0.3544303796875 0.5215189875 0.348101265625 0.5215189875 0.3215189875 0.5012658234375 0.3063291140625 0.5075949359374999 0.216455696875 0.50379746875 0.1886075953125 0.5126582281250001 0.16708860781249998 0.50379746875 0.15569620312500002 0.494936709375 0.15316455625 0.48227848125 0.15316455625 0.47088607656250003 0.16075949375 0.47088607656250003 0.177215190625 0.4759493671875 0.1848101265625 0.4645569625 0.2063291140625 0.4645569625 0.277215190625 0.4594936703125 0.2924050640625 0.43797468281249996 0.28607594999999997 0.42278480937499996 0.28607594999999997 0.3987341765625 0.2974683546875 0.3924050640625 0.2936708859375 0.3924050640625 0.2645569625 0.40379746875 0.2582278484375 0.412658228125 0.24683544375 0.41645569687500006 0.234177215625 0.412658228125 0.22531645625 0.377215190625 0.22784810156250002 0.291139240625 0.2582278484375 0.283544303125 0.2582278484375 0.28227848125 0.25316455625 0.24683544375 0.2405063296875 0.230379746875 0.24303797500000002 0.2189873421875 0.251898734375 0.183544303125 0.2405063296875 0.17088607656250002 0.2405063296875 0.1683544296875 0.24556962031250001 0.1594936703125 0.23924050624999998 0.16455696250000001 0.234177215625 0.16075949375 0.2316455703125 0.15822784843749998 0.23670886093750002 0.151898734375 0.23670886093750002 0.14810126562499998 0.230379746875 0.14303797499999998 0.230379746875 0.16708860781249998 0.24810126562499998 0.15822784843749998 0.2670886078125 0.1620253171875 0.2886075953125 0.14303797499999998 0.30126582343749997 0.12531645625 0.322784809375 0.12531645625 0.369620253125 0.0924050640625 0.40379746875 0.08607595 0.430379746875 0.043037975 0.50379746875 0.043037975 0.54683544375 0.04683544375 0.555696203125 0.06455696250000001 0.5708860765625 0.0886075953125 0.577215190625