3 0.7677165359375 0.68823716875 0.7691670125 0.6895122734375 0.7774554499999999 0.6942939109374999 0.7791131375 0.6965253421875001 0.782842934375 0.6939751359375 0.7853294656250001 0.6860057375 0.7855366765625 0.6828179796875 0.7855366765625 0.6786738921875 0.7834645671875 0.6678355109375 0.786987153125 0.664966528125 0.7884376296875 0.660184890625 0.787815996875 0.6467963015625 0.786987153125 0.645839975 0.7867799421874999 0.642652215625 0.7834645671875 0.6365954734375 0.7818068796875 0.6365954734375 0.7805636140625001 0.63914568125 0.7818068796875 0.6503028375000001 0.7809780359375 0.6522154921875 0.7791131375 0.65285304375 0.7772482390625 0.662416321875 0.7760049734375001 0.6643289765625 0.77496891875 0.6694293906250001 0.7726895984375 0.67261715 0.7683381687499999 0.6754861328125 0.7660588484375 0.678355115625 0.76502279375 0.678355115625 0.7648155828125 0.68377430625 0.765437215625 0.6856869624999999 0.7673021140625 0.6866432890625 0.7677165359375 0.68823716875
3 0.6089929546875 0.9630219953125 0.61375880625 0.9630219953125 0.6139660171875 0.9639783234375001 0.6168669703125 0.964615875 0.6243265640625 0.9639783234375001 0.624533775 0.9630219953125 0.6276419390625 0.9620656671875001 0.6328222125 0.9572840296875 0.635723165625 0.9560089250000001 0.6363447984375 0.9547338218749999 0.6429755484374999 0.95345871875 0.6431827593749999 0.9525023906250001 0.647326978125 0.9512272875000001 0.6510567765624999 0.9461268734375 0.6527144640625 0.9419827859375 0.6585163703125 0.9368823718750001 0.6649399093749999 0.9349697156250001 0.6668048078125001 0.9333758375000001 0.67198508125 0.932419509375 0.672813925 0.93114440625 0.6825528390625 0.928275421875 0.6846249484375 0.9266815421875 0.7036883546875 0.9222186796875 0.70513883125 0.9209435765625 0.7099046828125 0.9196684734374999 0.7107335265625 0.91839336875 0.7140489015625 0.9174370421875 0.7144633234375 0.9161619375000001 0.7206796515625 0.9145680593750001 0.7210940734375 0.91361173125 0.726274346875 0.9116990749999999 0.7271031906250001 0.910423971875 0.7347699953125 0.9072362125 0.750518028125 0.894803953125 0.7577704109375001 0.8909786421874999 0.76170741875 0.888109659375 0.7619146296875 0.8871533312500001 0.764608371875 0.8865157796875 0.7656444265625 0.8849218999999999 0.7847078328125 0.8779088296875001 0.786158309375 0.8766337265624999 0.7917530046875 0.8753586234374999 0.7929962703125 0.87408351875 0.7973477 0.8734459671874999 0.8093659343749999 0.8673892249999999 0.8101947781250001 0.866114121875 0.81972648125 0.8626075875 0.8213841687500001 0.86069493125 0.8315375046875 0.85623206875 0.8340240359375001 0.8533630859375 0.8367177781249999 0.8520879828125001 0.8425196843749999 0.843799809375 0.844177371875 0.835192859375 0.8427268953124999 0.8259483578125 0.8392043093750001 0.8182977359375 0.838375465625 0.8125597703125 0.8375466218750001 0.8109658906250001 0.83298798125 0.7806821796875 0.8284293406250001 0.7704813515625 0.8255283875 0.7660184890624999 0.8246995437500001 0.76314950625 0.8211769578125001 0.7580490921874999 0.8211769578125001 0.7567739875 0.8199336921875 0.7561364359375 0.81972648125 0.75454255625 0.8174471609375 0.751036021875 0.8162038953125 0.7503984703125 0.8137173640625001 0.7459356078125 0.81309573125 0.7459356078125 0.8106092 0.7408351921875 0.8031496062500001 0.7322282437500001 0.8002486531249999 0.7271278296875 0.79817654375 0.7252151734375001 0.7973477 0.7226649671875001 0.7938251140625 0.7229837421875 0.795275590625 0.7341408984375 0.8016991296875 0.7414727453125 0.807293825 0.751036021875 0.808537090625 0.75199235 0.8101947781250001 0.7558176609375 0.8172399499999999 0.7650621609375 0.8263572312499999 0.782276059375 0.827186075 0.7867389218749999 0.8278077078124999 0.7870576984375 0.830915871875 0.8128785468749999 0.8321591375 0.8154287531250001 0.8323663484375 0.817660184375 0.8336096140624999 0.8192540640624999 0.8338168250000001 0.8214854953125 0.83464566875 0.822123046875 0.8352673015625 0.8259483578125 0.8367177781249999 0.82945489375 0.8367177781249999 0.835192859375 0.835888934375 0.8377430671875 0.8327807703125 0.8422059296875 0.8278077078124999 0.8453936875 0.826771653125 0.8469875671875 0.8166183171875 0.852725534375 0.81309573125 0.8536818609375001 0.812681309375 0.854956965625 0.8101947781250001 0.855275740625 0.8031496062500001 0.8603761562500001 0.79154579375 0.864201465625 0.7913385828124999 0.8651577937500001 0.7857438875 0.8657953453125 0.7822213015624999 0.8680267765625 0.7789059265625 0.8683455531250001 0.7757977625 0.870576984375 0.766266059375 0.8744022953125 0.7619146296875 0.876952503125 0.760878575 0.87854638125 0.7585992546875 0.8788651578125 0.7496891828125001 0.8865157796875 0.7476170734375 0.8871533312500001 0.7474098625 0.888428434375 0.7447161203125 0.8893847625 0.742851221875 0.89161619375 0.740364690625 0.8925725218749999 0.735391628125 0.8967166078125001 0.7275176125 0.9002231437500001 0.7264815578125 0.9018170218750001 0.7244094484375 0.9021357984374999 0.7177786984375001 0.9062798859375001 0.7113551593749999 0.9085113171874999 0.7111479484375 0.90946764375 0.705967675 0.9107427484375 0.7053460421875 0.9120178515624999 0.6920845421874999 0.916799490625 0.6844177375 0.9177558171875001 0.6815167843750001 0.9187121453125 0.6804807296875001 0.9199872484375 0.675714878125 0.9206248 0.6740571906249999 0.9212623531249999 0.6730211359375 0.9228562328125 0.66203895625 0.9263627671875 0.6512639874999999 0.9263627671875 0.6415250718750001 0.9241313359375001 0.6363447984375 0.9250876640625 0.633236634375 0.9266815421875 0.628263571875 0.93146318125 0.6276419390625 0.9330570609375 0.619975134375 0.9387950265624999 0.6187318687500001 0.9410264578125 0.6162453375 0.9423015625 0.6162453375 0.9432578890625001 0.6143804390625001 0.9454893203125 0.6118939078125 0.95377749375 0.6077496890625 0.9588779093750001 0.6079569 0.9620656671875001 0.6089929546875 0.9630219953125
2 0.622461665625 0.5387312718749999 0.6222544546875 0.540006375 0.624119353125 0.540006375 0.6234977203125001 0.5380937203125 0.622461665625 0.5387312718749999
2 0.605884790625 0.44309850156249997 0.6065064234374999 0.44532993281250005 0.6065064234374999 0.4517054515625 0.60712805625 0.45202422656249996 0.6062992125 0.456805865625 0.6079569 0.46700669375 0.6073352671875 0.46923812500000006 0.6073352671875 0.481032834375 0.605884790625 0.4883646796875 0.6052631578125001 0.498884284375 0.6065064234374999 0.5071724578125 0.6065064234374999 0.5132291999999999 0.60712805625 0.513547975 0.60712805625 0.5183296140625 0.6065064234374999 0.518967165625 0.60712805625 0.5192859421875 0.6073352671875 0.5221549249999999 0.60712805625 0.52406758125 0.6065064234374999 0.52438635625 0.6065064234374999 0.527892890625 0.6085785328125 0.5326745296875 0.6089929546875 0.5358622890625 0.6168669703125 0.5368186171875 0.6203895562499999 0.5349059609375 0.6278491500000001 0.5355435125 0.63033568125 0.53331208125 0.6317861578125 0.5358622890625 0.6326150015625001 0.540006375 0.6409034390625 0.540006375 0.64193949375 0.5380937203125 0.644840446875 0.53777494375 0.65043514375 0.5387312718749999 0.6545793625 0.5380937203125 0.6597596359375 0.5403251515624999 0.6726067140625 0.5403251515624999 0.6761293 0.5358622890625 0.6755076671875 0.52438635625 0.673228346875 0.5237488046875 0.67032739375 0.518648390625 0.67198508125 0.516735734375 0.6717778703125 0.5058973546875001 0.6709490265625 0.505578578125 0.6630750109375 0.49250876562499996 0.6630750109375 0.4896397828125 0.6647326984374999 0.4874083515625 0.6672192296875 0.488045903125 0.668255284375 0.4915524390625 0.669912971875 0.4807140578125 0.669912971875 0.45871852031250004 0.6688769171875 0.43576665625000005 0.6672192296875 0.43353522499999997 0.66535433125 0.4332164484375 0.6649399093749999 0.43194134531249995 0.6585163703125 0.43098501718750004 0.6576875265625 0.4290723625 0.6578947375 0.425884603125 0.660795690625 0.4163213265625 0.6649399093749999 0.40962703281249996 0.6651471203125 0.40771437656250004 0.6659759640625 0.40707682500000003 0.666597596875 0.4022951859375 0.6697057609375 0.396875996875 0.6688769171875 0.389225375 0.668255284375 0.389225375 0.6659759640625 0.3847625125 0.666597596875 0.372967803125 0.665768753125 0.3716927 0.6630750109375 0.3710551484375 0.6581019484375 0.372649028125 0.6547865734375 0.3720114765625 0.6510567765624999 0.3656359578125 0.648984665625 0.3656359578125 0.6467053453125 0.364042078125 0.6394529624999999 0.363723303125 0.6344799 0.3656359578125 0.6297140484375 0.365954734375 0.6268130953125 0.36531718125 0.625777040625 0.364042078125 0.618317446875 0.36308575 0.613344384375 0.3602167671875 0.6129299625 0.3589416640625 0.6102362203125 0.3579853359375 0.6089929546875 0.3554351296875 0.6096145875000001 0.35702900937500004 0.6085785328125 0.35862288750000004 0.6085785328125 0.362766975 0.6079569 0.36308575 0.6077496890625 0.3700988203125 0.60712805625 0.3758367875 0.6065064234374999 0.37615556250000004 0.6052631578125001 0.3885878234375 0.6050559468750001 0.40452661718750005 0.6062992125 0.4099458078125 0.6065064234374999 0.41823398125000005 0.605884790625 0.44309850156249997
2 0.7691670125 0.57762193125 0.777869871875 0.5792158109375001 0.7791131375 0.580809690625 0.78159966875 0.5814472421875 0.7900953171875 0.582722346875 0.793617903125 0.5811284671875 0.793617903125 0.57315906875 0.7913385828124999 0.5709276375 0.7619146296875 0.5604080328125 0.76004973125 0.5591329296875001 0.7579776218750001 0.5559451703125 0.751346871875 0.5559451703125 0.7484459171875 0.560726809375 0.746995440625 0.565189671875 0.746995440625 0.5686962062500001 0.751346871875 0.571883965625 0.7556983015625 0.5725215171875 0.7691670125 0.57762193125
2 0.7016162453125 0.7688874718750001 0.7016162453125 0.76346828125 0.7007874015625 0.762193178125 0.7007874015625 0.7583678671875 0.7026523 0.7564552124999999 0.7067965187499999 0.755498884375 0.708039784375 0.7567739875 0.7082469953125 0.7586866437500001 0.7061748859375 0.759961746875 0.7053460421875 0.7615556265625 0.7061748859375 0.766337265625 0.7134272687500001 0.7656997125 0.7157065890625 0.7586866437500001 0.7157065890625 0.75422378125 0.7142561125 0.7513547968750001 0.7165354328125 0.7440229515625 0.713012846875 0.7437041765625 0.7111479484375 0.7507172453125001 0.70928305 0.751036021875 0.705967675 0.749123365625 0.699336925 0.751036021875 0.699336925 0.7625119546875 0.69850808125 0.7688874718750001 0.6997513468750001 0.7714376796875 0.7016162453125 0.7688874718750001
2 0.7585992546875 0.7586866437500001 0.7610857859375 0.75422378125 0.760464153125 0.7433854 0.759635309375 0.7408351921875 0.7575632 0.7411539687500001 0.75673435625 0.7433854 0.7575632 0.755498884375 0.7594280984374999 0.7564552124999999 0.7579776218750001 0.7583678671875 0.7585992546875 0.7586866437500001
2 0.6251554078125 0.9639783234375001 0.6255698296875 0.9630219953125 0.6288852046875 0.9617468921875 0.6326150015625001 0.9579215812499999 0.6375880640625 0.9560089250000001 0.638209696875 0.9547338218749999 0.6442188140625 0.95345871875 0.644426025 0.9525023906250001 0.6479486109375 0.9512272875000001 0.653336096875 0.9419827859375 0.659138003125 0.9368823718750001 0.6721922921875 0.932738284375 0.6738499796874999 0.93114440625 0.6788230421875 0.930188078125 0.6792374640625 0.9292317499999999 0.6844177375 0.928275421875 0.6866970578125 0.9266815421875 0.705967675 0.9218999046875 0.7067965187499999 0.9206248 0.7111479484375 0.9196684734374999 0.7113551593749999 0.9187121453125 0.7142561125 0.9177558171875001 0.7157065890625 0.9161619375000001 0.7206796515625 0.914886834375 0.73580605 0.9069174375 0.7364276828125 0.9056423328125 0.7384997921875 0.9050047812500001 0.74160795625 0.9018170218750001 0.7498963937500001 0.8963978328125 0.750518028125 0.895122728125 0.758806465625 0.8906598656250001 0.759635309375 0.8890659859375001 0.7660588484375 0.8858782281250001 0.767923746875 0.883965571875 0.7702030671875 0.883965571875 0.7780770828125 0.8798214859375 0.7923746375 0.8753586234374999 0.792789059375 0.8744022953125 0.79817654375 0.8734459671874999 0.8099875671874999 0.8673892249999999 0.811023621875 0.866114121875 0.8137173640625001 0.8657953453125 0.8162038953125 0.8635639140625001 0.820555325 0.8626075875 0.8213841687500001 0.8610137078125 0.8315375046875 0.8568696203125 0.83464566875 0.8533630859375 0.8367177781249999 0.8524067578125001 0.8377538328125 0.8504941031250001 0.8385826765625 0.8504941031250001 0.8389970984374999 0.8489002234375 0.8425196843749999 0.8444373609375001 0.844177371875 0.8371055140625 0.844177371875 0.8307299968749999 0.8425196843749999 0.8246732546875 0.8389970984374999 0.817660184375 0.838375465625 0.8109658906250001 0.8377538328125 0.810647115625 0.8373394109375001 0.806503028125 0.8360961453125 0.8026777171875 0.8336096140624999 0.7825948359375 0.8323663484375 0.780044628125 0.8315375046875 0.7755817656249999 0.8300870281250001 0.7743066625 0.8211769578125001 0.7567739875 0.8203481140625 0.7564552124999999 0.817654371875 0.7513547968750001 0.8162038953125 0.7503984703125 0.8108164109375 0.7411539687500001 0.8093659343749999 0.740197640625 0.80480729375 0.7331845718750001 0.8033568171875001 0.73254701875 0.8031496062500001 0.731271915625 0.7983837546875 0.725852725 0.7973477 0.7229837421875 0.7923746375 0.7226649671875001 0.7921674265624999 0.7303155875 0.793617903125 0.731271915625 0.7938251140625 0.7347784500000001 0.7987981765625001 0.7386037609375 0.7996270203125 0.7405164171874999 0.8016991296875 0.7414727453125 0.8033568171875001 0.7452980546875 0.8046000828125001 0.7459356078125 0.8062577703124999 0.7497609187500001 0.808537090625 0.7523111250000001 0.8093659343749999 0.7548613328125 0.8116452546874999 0.7570927640625 0.8133029421875 0.760918075 0.816825528125 0.7650621609375 0.816825528125 0.766337265625 0.81806879375 0.7672935921875 0.8182760046875 0.7688874718750001 0.8211769578125001 0.773031559375 0.8211769578125001 0.7743066625 0.822627434375 0.7755817656249999 0.8228346453125001 0.7771756453124999 0.827186075 0.7857825953125 0.827186075 0.7902454578125 0.8278077078124999 0.7905642328125 0.8278077078124999 0.7940707687499999 0.8307086609375001 0.8109658906250001 0.8311230828125 0.8167038578125 0.8331951921874999 0.819891615625 0.8338168250000001 0.8233981515625001 0.835888934375 0.8272234624999999 0.8367177781249999 0.8307299968749999 0.8367177781249999 0.8348740828125001 0.8344384578125 0.839336946875 0.8319519265625 0.8422059296875 0.827186075 0.8450749125 0.8263572312499999 0.8466687921875 0.8124740984375001 0.8536818609375001 0.8122668875000001 0.8546381890625 0.8087443015625 0.8555945171875001 0.8081226687499999 0.8568696203125 0.8050145046875 0.8578259484374999 0.80149191875 0.8603761562500001 0.7886448406250001 0.864201465625 0.7884376296875 0.8651577937500001 0.78325735625 0.866114121875 0.7822213015624999 0.8677080015625 0.7722751765625 0.870576984375 0.761292996875 0.87631495 0.74906755 0.8849218999999999 0.74823870625 0.8865157796875 0.746166596875 0.8871533312500001 0.745752175 0.888428434375 0.74326564375 0.8890659859375001 0.7424368 0.8906598656250001 0.7401574796875 0.89161619375 0.7376709484374999 0.8941664015624999 0.7271031906250001 0.899585590625 0.725859925 0.9011794703125 0.7225445500000001 0.9021357984374999 0.7140489015625 0.9072362125 0.709697471875 0.9085113171874999 0.7088686281250001 0.9097864203125001 0.7053460421875 0.910423971875 0.7028595109375 0.912336628125 0.6945710734375 0.9152056109375 0.6786158312499999 0.9187121453125 0.6775797765625 0.9199872484375 0.672813925 0.9212623531249999 0.6726067140625 0.9222186796875 0.670741815625 0.9231750078125 0.6622461671875 0.926043990625 0.6568586828125 0.9263627671875 0.644426025 0.9241313359375001 0.6384169078124999 0.9241313359375001 0.6334438453125 0.926043990625 0.6247409859374999 0.9349697156250001 0.6185246578125 0.939432578125 0.6181102359375 0.9410264578125 0.6156237046874999 0.9423015625 0.6118939078125 0.94931463125 0.6110650640624999 0.95345871875 0.6073352671875 0.956965253125 0.6065064234374999 0.9598342359375 0.60878574375 0.9639783234375001 0.619146290625 0.9649346515625 0.6251554078125 0.9639783234375001
2 0.45109821875 0.8683455531250001 0.44881889687500004 0.8683455531250001 0.4481972640625 0.8696206562500001 0.449647740625 0.870576984375 0.4517198515625 0.86930188125 0.45109821875 0.8683455531250001
2 0.4390799828125 0.8680267765625 0.4357646078125 0.8683455531250001 0.43514297500000004 0.8689831046875 0.435557396875 0.8699394328125001 0.43928719374999997 0.8699394328125001 0.4390799828125 0.8680267765625
2 0.4171156234375 0.8657953453125 0.4191877328125 0.8657953453125 0.4179444671875 0.864201465625 0.4171156234375 0.8657953453125
2 0.31019477812499996 0.7857825953125 0.3120596765625 0.7857825953125 0.3108164109375 0.78546381875 0.31019477812499996 0.7857825953125
2 0.24765625 0.7515625 0.00078125 0.00078125
2 0.2544550359375 0.7449792796875 0.2556983015625 0.7449792796875 0.25507666875 0.7437041765625 0.2544550359375 0.7449792796875
2 0.210526315625 0.150462225 0.2103191046875 0.15683774374999998 0.2090758390625 0.1635320375 0.2090758390625 0.1887153328125 0.20969747187499999 0.191265540625 0.2090758390625 0.20656678281250002 0.2090758390625 0.23238763125 0.20969747187499999 0.23685049375 0.2090758390625 0.2406758046875 0.20969747187499999 0.2492827546875 0.2090758390625 0.2795664640625 0.20990468281250002 0.290723621875 0.20928304999999997 0.342046540625 0.20990468281250002 0.3445967484375 0.210526315625 0.3576665609375 0.210526315625 0.37806821875 0.20990468281250002 0.3812559765625 0.210526315625 0.3847625125 0.210526315625 0.40580172187499997 0.20990468281250002 0.4121772390625 0.210526315625 0.41536499843749997 0.20990468281250002 0.41791520625 0.210526315625 0.4204654125 0.21073352656250002 0.4290723625 0.21073352656250002 0.46923812500000006 0.211355159375 0.46955690156249996 0.21073352656250002 0.477845075 0.211355159375 0.47816385156249996 0.21176958125 0.49633407656250006 0.211355159375 0.5380937203125 0.21197679218749998 0.5581766015625 0.21197679218749998 0.5989799171875 0.212598425 0.59929869375 0.2128056359375 0.605036659375 0.2128056359375 0.6742110296875 0.21425611249999998 0.6805865484375 0.2173642765625 0.6850494109375 0.22213012812500002 0.6888747203125 0.2285536671875 0.6965253421875001 0.23021135468749998 0.6971628937500001 0.2308329875 0.6987567734375 0.245337753125 0.7153331203125 0.24989639375 0.7226649671875001 0.2536261921875 0.7319094671874999 0.2559055125 0.733503346875 0.2559055125 0.737647434375 0.2606713640625 0.7408351921875 0.26170741875000003 0.7449792796875 0.2658516375 0.7478482625 0.267923746875 0.7513547968750001 0.2697886453125 0.75199235 0.26999585625 0.7529486765625 0.276212184375 0.75422378125 0.2757977625 0.7583678671875 0.279527559375 0.7593241953125001 0.28159966875000003 0.7615556265625 0.2818068796875 0.7660184890624999 0.2913385828125 0.768568696875 0.2913385828125 0.7698438000000001 0.28988810625 0.77207523125 0.293617903125 0.7727127828125 0.29817654375 0.7794070765625001 0.3137173640625 0.782276059375 0.31475341874999996 0.7870576984375 0.3174471609375 0.788651578125 0.32200580156249997 0.7892891296875 0.32200580156249997 0.790883009375 0.320555325 0.7927956640625 0.3315375046875 0.7947083203124999 0.330915871875 0.8001275109374999 0.3315375046875 0.8004462859375 0.3315375046875 0.79885240625 0.33340240312499997 0.79853363125 0.3327117703125 0.8004462859375 0.3371322 0.8007650625 0.3414836296875 0.8039528218750001 0.3443845828125 0.804271596875 0.3452134265625 0.8061842531250001 0.347492746875 0.8068218046875 0.3489432234375 0.808415684375 0.35806050625 0.8090532359375 0.3582677171875 0.8100095625 0.36303356875000004 0.8109658906250001 0.3640696234375 0.8128785468749999 0.3671777875 0.815109978125 0.3731869046875 0.8167038578125 0.37629506875 0.8211667203124999 0.3771239125 0.8237169265625001 0.3785743890625 0.8246732546875 0.3777455453125 0.8275422375 0.3798176546875 0.8291361171875 0.391628678125 0.8300924453125 0.39204310000000003 0.8310487734375 0.3937007875 0.8310487734375 0.394944053125 0.83391775625 0.40799834218750003 0.8377430671875 0.4071694984375 0.84061205 0.407376709375 0.8422059296875 0.418151678125 0.8428434812500001 0.41835888906249996 0.843799809375 0.42125984218749996 0.8447561359375 0.422295896875 0.8466687921875 0.4262329046875 0.8482626718749999 0.42747617031249996 0.8501753265625001 0.43099875625 0.8508128781250001 0.43203481093749996 0.852725534375 0.43348528750000004 0.8511316546875 0.43597181875 0.8508128781250001 0.43659345156249996 0.8533630859375 0.434728553125 0.855275740625 0.436386240625 0.8546381890625 0.4461251546875 0.8578259484374999 0.4525486953125 0.8584635 0.45524243750000004 0.8613324828125 0.45669291406249996 0.866114121875 0.45420638281250003 0.8683455531250001 0.45379196093749996 0.872808415625 0.4481972640625 0.875996175 0.4481972640625 0.8795027093750001 0.4602155 0.8804590375 0.4707832578125 0.8766337265624999 0.4973062578125 0.875996175 0.5016576875000001 0.8753586234374999 0.5018648984375 0.8744022953125 0.5126398671875 0.8734459671874999 0.5167840859374999 0.8718520875 0.553667634375 0.8673892249999999 0.5588479078125 0.8657953453125 0.5820555328125 0.8657953453125 0.583506009375 0.8629263625 0.5837132203125 0.8591010515624999 0.5857853296875 0.8514504296875 0.5915872359375001 0.84730634375 0.5930377124999999 0.8447561359375 0.5940737671874999 0.8383806187499999 0.5946954 0.8377430671875 0.5953170328125 0.8316863250000001 0.5959386656250001 0.8313675484375 0.596767509375 0.8233981515625001 0.6011189390625 0.8128785468749999 0.6019477828124999 0.8049091484374999 0.6004973062500001 0.7934332171875 0.6004973062500001 0.784188715625 0.603398259375 0.764105834375 0.6027766265625 0.755498884375 0.6021549937499999 0.7548613328125 0.6021549937499999 0.7513547968750001 0.6004973062500001 0.7437041765625 0.5961458765625001 0.7373286578125 0.5961458765625001 0.7121453625 0.5953170328125 0.711507809375 0.5951098218750001 0.7054510671875 0.5975963531249999 0.702582084375 0.5975963531249999 0.6997131015625 0.600082884375 0.69238125625 0.599254040625 0.6885559453125001 0.6002900953125 0.6847306343749999 0.6027766265625 0.6805865484375 0.6029838375 0.6662416328125 0.6036054703125 0.6630538734375 0.6036054703125 0.655084475 0.6027766265625 0.6522154921875 0.6027766265625 0.6477526296875 0.6036054703125 0.6416958875 0.6044343140625 0.6059929875 0.6050559468750001 0.6034427796874999 0.6050559468750001 0.594198278125 0.604227103125 0.591966846875 0.604227103125 0.5871852093750001 0.6036054703125 0.5868664328125 0.6027766265625 0.5667835515624999 0.604227103125 0.563277015625 0.6050559468750001 0.5549888421875 0.6044343140625 0.5390500484375 0.6050559468750001 0.5320369781250001 0.604227103125 0.52853044375 0.604227103125 0.5247051328125 0.6036054703125 0.52406758125 0.6019477828124999 0.5148230796875 0.6007045171875001 0.511954096875 0.6015333609375 0.50685368125 0.60132615 0.5007969390625 0.6004973062500001 0.4982467328125 0.6004973062500001 0.4905961109375 0.6019477828124999 0.48613324843749994 0.6019477828124999 0.481351609375 0.5996684625 0.47593241875 0.5961458765625001 0.47338221249999995 0.5953170328125 0.47019445312499997 0.59883961875 0.4673254703125 0.6019477828124999 0.4663691421875 0.6048487359375 0.45967484843750006 0.604227103125 0.4564870890625 0.6050559468750001 0.4517054515625 0.604227103125 0.4488364671875 0.604227103125 0.4440548296875 0.6048487359375 0.4418233984375 0.6050559468750001 0.433854 0.6056775796875 0.43353522499999997 0.6056775796875 0.42875358593749996 0.6050559468750001 0.4284348109375 0.6050559468750001 0.42269684375 0.6056775796875 0.42237806874999995 0.6056775796875 0.4207841890625 0.6050559468750001 0.4204654125 0.604227103125 0.4073956015625 0.6021549937499999 0.40388906562500004 0.6021549937499999 0.40070130624999994 0.603398259375 0.399107428125 0.6036054703125 0.394963340625 0.604227103125 0.3943257890625 0.6050559468750001 0.3758367875 0.6056775796875 0.3755180109375 0.6056775796875 0.36117309531249997 0.6050559468750001 0.36085431875 0.6044343140625 0.3458718515625 0.6050559468750001 0.3315269359375 0.6056775796875 0.3312081609375 0.6062992125 0.32036977968749997 0.6056775796875 0.30570608906249996 0.6050559468750001 0.3053873125 0.6050559468750001 0.30283710625000004 0.6056775796875 0.3025183296875 0.6056775796875 0.2961428109375 0.6050559468750001 0.2958240359375 0.604227103125 0.29008606875 0.6050559468750001 0.28689831093749996 0.604227103125 0.2607586859375 0.6050559468750001 0.25884603125 0.6050559468750001 0.25661459999999997 0.6056775796875 0.2562958234375 0.6048487359375 0.246413771875 0.605884790625 0.231112528125 0.6056775796875 0.20624800781250002 0.6062992125 0.2017851453125 0.6056775796875 0.19222186875 0.6062992125 0.189034109375 0.6062992125 0.1724577625 0.6056775796875 0.1679949 0.6056775796875 0.1555626390625 0.6050559468750001 0.1552438640625 0.6044343140625 0.15173732812500001 0.6044343140625 0.150462225 0.6056775796875 0.149187121875 0.6056775796875 0.14281160312500002 0.6050559468750001 0.142492828125 0.603398259375 0.13707363749999998 0.6044343140625 0.133885878125 0.6021549937499999 0.13069811874999998 0.599254040625 0.12017851406249999 0.5990468296875 0.11029646093750001 0.5973891421874999 0.102964615625 0.5961458765625001 0.100733184375 0.5915872359375001 0.09977685625 0.53398259375 0.1000956328125 0.529423953125 0.09945808125 0.5292167421875 0.09850175312500001 0.519477828125 0.0978642015625 0.5039370078125 0.09850175312500001 0.492125984375 0.09754542499999999 0.46684625 0.09754542499999999 0.45420638281250003 0.0956327703125 0.41483630312499997 0.09403889062500001 0.407376709375 0.0924450109375 0.39121425625 0.09116990781249999 0.39100704531249997 0.0902135796875 0.37795275625 0.089576028125 0.3748445921875 0.08893847656250001 0.37463738125 0.08798214843749999 0.362204725 0.0870258203125 0.3493576453125 0.0841568375 0.3211769578125 0.0803315265625 0.2789059265625 0.08192540625 0.2625362625 0.0841568375 0.23891421406250002 0.0841568375 0.233733940625 0.085113165625 0.2277248234375 0.08798214843749999 0.21840033124999997 0.09754542499999999 0.21653543281249998 0.098182978125 0.21073352656250002 0.1055148234375 0.2103191046875 0.10774625468750001 0.20928304999999997 0.1090213578125 0.2082469953125 0.12304749687500001 0.20845420625000002 0.133885878125 0.20762536250000002 0.13707363749999998 0.2090758390625 0.14823079374999998 0.210526315625 0.150462225
2 0.159966846875 0.08447561406250001 0.1605884796875 0.0847943890625 0.1610029015625 0.120816065625 0.16141732343749998 0.1287854640625 0.16203895625 0.1291042390625 0.16141732343749998 0.141855275 0.16203895625 0.14217405156250001 0.16307501093750001 0.18967166093750001 0.1645254875 0.1928594203125 0.16825528437499998 0.19190309218749999 0.2028595109375 0.19190309218749999 0.205967675 0.1909467640625 0.20700372968749997 0.1887153328125 0.205967675 0.1651259171875 0.20762536250000002 0.15747529531249999 0.205967675 0.153968759375 0.2045171984375 0.1440867078125 0.205967675 0.1373924125 0.20513883125 0.1300605671875 0.20534604218750002 0.1233662734375 0.205967675 0.12145361875 0.20658930781249998 0.1058335984375 0.208868628125 0.10041440937499999 0.210526315625 0.0991393046875 0.2111479484375 0.0959515453125 0.215499378125 0.0921262359375 0.2148777453125 0.08893847656250001 0.21508495625 0.060567421875000006 0.21425611249999998 0.0459037296875 0.21011189375 0.043034746875 0.1962287609375 0.0436722984375 0.19602155000000002 0.0446286265625 0.164939909375 0.0449474015625 0.159966846875 0.0459037296875 0.1593452140625 0.047816384375 0.1593452140625 0.0637551796875 0.159966846875 0.06885559375 0.159966846875 0.08447561406250001
2 0.6036054703125 0.7350972265625 0.6036054703125 0.7452980546875 0.6050559468750001 0.75199235 0.6052631578125001 0.7660184890624999 0.605884790625 0.7682499203125001 0.6021549937499999 0.78546381875 0.6036054703125 0.7956646484375 0.6036054703125 0.8080969078125 0.6029838375 0.808734459375 0.6019477828124999 0.8167038578125 0.5990468296875 0.824035703125 0.59883961875 0.8313675484375 0.5990468296875 0.83391775625 0.5998756734375 0.8345553078125001 0.6065064234374999 0.8345553078125001 0.6129299625 0.8335989796875 0.6147948609375 0.8323238765625 0.6239121421875 0.8313675484375 0.63033568125 0.8275422375 0.6344799 0.819572840625 0.6371736421875001 0.81638508125 0.6471197671875 0.8170226328125001 0.6541649406250001 0.8230793750000001 0.6688769171875 0.8208479437499999 0.67032739375 0.82052916875 0.6705346046875 0.819572840625 0.6786158312499999 0.8186165125 0.6846249484375 0.8112846671874999 0.6866970578125 0.8109658906250001 0.689805221875 0.808734459375 0.703066721875 0.8077781312500001 0.7032739328125001 0.8068218046875 0.7061748859375 0.8058654765625001 0.7090758390625 0.8058654765625001 0.7244094484375 0.8007650625 0.7306257765625 0.8001275109374999 0.732076253125 0.79853363125 0.737878159375 0.7972585265625 0.7380853703125 0.7963022 0.7459593859375 0.7956646484375 0.7501036062499999 0.797577303125 0.7559055125 0.7972585265625 0.7561127234375 0.7963022 0.7722751765625 0.7918393375 0.7751761296875 0.78960790625 0.7791131375 0.7838699390625 0.782842934375 0.781957284375 0.79071695 0.7813197328125 0.7967260671874999 0.7829136125 0.7973477 0.7816385078125 0.7975549109375 0.7672935921875 0.7967260671874999 0.7647433859375 0.7942395359375001 0.7618744015625001 0.7938251140625 0.759961746875 0.7938251140625 0.7414727453125 0.794446746875 0.7389225374999999 0.796104434375 0.7370098828125 0.7971404890625 0.7370098828125 0.80149191875 0.7411539687500001 0.8089515125 0.753586228125 0.8172399499999999 0.7650621609375 0.8263572312499999 0.781957284375 0.827186075 0.7857825953125 0.8278077078124999 0.7861013703124999 0.8278077078124999 0.790883009375 0.829258184375 0.7963022 0.8294653953125 0.8026777171875 0.830915871875 0.8093720109375001 0.8311230828125 0.8138348734375 0.8367177781249999 0.82945489375 0.8367177781249999 0.8355116359375 0.8352673015625 0.83869939375 0.83298798125 0.841887153125 0.8302942390625001 0.84316225625 0.8261500203125 0.84730634375 0.81309573125 0.8536818609375001 0.8128885203125 0.8546381890625 0.8101947781250001 0.855275740625 0.8029423953125001 0.8600573796875001 0.7900953171875 0.864201465625 0.78988810625 0.8651577937500001 0.7855366765625 0.8657953453125 0.783671778125 0.8673892249999999 0.7722751765625 0.8708957609375 0.76502279375 0.8744022953125 0.7644011609375 0.8756773984375 0.7573559890625 0.8788651578125 0.756319934375 0.8807778125000001 0.753004559375 0.8823716921875 0.7488603390625 0.8861970031249999 0.746166596875 0.8874721078125001 0.7459593859375 0.888428434375 0.7434728546875 0.8890659859375001 0.73829258125 0.8941664015624999 0.7306257765625 0.8979917125 0.7293825109375 0.899585590625 0.7268959796875001 0.9002231437500001 0.72668876875 0.9011794703125 0.710526315625 0.9085113171874999 0.7103191046874999 0.90946764375 0.705967675 0.910423971875 0.7036883546875 0.912336628125 0.7007874015625 0.912655403125 0.6945710734375 0.9155243859375 0.6891835890625 0.9161619375000001 0.6755076671875 0.920306025 0.6730211359375 0.92253745625 0.6694985499999999 0.9231750078125 0.6647326984374999 0.9257252156250001 0.6578947375 0.9266815421875 0.6392457515625 0.9241313359375001 0.6334438453125 0.9263627671875 0.6280563609375001 0.93114440625 0.6276419390625 0.932738284375 0.625777040625 0.9333758375000001 0.6251554078125 0.9349697156250001 0.6228760875 0.93592604375 0.6147948609375 0.9438954421875 0.6118939078125 0.9496334078125 0.6114794859375 0.95345871875 0.6079569 0.956965253125 0.6073352671875 0.9598342359375 0.6089929546875 0.9627032203124999 0.61375880625 0.9630219953125 0.6141732281250001 0.9639783234375001 0.618317446875 0.964615875 0.6243265640625 0.9639783234375001 0.624533775 0.9630219953125 0.6278491500000001 0.9620656671875001 0.6326150015625001 0.9576028046875 0.6361375875 0.9560089250000001 0.6371736421875001 0.9544150468750001 0.6421467046875 0.95377749375 0.6467053453125 0.9512272875000001 0.650849565625 0.9464456484375001 0.6527144640625 0.9419827859375 0.6585163703125 0.9368823718750001 0.6668048078125001 0.9333758375000001 0.671570659375 0.932738284375 0.67364276875 0.9308256296874999 0.6829672609374999 0.928275421875 0.6846249484375 0.9266815421875 0.703895565625 0.9218999046875 0.704724409375 0.9206248 0.709697471875 0.9196684734374999 0.7099046828125 0.9187121453125 0.7140489015625 0.9174370421875 0.71508495625 0.9158431625000001 0.726274346875 0.9116990749999999 0.7271031906250001 0.910423971875 0.7306257765625 0.90914886875 0.7308329875 0.9081925406250001 0.738707003125 0.9043672296875 0.7434728546875 0.899585590625 0.745752175 0.8989480390625 0.7501036062499999 0.894803953125 0.752175715625 0.8944851765624999 0.753833403125 0.8925725218749999 0.7579776218750001 0.8906598656250001 0.761292996875 0.8871533312500001 0.764608371875 0.8861970031249999 0.76502279375 0.8849218999999999 0.7691670125 0.883965571875 0.7708247 0.8823716921875 0.7791131375 0.8788651578125 0.7967260671874999 0.8734459671874999 0.7983837546875 0.8718520875 0.804392871875 0.8699394328125001 0.8095731453124999 0.866114121875 0.8137173640625001 0.8651577937500001 0.8145462078125 0.8638826906249999 0.8191048484375001 0.8626075875 0.8244923328124999 0.8587822765625001 0.8298798171874999 0.8568696203125 0.838375465625 0.8501753265625001 0.8427268953124999 0.8422059296875 0.8435557390625 0.8367867390624999 0.843348528125 0.82977366875 0.8375466218750001 0.8138348734375 0.8344384578125 0.7905642328125 0.8338168250000001 0.7902454578125 0.8331951921874999 0.782276059375 0.8323663484375 0.7813197328125 0.8315375046875 0.7771756453124999 0.8172399499999999 0.7513547968750001 0.8159966843750001 0.7507172453125001 0.8151678406249999 0.7484858140624999 0.8133029421875 0.746891934375 0.8104019890625 0.7414727453125 0.8064649812500001 0.7373286578125 0.8041856609375 0.7331845718750001 0.8021135515625 0.7322282437500001 0.8004558640624999 0.7284029328125 0.79817654375 0.7264902765625 0.7967260671874999 0.7226649671875001 0.795275590625 0.7223461906249999 0.7932034812500001 0.7194772078125 0.7921674265624999 0.7172457765625 0.7921674265624999 0.70991393125 0.7929962703125 0.7064073953125 0.789473684375 0.7032196359375 0.7890592625 0.7019445328125 0.786158309375 0.7009882046875 0.781185246875 0.6962065671875 0.78159966875 0.693337584375 0.78325735625 0.691106153125 0.7840862000000001 0.68791839375 0.7840862000000001 0.6805865484375 0.7826357234375 0.6764424609375 0.7809780359375 0.6751673578124999 0.7809780359375 0.673892253125 0.7824285125 0.6678355109375 0.7867799421874999 0.66177876875 0.7871943640625 0.65731590625 0.7863655203125 0.644883646875 0.78491504375 0.64360854375 0.7838789890625 0.6401020078124999 0.7818068796875 0.6378705765625 0.7809780359375 0.6343640421875001 0.780356403125 0.634045265625 0.779527559375 0.627032196875 0.7780770828125 0.6254383171875 0.7768338171875 0.62161300625 0.7726895984375 0.616193815625 0.7683381687499999 0.6145999359375 0.765437215625 0.6123685046875 0.7625362625000001 0.6075868671875 0.7625362625000001 0.6002550203125 0.7631578953125 0.5999362453125 0.7637795281249999 0.589416640625 0.7625362625000001 0.580809690625 0.7610857859375 0.578578259375 0.761292996875 0.5766656046875 0.7689598015625 0.5766656046875 0.772067965625 0.5782594828125001 0.7793203484375 0.5792158109375001 0.782842934375 0.5814472421875 0.7905097390625 0.5824035703125 0.7932034812500001 0.580809690625 0.7938251140625 0.57762193125 0.793617903125 0.574115396875 0.79071695 0.5709276375 0.78325735625 0.5686962062500001 0.781185246875 0.567739878125 0.7809780359375 0.5667835515624999 0.774554496875 0.5658272234374999 0.771239121875 0.5635957921875 0.7691670125 0.5635957921875 0.761292996875 0.5600892578125001 0.7579776218750001 0.5562639468749999 0.754247825 0.5556263953125 0.7515540828125 0.5559451703125 0.7476170734375 0.5620019125 0.746995440625 0.5658272234374999 0.744508909375 0.5696525343750001 0.7360132609375001 0.5699713109375 0.7297969328125 0.5715651890625 0.7271031906250001 0.5734778453125 0.725859925 0.57762193125 0.72337339375 0.5795345875 0.72171570625 0.57730315625 0.719643596875 0.5763468281249999 0.7192291749999999 0.575071725 0.7159137999999999 0.57315906875 0.710526315625 0.5667835515624999 0.7078325734375001 0.5658272234374999 0.7067965187499999 0.56391456875 0.703895565625 0.5626394640625 0.703066721875 0.560726809375 0.6966431828124999 0.5556263953125 0.69602155 0.554032515625 0.6883547453125 0.5489321 0.6825528390625 0.5470194453125 0.6813095734375 0.5447880140625 0.6800663078125 0.53745616875 0.6792374640625 0.5361810640625 0.6786158312499999 0.529805546875 0.6755076671875 0.5176920625 0.6734355578125 0.5151418546875 0.6726067140625 0.5058973546875001 0.67198508125 0.505259803125 0.6705346046875 0.49569652499999994 0.67032739375 0.46955690156249996 0.6697057609375 0.46668791875000004 0.66866970625 0.43608543125 0.6668048078125001 0.4351291046875 0.6659759640625 0.43353522499999997 0.6585163703125 0.43098501718750004 0.6576875265625 0.42875358593749996 0.658309159375 0.42397194843749997 0.6593452140625 0.42205929218750005 0.6593452140625 0.41664010156250003 0.6601740578124999 0.4131335671875 0.6614173234375 0.410583359375 0.6649399093749999 0.408033153125 0.666597596875 0.4000637546875 0.66866970625 0.3987886515625 0.66866970625 0.3911380296875 0.6680480734375001 0.38954415 0.666597596875 0.38890659843750003 0.665768753125 0.38444373593750003 0.6651471203125 0.384124959375 0.6659759640625 0.379662096875 0.665768753125 0.3732865796875 0.6610029015625 0.372649028125 0.6581019484375 0.3745616828125 0.6541649406250001 0.37424290781249997 0.652507253125 0.3716927 0.65209283125 0.36946126874999996 0.6510567765624999 0.368186165625 0.648984665625 0.3678673890625 0.647326978125 0.3656359578125 0.6361375875 0.36531718125 0.6297140484375 0.36659228593750004 0.6259842515625 0.3646796296875 0.619975134375 0.363723303125 0.61458765 0.36053554375 0.6139660171875 0.3589416640625 0.610857853125 0.3576665609375 0.610029009375 0.3554351296875 0.60878574375 0.3557539046875 0.6085785328125 0.359579215625 0.6094073765625 0.362766975 0.60878574375 0.363723303125 0.6085785328125 0.3678673890625 0.6079569 0.368186165625 0.6077496890625 0.3767931140625 0.605884790625 0.3863563921875 0.6052631578125001 0.3952821171875 0.6052631578125001 0.40293273906250004 0.6065064234374999 0.4099458078125 0.60712805625 0.410264584375 0.6077496890625 0.42301562031250006 0.60712805625 0.43353522499999997 0.6065064234374999 0.433854 0.6065064234374999 0.44469238125 0.6073352671875 0.4466050359375 0.6073352671875 0.45361810625 0.6065064234374999 0.4542556578125 0.6062992125 0.4561683140625 0.6073352671875 0.4730634359375 0.60712805625 0.4775262984375 0.6065064234374999 0.477845075 0.6065064234374999 0.48517692031250004 0.6056775796875 0.48868345625 0.6056775796875 0.529805546875 0.6077496890625 0.5368186171875 0.60712805625 0.5416002546875001 0.6073352671875 0.5505259796875001 0.60712805625 0.5527574109375 0.6065064234374999 0.5530761875 0.60712805625 0.5594517046874999 0.6065064234374999 0.5600892578125001 0.6052631578125001 0.5757092765625 0.6052631578125001 0.5846350015625 0.6065064234374999 0.5922856234375 0.6073352671875 0.5932419515625 0.6079569 0.6002550203125 0.6077496890625 0.603124003125 0.6056775796875 0.6088619703125 0.605884790625 0.6149187125 0.6073352671875 0.620656678125 0.6073352671875 0.6244819890625 0.6065064234374999 0.62607586875 0.60712805625 0.6311762828124999 0.6065064234374999 0.631495059375 0.605884790625 0.635957921875 0.6062992125 0.6509403890625001 0.6073352671875 0.6541281484375 0.60712805625 0.660184890625 0.6065064234374999 0.6605036656250001 0.6065064234374999 0.663691425 0.60712805625 0.664647753125 0.6065064234374999 0.664966528125 0.605884790625 0.673573478125 0.605884790625 0.6856869624999999 0.6065064234374999 0.6888747203125 0.60712805625 0.689193496875 0.6073352671875 0.6930188078125 0.6065064234374999 0.6942939109374999 0.6065064234374999 0.6962065671875 0.6050559468750001 0.6974816703125 0.6036054703125 0.70130698125 0.6029838375 0.70576984375 0.6011189390625 0.7095951546875 0.5998756734375 0.716608225 0.6021549937499999 0.720114759375 0.602569415625 0.7226649671875001 0.6019477828124999 0.7303155875 0.6036054703125 0.7350972265625
2 0.6129299625 0.344915525 0.6094073765625 0.33822123125000003 0.6079569 0.33981510937500004 0.6079569 0.3452343 0.60878574375 0.3468281796875 0.6110650640624999 0.346509403125 0.6129299625 0.344915525
2 0.63033568125 0.6244819890625 0.633236634375 0.618425246875 0.6334438453125 0.615875040625 0.63033568125 0.6123685046875 0.628263571875 0.6120497296875 0.6280563609375001 0.6110934015625 0.6255698296875 0.6101370734375 0.6234977203125001 0.6079056421875 0.6201823453124999 0.6079056421875 0.616659759375 0.6053554343750001 0.6106506421875 0.6043991078125 0.6073352671875 0.6053554343750001 0.60712805625 0.6075868671875 0.6065064234374999 0.6079056421875 0.605884790625 0.6136436078124999 0.6079569 0.6209754546874999 0.6193535015625 0.6244819890625 0.63033568125 0.6244819890625
2 0.7534189812500001 0.7567739875 0.7536261921875 0.7625119546875 0.7565271453125 0.766656040625 0.7623290515625001 0.766656040625 0.7639867390624999 0.7656997125 0.766266059375 0.759961746875 0.7660588484375 0.740197640625 0.7644011609375 0.7382849859375 0.7585992546875 0.7350972265625 0.7544550359375 0.735416003125 0.7536261921875 0.7373286578125 0.751346871875 0.7389225374999999 0.7498963937500001 0.7408351921875 0.752175715625 0.746891934375 0.7511396609375 0.75199235 0.7534189812500001 0.7567739875
2 0.709697471875 0.62161300625 0.7090758390625 0.6232068859375001 0.7099046828125 0.6241632125 0.710526315625 0.622569334375 0.709697471875 0.62161300625
2 0.7297969328125 0.6589097859375 0.732490675 0.660184890625 0.7343555734375 0.662416321875 0.74160795625 0.6633726484375 0.7424368 0.664647753125 0.7465810187499999 0.6656040796875 0.746995440625 0.666879184375 0.7496891828125001 0.6678355109375 0.751346871875 0.6700669421875001 0.75507666875 0.6719795984375 0.758806465625 0.6719795984375 0.765437215625 0.6751673578124999 0.771239121875 0.6719795984375 0.7757977625 0.664647753125 0.7774554499999999 0.6576346828124999 0.7801491921875 0.6518967171875001 0.780356403125 0.6401020078124999 0.7809780359375 0.6397832328125 0.781185246875 0.636276696875 0.780356403125 0.63468281875 0.779527559375 0.6279885234375 0.7774554499999999 0.6254383171875 0.7764193953125 0.62161300625 0.771239121875 0.616193815625 0.765437215625 0.6149187125 0.76336510625 0.6133248328125 0.7581848328125 0.6120497296875 0.7579776218750001 0.6110934015625 0.7459593859375 0.6079056421875 0.7440944875 0.6063117625000001 0.7372565265625 0.6047178828125 0.731247409375 0.6088619703125 0.7283464562499999 0.61268728125 0.7285536671874999 0.615875040625 0.7302113546875 0.6165125921875 0.731247409375 0.618425246875 0.7335267296875 0.6190627984375 0.7372565265625 0.62607586875 0.732076253125 0.629263628125 0.732076253125 0.6308575078125 0.73331951875 0.6334077140625001 0.730418565625 0.636276696875 0.7283464562499999 0.637233025 0.72337339375 0.637233025 0.7225445500000001 0.638508128125 0.7225445500000001 0.6432897671875 0.72337339375 0.6474338546875 0.7260671359375 0.653809371875 0.7297969328125 0.6589097859375
2 0.6442188140625 0.613962384375 0.6510567765624999 0.615875040625 0.6578947375 0.615875040625 0.6614173234375 0.6130060562499999 0.6610029015625 0.60822441875 0.661624534375 0.6063117625000001 0.661624534375 0.600892571875 0.6628678 0.5977048140625 0.665768753125 0.5948358296875 0.6659759640625 0.5922856234375 0.668255284375 0.589416640625 0.6746788234375 0.5887790890625 0.6755076671875 0.5868664328125 0.6763365109375 0.5709276375 0.6755076671875 0.5686962062500001 0.6684624953125 0.5686962062500001 0.6630750109375 0.566146 0.64359718125 0.566464775 0.6429755484374999 0.567739878125 0.6431827593749999 0.5712464140625 0.6392457515625 0.571883965625 0.6369664312500001 0.5811284671875 0.6367592203125 0.589416640625 0.635723165625 0.59515460625 0.6367592203125 0.6098182984375 0.6442188140625 0.613962384375
2 0.6280563609375001 0.9595154609375 0.62867799375 0.9579215812499999 0.631578946875 0.9560089250000001 0.6324077906250001 0.9544150468750001 0.635723165625 0.95345871875 0.6361375875 0.9525023906250001 0.6404890171875001 0.9525023906250001 0.642353915625 0.949952184375 0.6450476578125001 0.94899585625 0.6458765015625 0.9470832 0.6479486109375 0.9464456484375001 0.648155821875 0.9442142171875 0.649813509375 0.9419827859375 0.6510567765624999 0.9416640109375001 0.65209283125 0.9391138031249999 0.653336096875 0.9387950265624999 0.654993784375 0.93592604375 0.6572731046875 0.9340133890625 0.6651471203125 0.932419509375 0.66535433125 0.93146318125 0.666597596875 0.93146318125 0.6697057609375 0.9289129734375001 0.669912971875 0.9266815421875 0.671570659375 0.9285941984375 0.672813925 0.928275421875 0.6740571906249999 0.9250876640625 0.6709490265625 0.9250876640625 0.66866970625 0.9276378703124999 0.6659759640625 0.928275421875 0.6334438453125 0.928275421875 0.6330294234375 0.9317819578125001 0.6297140484375 0.93146318125 0.6297140484375 0.9340133890625 0.630750103125 0.9356072687499999 0.626605884375 0.9356072687499999 0.6259842515625 0.9378387 0.6228760875 0.9387950265624999 0.6222544546875 0.9413452343750001 0.6193535015625 0.9419827859375 0.618317446875 0.945808096875 0.6162453375 0.9461268734375 0.6162453375 0.94931463125 0.61541649375 0.9515460625 0.61541649375 0.9547338218749999 0.6160381265625 0.9560089250000001 0.6147948609375 0.9595154609375 0.6280563609375001 0.9595154609375
2 0.6949854953125 0.9180745937499999 0.7016162453125 0.9177558171875001 0.696435971875 0.9177558171875001 0.6949854953125 0.9180745937499999
2 0.72668876875 0.9040484546875 0.7260671359375 0.9046860062500001 0.7268959796875001 0.9056423328125 0.7291753 0.9043672296875 0.72668876875 0.9040484546875
2 0.7329050968749999 0.9040484546875 0.7347699953125 0.9040484546875 0.7341483625 0.9030921265625 0.7329050968749999 0.9040484546875
2 0.7372565265625 0.9005419187499999 0.7380853703125 0.9005419187499999 0.7374637374999999 0.8999043671875 0.7372565265625 0.9005419187499999
2 0.7447161203125 0.89352885 0.744508909375 0.8944851765624999 0.7453377531250001 0.8944851765624999 0.7455449640625 0.89352885 0.7447161203125 0.89352885
2 0.7488603390625 0.8900223140625 0.74982739375 0.8909786421874999 0.754247825 0.8900223140625 0.756043721875 0.8865157796875 0.7581848328125 0.8855594515625 0.7585992546875 0.8865157796875 0.7585992546875 0.8849218999999999 0.7549384578125 0.8865157796875 0.7544550359375 0.888428434375 0.753833403125 0.8865157796875 0.7515540828125 0.8868345546875 0.7507252390625 0.8890659859375001 0.74906755 0.8893847625 0.74823870625 0.8909786421874999 0.7488603390625 0.8900223140625
2 0.765437215625 0.8788651578125 0.7625362625000001 0.8798214859375 0.7590136765625 0.8833280203125 0.7644011609375 0.8833280203125 0.7670949031250001 0.8795027093750001 0.765437215625 0.8788651578125
2 0.7689598015625 0.875996175 0.7683381687499999 0.87631495 0.7689598015625 0.87822760625 0.7706174890625 0.8766337265624999 0.7689598015625 0.875996175
2 0.774554496875 0.875996175 0.7789059265625 0.875996175 0.7757977625 0.8756773984375 0.774554496875 0.875996175
2 0.7886448406250001 0.86930188125 0.7880232078125 0.870576984375 0.7842934109375 0.8715333125000001 0.7842934109375 0.8734459671874999 0.78988810625 0.872808415625 0.79071695 0.86930188125 0.7886448406250001 0.86930188125
2 0.7979693328125 0.8673892249999999 0.7990053875 0.86930188125 0.8004558640624999 0.86930188125 0.8006630749999999 0.8657953453125 0.795275590625 0.8680267765625 0.7950683796875 0.86930188125 0.796104434375 0.8699394328125001 0.7973477 0.8699394328125001 0.7979693328125 0.8673892249999999
2 0.80480729375 0.8635639140625001 0.8057051390625001 0.8622888109375 0.8060851640625 0.8632451390625 0.807155615625 0.8632451390625 0.8068794031250001 0.8622888109375 0.807708246875 0.8613324828125 0.808226275 0.8632451390625 0.814338996875 0.8626075875 0.8145462078125 0.8597386031250001 0.8157894734375001 0.8587822765625001 0.8106092 0.8587822765625001 0.8075010359375 0.8613324828125 0.8033568171875001 0.8622888109375 0.8025279734374999 0.8632451390625 0.8033568171875001 0.8635639140625001 0.8045310812500001 0.8622888109375 0.80480729375 0.8635639140625001
2 0.8182760046875 0.855275740625 0.816825528125 0.855275740625 0.816825528125 0.857188396875 0.817654371875 0.8575071718749999 0.8182760046875 0.855275740625
2 0.8232490671875 0.855275740625 0.8273932859375 0.855275740625 0.8242851218749999 0.8536818609375001 0.8232490671875 0.855275740625
2 0.8360961453125 0.8482626718749999 0.835060090625 0.8466687921875 0.832573559375 0.8479438953124999 0.8323663484375 0.8492189984375 0.8336096140624999 0.8476251203125 0.8340240359375001 0.8495377749999999 0.8360961453125 0.8482626718749999
2 0.8377538328125 0.8412496015625001 0.8375466218750001 0.8447561359375 0.838375465625 0.8450749125 0.8387898874999999 0.8399744984374999 0.8377538328125 0.8412496015625001
2 0.8311230828125 0.8036340453124999 0.8315375046875 0.8058654765625001 0.8338168250000001 0.806503028125 0.8348528796875 0.8173414093750001 0.8352673015625 0.8127723937500001 0.83464566875 0.8112846671874999 0.8352673015625 0.8109658906250001 0.8340240359375001 0.808415684375 0.8348528796875 0.8074593562500001 0.8348528796875 0.8058654765625001 0.8336096140624999 0.805227925 0.8331951921874999 0.79885240625 0.8323663484375 0.797577303125 0.8321591375 0.7873764750000001 0.8315375046875 0.7838699390625 0.830915871875 0.7838699390625 0.8307086609375001 0.7851450437499999 0.831744715625 0.7867389218749999 0.8307086609375001 0.786802678125 0.8311230828125 0.8036340453124999
2 0.8242851218749999 0.7736691109375 0.8249067546875001 0.7736691109375 0.8246995437500001 0.771118903125 0.8242851218749999 0.7736691109375
2 0.813924575 0.7548613328125 0.8145462078125 0.7548613328125 0.814338996875 0.75422378125 0.813924575 0.7548613328125
2 0.8101947781250001 0.7513547968750001 0.8122668875000001 0.7513547968750001 0.8106092 0.7494421421874999 0.8101947781250001 0.7513547968750001
2 0.8004558640624999 0.733503346875 0.7996270203125 0.733503346875 0.7996270203125 0.734459675 0.8004558640624999 0.7347784500000001 0.8004558640624999 0.733503346875
2 0.2090758390625 0.1622569328125 0.208868628125 0.173732865625 0.2090758390625 0.24577621875000003 0.20969747187499999 0.25151418593749997 0.2090758390625 0.2814791203125 0.20990468281250002 0.2916799484375 0.2090758390625 0.3410902140625 0.2103191046875 0.36117309531249997 0.20969747187499999 0.384124959375 0.2103191046875 0.38699394374999996 0.210526315625 0.40452661718750005 0.20969747187499999 0.41185846406250004 0.210526315625 0.42620337968750005 0.21073352656250002 0.48453936875 0.211355159375 0.4848581453125 0.211355159375 0.488045903125 0.21073352656250002 0.4883646796875 0.21073352656250002 0.49569652499999994 0.211355159375 0.4960153015625 0.211355159375 0.556582721875 0.21197679218749998 0.566464775 0.21197679218749998 0.6120497296875 0.212598425 0.6123685046875 0.2128056359375 0.675804909375 0.21342726875 0.680267771875 0.2173642765625 0.6860057375 0.219229175 0.6866432890625 0.2202652296875 0.6888747203125 0.2260671359375 0.6942939109374999 0.227103190625 0.6965253421875001 0.22896808906250002 0.6971628937500001 0.2293825109375 0.6984379984375 0.23104019843749998 0.6993943265625 0.23124740937500002 0.7006694296875 0.2331123078125 0.7016257578125 0.23808537031250002 0.7086388265625 0.242022378125 0.7121453625 0.24471612031249998 0.716608225 0.2463738078125 0.717883328125 0.2496891828125 0.7236212937500001 0.24989639375 0.7271278296875 0.2476170734375 0.728721709375 0.24575217500000002 0.73254701875 0.2443016984375 0.7331845718750001 0.242851221875 0.73669110625 0.24098632343749998 0.7386037609375 0.2374637375 0.7478482625 0.2374637375 0.751036021875 0.24264401093750002 0.7583678671875 0.2527973484375 0.7676123687499999 0.2559055125 0.77207523125 0.2606713640625 0.775262990625 0.2619146296875 0.7771756453124999 0.2635723171875 0.777494421875 0.2648155828125 0.7794070765625001 0.267509325 0.7803634046875 0.272896809375 0.7867389218749999 0.2789059265625 0.7902454578125 0.28056361406249997 0.7927956640625 0.2880232078125 0.7982148546875 0.288644840625 0.799808734375 0.29196021562499996 0.8007650625 0.2973477 0.8058654765625001 0.299419809375 0.8068218046875 0.2996270203125 0.8077781312500001 0.3029423953125 0.808415684375 0.3050145046875 0.810647115625 0.307708246875 0.8112846671874999 0.30936593437500004 0.8135160984375001 0.315167840625 0.81638508125 0.316825528125 0.8186165125 0.3195192703125 0.8192540640624999 0.3203481140625 0.8208479437499999 0.32469954375 0.821804271875 0.327186075 0.824354478125 0.3352673015625 0.8291361171875 0.3373394109375 0.82945489375 0.33899709843750003 0.8316863250000001 0.340861996875 0.8320050999999999 0.34355573906250003 0.8345553078125001 0.3549523421875 0.839655721875 0.356817240625 0.841887153125 0.3632407796875 0.8428434812500001 0.363447990625 0.843799809375 0.36759220937500003 0.8450749125 0.3731869046875 0.848581446875 0.37961044374999997 0.8504941031250001 0.380853709375 0.8520879828125001 0.384997928125 0.8533630859375 0.3868628265625 0.855275740625 0.3893493578125 0.8555945171875001 0.398259428125 0.86069493125 0.40012432656249997 0.8629263625 0.40447575625 0.8638826906249999 0.40468296718749996 0.86483901875 0.40861997499999997 0.866114121875 0.40944881874999994 0.8673892249999999 0.41421467031250003 0.8699394328125001 0.420638209375 0.8715333125000001 0.422295896875 0.8734459671874999 0.42581848281249995 0.8744022953125 0.4268545375 0.8756773984375 0.43928719374999997 0.8804590375 0.45275590625 0.8830092437499999 0.46684625 0.8807778125000001 0.4736842109375 0.87854638125 0.5022793203125 0.875996175 0.5060091171875001 0.8753586234374999 0.5062163281250001 0.8744022953125 0.51906340625 0.8734459671874999 0.5238292578125 0.8718520875 0.55739743125 0.8673892249999999 0.5598839625 0.866114121875 0.5729382515625 0.8657953453125 0.576046415625 0.866114121875 0.577704103125 0.8673892249999999 0.581848321875 0.8673892249999999 0.5841276421875 0.8632451390625 0.58557811875 0.8536818609375001 0.5874430171875 0.8504941031250001 0.5915872359375001 0.8479438953124999 0.5936593453125 0.8447561359375 0.59386655625 0.8425247046875001 0.5946954 0.841887153125 0.5953170328125 0.8367867390624999 0.5963530875 0.8355116359375 0.6079569 0.8335989796875 0.61044343125 0.8323238765625 0.6205967671875 0.8313675484375 0.621632821875 0.8300924453125 0.6268130953125 0.8291361171875 0.63033568125 0.826267134375 0.6324077906250001 0.822123046875 0.63365105625 0.8214854953125 0.634894321875 0.8182977359375 0.6367592203125 0.81638508125 0.6479486109375 0.81638508125 0.6539577296875 0.8214854953125 0.6634894328125001 0.8211667203124999 0.666597596875 0.82052916875 0.6668048078125001 0.819572840625 0.6748860343749999 0.8189352890625001 0.678201409375 0.8173414093750001 0.68358889375 0.8125597703125 0.6840033156249999 0.8112846671874999 0.6871114796875 0.8103283390625 0.6877331125 0.8090532359375 0.6995441359375 0.8077781312500001 0.6999585578125 0.8068218046875 0.7140489015625 0.8033152687499999 0.7159137999999999 0.8017213906249999 0.72668876875 0.8001275109374999 0.7281392453125 0.79853363125 0.732490675 0.7978960796875 0.7343555734375 0.7972585265625 0.734562784375 0.7963022 0.7409863234375 0.7947083203124999 0.7465810187499999 0.7947083203124999 0.7527973484375 0.7963022 0.76668048125 0.7931144406249999 0.7735184421875 0.78992668125 0.7774554499999999 0.7838699390625 0.7791131375 0.7825948359375 0.7857438875 0.7803634046875 0.7911313718749999 0.7803634046875 0.793617903125 0.7813197328125 0.79651885625 0.7790883015625 0.7967260671874999 0.7682499203125001 0.794446746875 0.7637870578125 0.7932034812500001 0.7574115390625 0.792789059375 0.7341408984375 0.7934106921875 0.73254701875 0.7973477 0.73254701875 0.79817654375 0.7303155875 0.795275590625 0.725852725 0.7917530046875 0.717883328125 0.7913385828124999 0.7121453625 0.7921674265624999 0.7064073953125 0.787401575 0.7016257578125 0.7842934109375 0.7006694296875 0.7838789890625 0.6993943265625 0.780356403125 0.6962065671875 0.7809780359375 0.691424928125 0.782842934375 0.68823716875 0.78325735625 0.6812241 0.779527559375 0.6751673578124999 0.7797347703125 0.6710232703125001 0.780356403125 0.6671979593749999 0.7826357234375 0.6652853046875 0.7842934109375 0.6608224421875 0.7863655203125 0.6595473375 0.7863655203125 0.6522154921875 0.7824285125 0.65253426875 0.780356403125 0.6509403890625001 0.780356403125 0.647115078125 0.782842934375 0.6442460953125 0.7826357234375 0.6401020078124999 0.780356403125 0.636276696875 0.779527559375 0.6283073 0.7774554499999999 0.6254383171875 0.7764193953125 0.62161300625 0.77496891875 0.620656678125 0.7726895984375 0.6168313671875 0.767923746875 0.6149187125 0.7625362625000001 0.60822441875 0.7619146296875 0.6018489 0.7631578953125 0.59929869375 0.76336510625 0.587503984375 0.7623290515625001 0.5814472421875 0.7610857859375 0.5788970359375 0.7610857859375 0.5769843796874999 0.7619146296875 0.5760280515625 0.7689598015625 0.5760280515625 0.7755905515625 0.5769843796874999 0.7789059265625 0.5788970359375 0.7840862000000001 0.5792158109375001 0.7876087859374999 0.5814472421875 0.7905097390625 0.5814472421875 0.7913385828124999 0.578578259375 0.7913385828124999 0.574115396875 0.78988810625 0.5722027421875 0.7805636140625001 0.56837743125 0.779527559375 0.5667835515624999 0.7724823875 0.566146 0.7691670125 0.5635957921875 0.7627434734375 0.5616831375 0.756319934375 0.5562639468749999 0.7544550359375 0.5559451703125 0.7515540828125 0.5578578265624999 0.7498963937500001 0.5613643609375 0.7476170734375 0.56391456875 0.746995440625 0.5671023265625 0.7447161203125 0.5696525343750001 0.740364690625 0.5696525343750001 0.7297969328125 0.5725215171875 0.7271031906250001 0.575071725 0.7252382921875 0.578578259375 0.72337339375 0.5792158109375001 0.7219229171875 0.57730315625 0.7159137999999999 0.57315906875 0.7107335265625 0.5680586546875 0.7103191046874999 0.5667835515624999 0.7076253625 0.566146 0.705967675 0.56391456875 0.703895565625 0.562958240625 0.6976792374999999 0.5559451703125 0.696435971875 0.5556263953125 0.6962287609375 0.554351290625 0.6866970578125 0.5479757734375 0.68276005 0.5470194453125 0.68027351875 0.54191903125 0.6775797765625 0.525661459375 0.6755076671875 0.5176920625 0.6742644015625 0.516735734375 0.6740571906249999 0.514185528125 0.6734355578125 0.5138667515625001 0.6705346046875 0.49537775 0.67032739375 0.46955690156249996 0.66866970625 0.43672298437499996 0.6659759640625 0.43353522499999997 0.6597596359375 0.43098501718750004 0.658309159375 0.4290723625 0.6585163703125 0.42524705156250003 0.659966846875 0.42205929218750005 0.6610029015625 0.41600254999999997 0.6630750109375 0.4140898953125 0.66369664375 0.410583359375 0.6649399093749999 0.408351928125 0.6651471203125 0.40548294531250006 0.665768753125 0.4051641703125 0.666597596875 0.4000637546875 0.6680480734375001 0.399107428125 0.6688769171875 0.397194771875 0.66866970625 0.3901817015625 0.6659759640625 0.3847625125 0.665768753125 0.372967803125 0.6645254875 0.3720114765625 0.6572731046875 0.372649028125 0.6539577296875 0.37073637187499997 0.6510567765624999 0.36659228593750004 0.6487774546875 0.3656359578125 0.6431827593749999 0.36531718125 0.640696228125 0.364042078125 0.6344799 0.3656359578125 0.62867799375 0.3656359578125 0.626605884375 0.364042078125 0.6189390796875001 0.36308575 0.6147948609375 0.36053554375 0.6129299625 0.3579853359375 0.61044343125 0.35734778437500003 0.610029009375 0.3557539046875 0.6077496890625 0.355116353125 0.605884790625 0.3525661453125 0.605884790625 0.3503347140625 0.6069208453125 0.34746573125 0.6114794859375 0.344915525 0.6094073765625 0.3391775578125 0.6073352671875 0.337264903125 0.6065064234374999 0.3337583671875 0.6073352671875 0.3213261078125 0.6081641109375 0.3181383484375 0.6062992125 0.31240038281250004 0.6062992125 0.2958240359375 0.6056775796875 0.292955053125 0.60712805625 0.204654128125 0.6065064234374999 0.1444054828125 0.6056775796875 0.1322919984375 0.6040198921875 0.13133567031249999 0.6036054703125 0.12974179218749998 0.601740571875 0.1278291359375 0.5998756734375 0.12304749687500001 0.5990468296875 0.118584634375 0.59883961875 0.10838380624999999 0.5959386656250001 0.100733184375 0.5816411109375 0.09977685625 0.536469125 0.1000956328125 0.5215499375 0.0978642015625 0.47430584375 0.09754542499999999 0.4444674671875 0.09499521875 0.4171156234375 0.09403889062500001 0.40861997499999997 0.0924450109375 0.3771239125 0.089576028125 0.3748445921875 0.08893847656250001 0.37463738125 0.08798214843749999 0.362204725 0.0870258203125 0.353501865625 0.0847943890625 0.32138416875 0.0803315265625 0.27745545 0.08192540625 0.2635723171875 0.0838380625 0.23787815937499998 0.0841568375 0.23414836249999998 0.0847943890625 0.23104019843749998 0.0870258203125 0.22834645625 0.08766337187499999 0.22793203437499998 0.08893847656250001 0.225445503125 0.0902135796875 0.22213012812500002 0.09435766718750001 0.21653543281249998 0.09850175312500001 0.210526315625 0.1058335984375 0.2090758390625 0.1090213578125 0.20845420625000002 0.1192221875 0.20845420625000002 0.1444054828125 0.20928304999999997 0.1485495703125 0.210526315625 0.150462225 0.2090758390625 0.1622569328125
2 0.6094073765625 0.7743066625 0.6141732281250001 0.7743066625 0.6160381265625 0.7806821796875 0.6129299625 0.7851450437499999 0.6098217984375001 0.782276059375 0.6079569 0.7825948359375 0.6073352671875 0.7870576984375 0.60878574375 0.7927956640625 0.6085785328125 0.7950270953125 0.6079569 0.795345871875 0.6079569 0.8001275109374999 0.6073352671875 0.8010838375 0.6073352671875 0.8033152687499999 0.6050559468750001 0.8071405796875 0.6036054703125 0.8141536500000001 0.6021549937499999 0.81638508125 0.60132615 0.8208479437499999 0.5996684625 0.824035703125 0.5990468296875 0.824035703125 0.598425196875 0.8275422375 0.5990468296875 0.8348740828125001 0.6073352671875 0.8348740828125001 0.61541649375 0.8335989796875 0.617488603125 0.8323238765625 0.626605884375 0.8313675484375 0.6268130953125 0.8300924453125 0.63033568125 0.8284985656250001 0.6346871109375 0.819891615625 0.6369664312500001 0.8173414093750001 0.6442188140625 0.8170226328125001 0.6479486109375 0.8179789609375 0.6541649406250001 0.8233981515625001 0.6581019484375 0.8233981515625001 0.662453378125 0.8214854953125 0.6740571906249999 0.82052916875 0.6742644015625 0.819572840625 0.6792374640625 0.8186165125 0.68524658125 0.8112846671874999 0.6893908 0.8103283390625 0.6920845421874999 0.808415684375 0.703066721875 0.8077781312500001 0.7032739328125001 0.8068218046875 0.7061748859375 0.8058654765625001 0.7179859093750001 0.8033152687499999 0.7225445500000001 0.8007650625 0.7310401984375 0.8001275109374999 0.733733940625 0.7978960796875 0.7430584328125 0.7972585265625 0.74326564375 0.7963022 0.7496891828125001 0.7978960796875 0.7579776218750001 0.7972585265625 0.7581848328125 0.7963022 0.7664732703125 0.79438954375 0.7722751765625 0.7918393375 0.7801491921875 0.7832323875 0.7865727312499999 0.7813197328125 0.7967260671874999 0.7825948359375 0.7967260671874999 0.78100095625 0.7973477 0.7806821796875 0.7973477 0.7647433859375 0.795275590625 0.76346828125 0.7938251140625 0.76123685 0.7938251140625 0.7223461906249999 0.7921674265624999 0.7175645515625 0.7917530046875 0.7131016890625 0.7929962703125 0.7060886203125001 0.7884376296875 0.7019445328125 0.7857438875 0.7006694296875 0.7853294656250001 0.6993943265625 0.782842934375 0.6974816703125 0.774554496875 0.6939751359375 0.7722751765625 0.691424928125 0.7693742234375 0.6907873765625 0.7685453796874999 0.6888747203125 0.7664732703125 0.68823716875 0.7660588484375 0.6869620656250001 0.7625362625000001 0.6853681859375 0.753833403125 0.6853681859375 0.7484459171875 0.6869620656250001 0.7474098625 0.68823716875 0.7422295890624999 0.6885559453125001 0.73995026875 0.6904686 0.7310401984375 0.6942939109374999 0.7181931203125 0.6949314625 0.70845420625 0.6939751359375 0.6987152921875001 0.6955690156250001 0.6891835890625 0.6993943265625 0.686489846875 0.7051322921875001 0.6821384171875 0.709276378125 0.6786158312499999 0.708957603125 0.6784086203124999 0.708001275 0.6711562375 0.7051322921875001 0.6649399093749999 0.7051322921875001 0.659138003125 0.7073637234375 0.6475341890624999 0.708001275 0.6454620796875 0.711507809375 0.64111065 0.7153331203125 0.6394529624999999 0.7146955687500001 0.637795275 0.711507809375 0.6359303765625001 0.7121453625 0.6338582671874999 0.7150143453125 0.6301284703125 0.71437679375 0.6276419390625 0.7121453625 0.6141732281250001 0.7124641375 0.6096145875000001 0.7146955687500001 0.6052631578125001 0.7197959828125 0.6048487359375 0.7236212937500001 0.6036054703125 0.726809053125 0.6036054703125 0.7373286578125 0.6056775796875 0.7497609187500001 0.6056775796875 0.766337265625 0.6094073765625 0.7743066625
2 0.6073352671875 0.4284348109375 0.60712805625 0.430347465625 0.6065064234374999 0.4306662421875 0.605884790625 0.4386356390625 0.6065064234374999 0.445967484375 0.6073352671875 0.4472425890625 0.6073352671875 0.4517054515625 0.6056775796875 0.45903729687499994 0.6062992125 0.4650940390625 0.6056775796875 0.46987567812500003 0.6062992125 0.47943895468750003 0.6052631578125001 0.48708957656249996 0.6052631578125001 0.5116353203124999 0.6056775796875 0.5304430984375 0.60712805625 0.5371373921875 0.6065064234374999 0.53745616875 0.6065064234374999 0.5505259796875001 0.605884790625 0.5530761875 0.6050559468750001 0.5722027421875 0.6052631578125001 0.5836786734375 0.6065064234374999 0.5926043984375 0.6073352671875 0.5938795031249999 0.6077496890625 0.603124003125 0.6073352671875 0.6069493140625 0.6065064234374999 0.6079056421875 0.6065064234374999 0.615875040625 0.6073352671875 0.61746891875 0.6073352671875 0.62193178125 0.6065064234374999 0.6238444375000001 0.6050559468750001 0.6522154921875 0.605884790625 0.65731590625 0.6052631578125001 0.666879184375 0.6052631578125001 0.6754861328125 0.6062992125 0.6780363406250001 0.605884790625 0.6888747203125 0.6077496890625 0.691424928125 0.6077496890625 0.693337584375 0.6065064234374999 0.6955690156250001 0.6062992125 0.6984379984375 0.6052631578125001 0.6997131015625 0.6029838375 0.7118265859374999 0.6021549937499999 0.7131016890625 0.6021549937499999 0.7172457765625 0.6029838375 0.720114759375 0.6019477828124999 0.7261715015625 0.6019477828124999 0.7347784500000001 0.6029838375 0.737647434375 0.604227103125 0.7529486765625 0.6048487359375 0.75454255625 0.6050559468750001 0.7765380937499999 0.6029838375 0.7825948359375 0.6029838375 0.7873764750000001 0.6044343140625 0.7963022 0.6044343140625 0.8033152687499999 0.6019477828124999 0.8179789609375 0.6004973062500001 0.8224418234374999 0.5990468296875 0.824035703125 0.5990468296875 0.83423653125 0.6060920015625 0.8345553078125001 0.61458765 0.8323238765625 0.6249481968749999 0.8310487734375 0.6251554078125 0.8300924453125 0.63033568125 0.8281797890625 0.6344799 0.819572840625 0.6367592203125 0.8170226328125001 0.6471197671875 0.8170226328125001 0.6539577296875 0.8224418234374999 0.6769581437500001 0.8189352890625001 0.679859096875 0.8170226328125001 0.6846249484375 0.8112846671874999 0.6895980109375001 0.8100095625 0.689805221875 0.8090532359375 0.7016162453125 0.8077781312500001 0.70182345625 0.8068218046875 0.7065893078125 0.805227925 0.7161210109375 0.8033152687499999 0.72171570625 0.8007650625 0.7291753 0.8001275109374999 0.7326978859375 0.7978960796875 0.7393286359375 0.7972585265625 0.739535846875 0.7963022 0.741193534375 0.7959834234375001 0.7474098625 0.7959834234375001 0.7511396609375 0.797577303125 0.7556983015625 0.7972585265625 0.7559055125 0.7963022 0.7691670125 0.7931144406249999 0.7726895984375 0.791201784375 0.778698715625 0.784188715625 0.7813924578125 0.7825948359375 0.7857438875 0.7813197328125 0.7967260671874999 0.7825948359375 0.7967260671874999 0.78100095625 0.7973477 0.7806821796875 0.7973477 0.766656040625 0.79651885625 0.7647433859375 0.7950683796875 0.7637870578125 0.7938251140625 0.7605992984375 0.7938251140625 0.7386037609375 0.7929962703125 0.7331845718750001 0.7938251140625 0.7303155875 0.7942395359375001 0.7229837421875 0.7921674265624999 0.716608225 0.792789059375 0.7060886203125001 0.7890592625 0.7019445328125 0.786158309375 0.7009882046875 0.780356403125 0.6955690156250001 0.780356403125 0.691424928125 0.7826357234375 0.6904686 0.78325735625 0.6885559453125001 0.7834645671875 0.6812241 0.7826357234375 0.678355115625 0.7818068796875 0.678355115625 0.779527559375 0.6751673578124999 0.779527559375 0.6707044953125 0.7805636140625001 0.6678355109375 0.78325735625 0.6652853046875 0.784500621875 0.6611412171875 0.7863655203125 0.6598661140625001 0.7863655203125 0.6531718203125 0.782842934375 0.65285304375 0.78159966875 0.6509403890625001 0.7824285125 0.6401020078124999 0.781185246875 0.6375518015625 0.779527559375 0.6267134203125 0.7772482390625 0.62161300625 0.7726895984375 0.615875040625 0.7677165359375 0.6133248328125 0.76502279375 0.6130060562499999 0.7625362625000001 0.6098182984375 0.7625362625000001 0.601530125 0.76336510625 0.5999362453125 0.76336510625 0.5868664328125 0.7631578953125 0.5846350015625 0.7625362625000001 0.584316225 0.7625362625000001 0.5814472421875 0.7610857859375 0.5788970359375 0.7610857859375 0.5747529484375 0.7631578953125 0.574115396875 0.76668048125 0.5747529484375 0.7685453796874999 0.5763468281249999 0.77662660625 0.5766656046875 0.7780770828125 0.5782594828125001 0.7838789890625 0.5792158109375001 0.786987153125 0.5814472421875 0.79071695 0.5814472421875 0.7932034812500001 0.5788970359375 0.7932034812500001 0.574115396875 0.7921674265624999 0.574115396875 0.78988810625 0.5712464140625 0.781185246875 0.56837743125 0.7797347703125 0.5667835515624999 0.7731040203124999 0.566146 0.76999585625 0.5635957921875 0.76419395 0.5626394640625 0.7598425203125 0.5600892578125001 0.7565271453125 0.5562639468749999 0.754247825 0.5559451703125 0.7515540828125 0.5569014984375 0.7496891828125001 0.5616831375 0.7484459171875 0.562958240625 0.74823870625 0.5658272234374999 0.7467882296874999 0.5690149828125 0.7451305421875001 0.5699713109375 0.7308329875 0.571883965625 0.7271031906250001 0.5747529484375 0.7268959796875001 0.5766656046875 0.7256527140625 0.578578259375 0.7239950265624999 0.5792158109375001 0.7119767921875 0.5686962062500001 0.7111479484375 0.5667835515624999 0.705553253125 0.5635957921875 0.703066721875 0.5604080328125 0.6970576046875 0.55530761875 0.6962287609375 0.5533949640625 0.6883547453125 0.5479757734375 0.6831744718749999 0.5470194453125 0.6815167843750001 0.545106790625 0.68027351875 0.5412814796875 0.6788230421875 0.5345871859375 0.6786158312499999 0.529805546875 0.6755076671875 0.5196047171875 0.6755076671875 0.5176920625 0.6744716125 0.5170545109375 0.6734355578125 0.5145043031250001 0.6726067140625 0.5062161296875 0.67198508125 0.5058973546875001 0.6717778703125 0.501115715625 0.67032739375 0.4950589734375 0.669912971875 0.48708957656249996 0.6709490265625 0.483583040625 0.6709490265625 0.4730634359375 0.669912971875 0.4644564875 0.6694985499999999 0.4418233984375 0.6688769171875 0.43672298437499996 0.667426440625 0.433854 0.66369664375 0.43162256875000005 0.659552425 0.43098501718750004 0.6576875265625 0.4284348109375 0.6585163703125 0.4233343953125 0.659138003125 0.42301562031250006 0.660795690625 0.4163213265625 0.6630750109375 0.4140898953125 0.66369664375 0.4109021359375 0.6649399093749999 0.40962703281249996 0.6651471203125 0.4073956015625 0.665768753125 0.40707682500000003 0.666597596875 0.40165763437499996 0.667426440625 0.3997449796875 0.6688769171875 0.3987886515625 0.6688769171875 0.3901817015625 0.6659759640625 0.3847625125 0.6659759640625 0.372967803125 0.6649399093749999 0.3720114765625 0.6556154171874999 0.372649028125 0.6541649406250001 0.3716927 0.650849565625 0.36659228593750004 0.6487774546875 0.3656359578125 0.64193949375 0.3646796296875 0.6280563609375001 0.3656359578125 0.625777040625 0.364042078125 0.619146290625 0.36308575 0.6141732281250001 0.36053554375 0.6129299625 0.3589416640625 0.6089929546875 0.3579853359375 0.6085785328125 0.36499840625 0.6079569 0.36531718125 0.6073352671875 0.37838699375 0.605884790625 0.38380618437499997 0.6052631578125001 0.39177558125 0.6052631578125001 0.40452661718750005 0.6065064234374999 0.40771437656250004 0.6073352671875 0.414727446875 0.6073352671875 0.4284348109375
2 0.6073352671875 0.6442460953125 0.6073352671875 0.6522154921875 0.6079569 0.655084475 0.6079569 0.6729359265625 0.6085785328125 0.6732547015625 0.60878574375 0.682499203125 0.6096145875000001 0.6840930828125 0.61375880625 0.6789926687500001 0.61458765 0.671342046875 0.6168669703125 0.666879184375 0.619975134375 0.644883646875 0.6205967671875 0.6442460953125 0.6205967671875 0.636276696875 0.619975134375 0.6356391453125 0.619975134375 0.6324513859375 0.6205967671875 0.631813834375 0.6214256109375 0.6257570921875 0.6201823453124999 0.6235256609375 0.6162453375 0.6235256609375 0.6098217984375001 0.620656678125 0.6089929546875 0.6209754546874999 0.6085785328125 0.6232068859375001 0.6079569 0.6235256609375 0.6085785328125 0.635957921875 0.6079569 0.636276696875 0.6079569 0.6420146640625 0.6073352671875 0.6442460953125
2 0.6089929546875 0.5973860375 0.6102362203125 0.5989799171875 0.611686696875 0.59929869375 0.617903025 0.5989799171875 0.6185246578125 0.5945170546874999 0.6214256109375 0.5913292953125 0.6214256109375 0.5814472421875 0.6232905093750001 0.5798533625 0.6243265640625 0.5814472421875 0.6243265640625 0.5846350015625 0.6278491500000001 0.5871852093750001 0.6280563609375001 0.589416640625 0.6295068374999999 0.5926043984375 0.6317861578125 0.5954733828125 0.63199336875 0.59929869375 0.6305428921875 0.6024864515624999 0.63033568125 0.6053554343750001 0.6338582671874999 0.6088619703125 0.6340654781249999 0.61268728125 0.6317861578125 0.6155562640625 0.6317861578125 0.62193178125 0.63033568125 0.6257570921875 0.626605884375 0.6257570921875 0.6268130953125 0.633726490625 0.6251554078125 0.63914568125 0.6243265640625 0.6512591640625 0.6232905093750001 0.6541281484375 0.62204724375 0.6544469234375 0.6228760875 0.662416321875 0.620803978125 0.6687918390625 0.618317446875 0.671342046875 0.618317446875 0.6751673578124999 0.616659759375 0.6831367546875 0.6147948609375 0.6853681859375 0.61458765 0.68791839375 0.6131371734375 0.691106153125 0.6129299625 0.6987567734375 0.6118939078125 0.6997131015625 0.6094073765625 0.7060886203125001 0.6094073765625 0.7095951546875 0.6050559468750001 0.7156518968750001 0.6021549937499999 0.726809053125 0.6021549937499999 0.7350972265625 0.603398259375 0.7392413140625 0.604227103125 0.746891934375 0.6050559468750001 0.7574115390625 0.6050559468750001 0.7692062484375 0.605884790625 0.773031559375 0.605884790625 0.7762193171875 0.604227103125 0.782276059375 0.6050559468750001 0.7883328015625 0.6050559468750001 0.805227925 0.6019477828124999 0.8189352890625001 0.5990468296875 0.8246732546875 0.5990468296875 0.8345553078125001 0.60712805625 0.8345553078125001 0.6156237046874999 0.8323238765625 0.62536261875 0.8313675484375 0.63033568125 0.8281797890625 0.6363447984375 0.8173414093750001 0.6477413999999999 0.8173414093750001 0.6483630328125 0.8186165125 0.650849565625 0.819572840625 0.6510567765624999 0.8208479437499999 0.65375051875 0.821804271875 0.6541649406250001 0.8230793750000001 0.6717778703125 0.82052916875 0.67198508125 0.819572840625 0.6786158312499999 0.8186165125 0.6844177375 0.81192221875 0.6904268546875 0.8100095625 0.691462909375 0.808734459375 0.7016162453125 0.8077781312500001 0.70182345625 0.8068218046875 0.7065893078125 0.805227925 0.71674264375 0.8033152687499999 0.7210940734375 0.8007650625 0.7293825109375 0.8001275109374999 0.7331123078124999 0.7978960796875 0.7407791125000001 0.7972585265625 0.7409863234375 0.7963022 0.7472026515625 0.7963022 0.7476170734375 0.7972585265625 0.7507252390625 0.7978960796875 0.7573559890625 0.7972585265625 0.7575632 0.7963022 0.771239121875 0.7921581125 0.7743472859375 0.7902454578125 0.7801491921875 0.7832323875 0.7865727312499999 0.7813197328125 0.7967260671874999 0.7825948359375 0.7973477 0.7813197328125 0.7975549109375 0.7762193171875 0.7973477 0.7650621609375 0.795275590625 0.7637870578125 0.7938251140625 0.7590054187499999 0.7938251140625 0.7386037609375 0.7929962703125 0.734459675 0.7938251140625 0.7223461906249999 0.7921674265624999 0.71437679375 0.7932034812500001 0.7064073953125 0.7890592625 0.7016257578125 0.781185246875 0.6965253421875001 0.779527559375 0.6939751359375 0.7776626609374999 0.6930188078125 0.7768338171875 0.691106153125 0.774554496875 0.690149825 0.7743472859375 0.689193496875 0.7716535437500001 0.6885559453125001 0.7714463328125001 0.6869620656250001 0.770410278125 0.6860057375 0.768752590625 0.6860057375 0.7685453796874999 0.6812241 0.7677165359375 0.680267771875 0.7677165359375 0.678355115625 0.7693742234375 0.676123684375 0.7738292578125 0.6751673578124999 0.774554496875 0.673892253125 0.7751761296875 0.6751673578124999 0.774554496875 0.671660821875 0.7760049734375001 0.6687918390625 0.782842934375 0.664966528125 0.7826357234375 0.663691425 0.78159966875 0.6652853046875 0.7805636140625001 0.6652853046875 0.781185246875 0.663691425 0.7791131375 0.6630538734375 0.777869871875 0.6608224421875 0.7789059265625 0.655084475 0.7784915046875 0.6474338546875 0.779527559375 0.645839975 0.780356403125 0.638508128125 0.779527559375 0.6305387312499999 0.7774554499999999 0.6283073 0.7774554499999999 0.62607586875 0.77496891875 0.6190627984375 0.7735184421875 0.618425246875 0.7726895984375 0.6168313671875 0.7637795281249999 0.6145999359375 0.7623290515625001 0.6133248328125 0.753004559375 0.61045585 0.75176129375 0.60854319375 0.7463738078125 0.6079056421875 0.74326564375 0.60376155625 0.73995026875 0.6021676765625 0.741193534375 0.5999362453125 0.7453377531250001 0.6012113484375 0.7467882296874999 0.59961746875 0.7453377531250001 0.5932419515625 0.7407791125000001 0.5938795031249999 0.7374637374999999 0.5900541921875 0.7360132609375001 0.589735415625 0.734562784375 0.5871852093750001 0.7322834640625 0.5868664328125 0.7291753 0.5846350015625 0.7271031906250001 0.5846350015625 0.725445503125 0.58176601875 0.722958971875 0.580809690625 0.719643596875 0.5782594828125001 0.7192291749999999 0.5769843796874999 0.7173642765625 0.5763468281249999 0.7165354328125 0.5744341734375 0.71508495625 0.574115396875 0.709697471875 0.5667835515624999 0.7067965187499999 0.5658272234374999 0.705967675 0.56423334375 0.7041027765625001 0.5635957921875 0.700580190625 0.5600892578125001 0.6974720265625 0.5559451703125 0.696435971875 0.5559451703125 0.6904268546875 0.5502072046875 0.686489846875 0.5479757734375 0.6705346046875 0.5479757734375 0.665768753125 0.5457443421875 0.6585163703125 0.5444692375 0.658309159375 0.5435129109375 0.65706589375 0.5435129109375 0.6568586828125 0.5444692375 0.6518856203125 0.5447880140625 0.645669290625 0.5444692375 0.64525486875 0.5435129109375 0.6367592203125 0.5435129109375 0.6351015328125 0.5447880140625 0.628263571875 0.545425565625 0.6263986734375 0.5479757734375 0.624119353125 0.545425565625 0.6118939078125 0.5447880140625 0.6094073765625 0.542875359375 0.6085785328125 0.54638189375 0.60878574375 0.55753905 0.6073352671875 0.5604080328125 0.60712805625 0.5715651890625 0.6079569 0.5788970359375 0.6085785328125 0.5792158109375001 0.6089929546875 0.5973860375
2 0.625777040625 0.6844118578125 0.6251554078125 0.6856869624999999 0.626605884375 0.6860057375 0.626605884375 0.6844118578125 0.625777040625 0.6844118578125
2 0.779527559375 0.6777175640624999 0.77496891875 0.6780363406250001 0.774554496875 0.678355115625 0.775383340625 0.680267771875 0.779527559375 0.681542875 0.779527559375 0.6777175640624999
2 0.6243265640625 0.68345553125 0.6255698296875 0.678355115625 0.624533775 0.67484858125 0.6232905093750001 0.673573478125 0.6201823453124999 0.6729359265625 0.6197679234375 0.6719795984375 0.6185246578125 0.681542875 0.6197679234375 0.6860057375 0.621632821875 0.6840930828125 0.6243265640625 0.68345553125
2 0.6073352671875 0.6754861328125 0.6094073765625 0.681542875 0.611686696875 0.67452980625 0.6152092828125 0.6694293906250001 0.6168669703125 0.664647753125 0.61707418125 0.6614599937500001 0.618317446875 0.658272234375 0.619975134375 0.6445648703125 0.6205967671875 0.6439273187500001 0.619975134375 0.6432897671875 0.619975134375 0.6388269046875 0.6205967671875 0.638189353125 0.620803978125 0.63468281875 0.6205967671875 0.6279885234375 0.6176958140625 0.62161300625 0.6127227515625 0.620656678125 0.610029009375 0.6187440234375 0.6089929546875 0.619381575 0.60878574375 0.6263946453125 0.6077496890625 0.6295824031249999 0.6079569 0.633726490625 0.60712805625 0.63914568125 0.6065064234374999 0.63946445625 0.605884790625 0.6467963015625 0.6065064234374999 0.662735096875 0.6073352671875 0.663691425 0.6077496890625 0.6707044953125 0.6073352671875 0.6754861328125
2 0.61707418125 0.615875040625 0.61458765 0.6110934015625 0.611686696875 0.6110934015625 0.610857853125 0.6130060562499999 0.612515540625 0.61746891875 0.616659759375 0.618106471875 0.61707418125 0.615875040625
2 0.6065064234374999 0.5801721390625 0.60712805625 0.580809690625 0.6065064234374999 0.5855913296875 0.6073352671875 0.587503984375 0.6079569 0.6012113484375 0.60878574375 0.6040803312499999 0.612515540625 0.6069493140625 0.616659759375 0.6075868671875 0.6197679234375 0.6034427796874999 0.6214256109375 0.605036659375 0.6205967671875 0.6088619703125 0.6234977203125001 0.6101370734375 0.6243265640625 0.60822441875 0.6251554078125 0.600573796875 0.6278491500000001 0.5999362453125 0.628263571875 0.6098182984375 0.6295068374999999 0.61268728125 0.6317861578125 0.6145999359375 0.6324077906250001 0.6168313671875 0.6322005796875 0.620656678125 0.6301284703125 0.622569334375 0.6272275171875 0.6232068859375001 0.6263986734375 0.6286260765625 0.626605884375 0.6477526296875 0.625777040625 0.6506216125 0.626605884375 0.6522154921875 0.62867799375 0.6531718203125 0.6288852046875 0.6544469234375 0.628263571875 0.6547657 0.6278491500000001 0.65731590625 0.6297140484375 0.66177876875 0.633236634375 0.6611412171875 0.6344799 0.6566783546875 0.6295068374999999 0.6503028375000001 0.6344799 0.6464775265625 0.6346871109375 0.6445648703125 0.6363447984375 0.6423334390625 0.639038540625 0.6423334390625 0.6392457515625 0.6432897671875 0.6404890171875001 0.64360854375 0.6427683375 0.6432897671875 0.6429755484374999 0.6423334390625 0.648155821875 0.6423334390625 0.6483630328125 0.6432897671875 0.651678409375 0.6432897671875 0.6531288859375 0.6442460953125 0.65706589375 0.6432897671875 0.6593452140625 0.6439273187500001 0.659966846875 0.6464775265625 0.659966846875 0.653809371875 0.6605884796875 0.6541281484375 0.6614173234375 0.658272234375 0.6634894328125001 0.6789926687500001 0.6605884796875 0.6805865484375 0.6572731046875 0.680267771875 0.652507253125 0.672298375 0.6510567765624999 0.671342046875 0.65043514375 0.6719795984375 0.6483630328125 0.6764424609375 0.648155821875 0.6856869624999999 0.646498134375 0.6885559453125001 0.646498134375 0.690149825 0.6475341890624999 0.6917437046875 0.65043514375 0.6939751359375 0.6564442609375 0.6949314625 0.659138003125 0.6965253421875001 0.6711562375 0.6971628937500001 0.6713634484375001 0.6981192218750001 0.676543721875 0.69907555 0.6777869875 0.702582084375 0.682345628125 0.7048135156249999 0.6850393703125001 0.7032196359375 0.68524658125 0.6993943265625 0.6891835890625 0.6930188078125 0.6910484875 0.6946126875 0.6966431828124999 0.693337584375 0.7067965187499999 0.6939751359375 0.70928305 0.69238125625 0.717157065625 0.6920624796875 0.718814753125 0.6930188078125 0.7223373390625001 0.6930188078125 0.72668876875 0.690149825 0.7271031906250001 0.6888747203125 0.7306257765625 0.691106153125 0.733733940625 0.6888747203125 0.7422295890624999 0.68791839375 0.7434728546875 0.6866432890625 0.7498963937500001 0.6856869624999999 0.7527973484375 0.6840930828125 0.76170741875 0.68345553125 0.7670949031250001 0.6818616515625 0.7673021140625 0.6805865484375 0.7681309578125 0.6818616515625 0.771239121875 0.6818616515625 0.7691670125 0.6770800125 0.7739328640625 0.6729359265625 0.7757977625 0.6694293906250001 0.779527559375 0.6684730640625001 0.7805636140625001 0.6662416328125 0.782842934375 0.6652853046875 0.7840862000000001 0.6605036656250001 0.7855366765625 0.657953459375 0.7838789890625 0.6541281484375 0.78159966875 0.6512591640625 0.78159966875 0.6365954734375 0.7809780359375 0.633726490625 0.780356403125 0.6334077140625001 0.779527559375 0.62607586875 0.7774554499999999 0.622888109375 0.7772482390625 0.6209754546874999 0.7757977625 0.618425246875 0.7728968093749999 0.615875040625 0.7708247 0.6152374875 0.7691670125 0.6133248328125 0.76502279375 0.6130060562499999 0.7637795281249999 0.6110934015625 0.7610857859375 0.6098182984375 0.7610857859375 0.607268090625 0.7619146296875 0.6063117625000001 0.7625362625000001 0.6021676765625 0.7625362625000001 0.5846350015625 0.7619146296875 0.5814472421875 0.7585992546875 0.57730315625 0.75673435625 0.5792158109375001 0.7556983015625 0.58176601875 0.75176129375 0.585272553125 0.7472026515625 0.5849537781249999 0.7467882296874999 0.5811284671875 0.745752175 0.5792158109375001 0.7447161203125 0.5788970359375 0.7426440109375 0.5795345875 0.7414007453125 0.5836786734375 0.738707003125 0.5824035703125 0.7308329875 0.5833598984374999 0.7252382921875 0.5795345875 0.7215084953125 0.5782594828125001 0.7192291749999999 0.575071725 0.7119767921875 0.5686962062500001 0.7111479484375 0.5667835515624999 0.7049316203125 0.5626394640625 0.70016576875 0.5569014984375 0.6974720265625 0.55530761875 0.6962287609375 0.5530761875 0.6951927062500001 0.5530761875 0.6895980109375001 0.5479757734375 0.6860754250000001 0.5470194453125 0.6742644015625 0.547338221875 0.6709490265625 0.545425565625 0.6643182765625 0.545106790625 0.66203895625 0.543194134375 0.6317861578125 0.542875359375 0.6280563609375001 0.5435129109375 0.6278491500000001 0.5444692375 0.6234977203125001 0.5444692375 0.6230832984375 0.5435129109375 0.61707418125 0.542875359375 0.6152092828125 0.540962703125 0.6094073765625 0.5396875999999999 0.6073352671875 0.5435129109375 0.60712805625 0.5482945484374999 0.6065064234374999 0.548613325 0.60712805625 0.55530761875 0.6065064234374999 0.5556263953125 0.605884790625 0.5604080328125 0.6062992125 0.56391456875 0.6056775796875 0.566464775 0.6056775796875 0.5737966203125 0.6065064234374999 0.5801721390625
2 0.699336925 0.759961746875 0.70016576875 0.7604399109375 0.699336925 0.7615556265625 0.7003729796875 0.7625119546875 0.6991297140625 0.76346828125 0.6978864484375 0.7672935921875 0.698093659375 0.77207523125 0.699336925 0.7771756453124999 0.7007874015625 0.7765380937499999 0.7016162453125 0.7749442140625 0.7022378781249999 0.770162575 0.705553253125 0.771118903125 0.7065893078125 0.7736691109375 0.7103191046874999 0.7749442140625 0.710526315625 0.7768568703125001 0.712598425 0.778769525 0.7186075421875 0.779725853125 0.7237878156249999 0.7790883015625 0.7242022375 0.7768568703125001 0.7275176125 0.7768568703125001 0.7291753 0.7762193171875 0.7297969328125 0.7749442140625 0.7316618312500001 0.7746254390625 0.7347699953125 0.7695250234375 0.73497720625 0.7650621609375 0.7380853703125 0.7615556265625 0.737878159375 0.7596429703124999 0.7364276828125 0.7586866437500001 0.7364276828125 0.757730315625 0.737878159375 0.7564552124999999 0.737878159375 0.75422378125 0.7306257765625 0.7526299015625 0.729589721875 0.75422378125 0.7291753 0.759961746875 0.7281392453125 0.76314950625 0.7271031906250001 0.764105834375 0.7260671359375 0.7602805234375001 0.7260671359375 0.7564552124999999 0.725445503125 0.7558176609375 0.7260671359375 0.7539050046875 0.7260671359375 0.7440229515625 0.725445503125 0.7433854 0.725445503125 0.7408351921875 0.7208868625 0.7389225374999999 0.7134272687500001 0.740197640625 0.7119767921875 0.7417915203125001 0.7103191046874999 0.7513547968750001 0.7086614171875001 0.7513547968750001 0.7067965187499999 0.7478482625 0.7024450890625 0.7478482625 0.6987152921875001 0.7513547968750001 0.6987152921875001 0.755498884375 0.699336925 0.7583678671875 0.70016576875 0.7586866437500001 0.699336925 0.759961746875