2 0.0866666671875 0.9168278531249999 0.0983333328125 0.920696325 0.1 0.9284332687499999 0.0966666671875 0.9342359765625 0.0733333328125 0.9381044484375 0.0716666671875 0.9574468078124999 0.0783333328125 0.9632495171875 0.1 0.9632495171875 0.12166666718750001 0.9303675046875 0.12166666718750001 0.91295938125 0.10833333281249999 0.9032882015625001 0.10333333281249998 0.88974855 0.075 0.893617021875 0.075 0.9090909093749999 0.08499999999999999 0.9032882015625001 0.09 0.9090909093749999 0.0866666671875 0.9168278531249999
2 0.0783333328125 0.8626692453125001 0.0866666671875 0.860735009375 0.0816666671875 0.8491295937500001 0.0783333328125 0.8626692453125001
2 0.155 0.33655705937499997 0.1316666671875 0.33655705937499997 0.12833333281249998 0.346228240625 0.1366666671875 0.3636363640625 0.1566666671875 0.3597678921875 0.155 0.33655705937499997
2 0.1116666671875 0.940038684375 0.12166666718750001 0.9303675046875 0.1166666671875 0.9071566734375001 0.1 0.91295938125 0.10333333281249998 0.9303675046875 0.0733333328125 0.940038684375 0.06999999999999999 0.955512571875 0.07666666718750001 0.9632495171875 0.10333333281249998 0.9632495171875 0.1116666671875 0.940038684375
2 0.1066666671875 0.893617021875 0.0966666671875 0.893617021875 0.0966666671875 0.9032882015625001 0.10833333281249999 0.9071566734375001 0.1066666671875 0.893617021875
2 0.07666666718750001 0.89748549375 0.0866666671875 0.9032882015625001 0.08499999999999999 0.893617021875 0.07666666718750001 0.89748549375
2 0.8296875 0.16328125 0.003125 0.0015625
2 0.77109375 0.16015625 0.0046875 0.00390625
2 0.7633333328125 0.162475821875 0.73 0.15860734999999998 0.7266666671875 0.162475821875 0.74 0.162475821875 0.745 0.16827852968749998 0.7633333328125 0.162475821875
2 0.71 0.1489361703125 0.7116666671874999 0.154738878125 0.725 0.15860734999999998 0.7283333328125 0.147001934375 0.7366666671875 0.15087040625 0.75 0.1450676984375 0.7633333328125 0.154738878125 0.8516666671875001 0.154738878125 0.8766666671875001 0.1411992265625 0.8766666671875001 0.11798839531250001 0.865 0.114119921875 0.85 0.090909090625 0.8116666671875 0.090909090625 0.8016666671875001 0.098646034375 0.795 0.090909090625 0.7666666671875 0.08704061874999999 0.7333333328125 0.098646034375 0.725 0.08704061874999999 0.7116666671874999 0.08704061874999999 0.6766666671875 0.090909090625 0.6616666671875 0.1044487421875 0.6616666671875 0.15087040625 0.6866666671874999 0.1489361703125 0.6983333328125 0.154738878125 0.71 0.1489361703125
2 0.20166666718749998 0.584139265625 0.1866666671875 0.584139265625 0.185 0.6054158609375 0.1916666671875 0.61121856875 0.2033333328125 0.6054158609375 0.20166666718749998 0.584139265625
2 0.6266666671875 0.1411992265625 0.6266666671875 0.15860734999999998 0.6416666671875 0.185686653125 0.6416666671875 0.20696325 0.6333333328124999 0.21856866562500002 0.6416666671875 0.2398452609375 0.665 0.2224371375 0.67 0.2282398453125 0.6716666671875 0.25145067656250003 0.665 0.25531914843750003 0.67 0.2591876203125 0.6599999999999999 0.2707930375 0.6416666671875 0.27272727343750003 0.6333333328124999 0.286266925 0.6366666671875 0.3191489359375 0.6599999999999999 0.3230174078125 0.6533333328125 0.33655705937499997 0.6316666671875 0.3384912953125 0.6283333328125 0.4100580265625 0.6316666671875 0.415860734375 0.6383333328125 0.4100580265625 0.6516666671875 0.41972920625 0.6416666671875 0.43326885937500004 0.6416666671875 0.4468085109375 0.6483333328125 0.45454545468749996 0.6366666671875 0.4603481625 0.6416666671875 0.48355899375 0.6316666671875 0.4912959375 0.6283333328125 0.54738878125 0.6466666671875 0.5570599609375 0.8116666671875 0.5570599609375 0.8166666671874999 0.551257253125 0.8916666671875 0.551257253125 0.9083333328125001 0.5435203093750001 0.9116666671875 0.353965184375 0.9099999999999999 0.3423597671875 0.9033333328125 0.33655705937499997 0.8983333328124999 0.34042553125 0.8916666671875 0.3268858796875 0.8983333328124999 0.313346228125 0.9099999999999999 0.313346228125 0.9099999999999999 0.305609284375 0.9016666671875001 0.2959381046875 0.9016666671875001 0.24564796875 0.9066666671875 0.241779496875 0.9016666671875001 0.237911025 0.9033333328125 0.19922630624999998 0.8966666671875 0.18181818125 0.9016666671875001 0.1760154734375 0.8966666671875 0.1431334625 0.9016666671875001 0.13539651875 0.8866666671875001 0.123791103125 0.8916666671875 0.0947775625 0.8516666671875001 0.090909090625 0.8316666671874999 0.098646034375 0.8216666671875 0.090909090625 0.7666666671875 0.090909090625 0.7416666671875001 0.0947775625 0.7266666671875 0.1044487421875 0.72 0.090909090625 0.7116666671874999 0.090909090625 0.7033333328125 0.098646034375 0.6816666671875 0.0947775625 0.6799999999999999 0.10831721406249999 0.6716666671875 0.10251450625 0.67 0.090909090625 0.6599999999999999 0.0928433265625 0.6566666671875 0.10831721406249999 0.6466666671875 0.10058027031250001 0.6466666671875 0.106382978125 0.6383333328125 0.1044487421875 0.6366666671875 0.0947775625 0.6316666671875 0.0947775625 0.6366666671875 0.10251450625 0.6266666671875 0.114119921875 0.6316666671875 0.13539651875 0.6266666671875 0.1411992265625
2 0.5916666671875 0.8568665375 0.6016666671875 0.9264990328125 0.6316666671875 0.9264990328125 0.6383333328125 0.89748549375 0.6366666671875 0.8201160546875 0.61 0.8162475828125 0.6033333328125 0.8220502906249999 0.585 0.8220502906249999 0.5783333328125 0.8065764015625 0.5666666671875 0.8027079296874999 0.5616666671874999 0.8085106390625001 0.5599999999999999 0.8297872343750001 0.5666666671875 0.8413926500000001 0.5833333328125 0.8471953578125 0.5916666671875 0.8568665375
2 0.9116666671875 0.2959381046875 0.9066666671875 0.2959381046875 0.9066666671875 0.313346228125 0.9166666671874999 0.3191489359375 0.9116666671875 0.2959381046875
2 0.9109375 0.21640625 0.0015625 0.00390625
2 0.6333333328124999 0.1760154734375 0.6266666671875 0.2088974859375 0.6316666671875 0.2127659578125 0.6383333328125 0.241779496875 0.6516666671875 0.241779496875 0.6566666671875 0.23597678906250003 0.6666666671875 0.2398452609375 0.655 0.264990328125 0.6333333328124999 0.27272727343750003 0.6333333328124999 0.3191489359375 0.6266666671875 0.3423597671875 0.6316666671875 0.353965184375 0.6266666671875 0.4119922625 0.6283333328125 0.41972920625 0.6366666671875 0.41972920625 0.6416666671875 0.42746615156249995 0.6316666671875 0.4468085109375 0.6283333328125 0.54738878125 0.6483333328125 0.5686653765624999 0.6366666671875 0.5783365578125 0.6383333328125 0.6092843328125 0.6333333328124999 0.6324951640625 0.6416666671875 0.6576402328125 0.6383333328125 0.7117988390625001 0.6433333328125 0.7717601546874999 0.6433333328125 0.9613152796875 0.6533333328125 0.9709864609375 0.675 0.9671179890625 0.6883333328125001 0.9535783359375 0.7066666671874999 0.9613152796875 0.7083333328125 0.955512571875 0.7158333328125 0.9613152796875 0.7583333328124999 0.9574468078124999 0.7816666671875 0.9632495171875 0.7816666671875 0.9497098640624999 0.8083333328125001 0.940038684375 0.8183333328125 0.9439071562500001 0.8233333328124999 0.9303675046875 0.8383333328125 0.9303675046875 0.8516666671875001 0.9439071562500001 0.86 0.9439071562500001 0.865 0.9574468078124999 0.9016666671875001 0.9671179890625 0.9099999999999999 0.9458413921875 0.9166666671874999 0.9439071562500001 0.9166666671874999 0.9303675046875 0.9066666671875 0.9168278531249999 0.915 0.9032882015625001 0.9116666671875 0.885880078125 0.89 0.868471953125 0.915 0.8491295937500001 0.9116666671875 0.837524178125 0.9166666671874999 0.8336557062500001 0.9166666671874999 0.8201160546875 0.9116666671875 0.8027079296874999 0.9216666671875 0.7756286265625 0.9099999999999999 0.7408123796874999 0.9166666671874999 0.7117988390625001 0.915 0.6924564796875 0.9116666671875 0.67504835625 0.9033333328125 0.6653771765625 0.9099999999999999 0.6615087046875 0.905 0.6499032875 0.9116666671875 0.6286266921875 0.8966666671875 0.6170212765625 0.9116666671875 0.5686653765624999 0.8966666671875 0.5531914890625 0.9116666671875 0.5415860734375 0.9116666671875 0.520309478125 0.9166666671874999 0.5106382984375 0.9099999999999999 0.4893617015625 0.9199999999999999 0.4700193421875 0.9116666671875 0.46421663437499994 0.9166666671874999 0.4061895546875 0.9116666671875 0.3713733078125 0.9166666671874999 0.3423597671875 0.9116666671875 0.33655705937499997 0.8983333328124999 0.34042553125 0.8883333328124999 0.328820115625 0.8883333328124999 0.31721469999999996 0.8966666671875 0.313346228125 0.8966666671875 0.2804642171875 0.9166666671874999 0.282398453125 0.9166666671874999 0.2765957453125 0.9033333328125 0.2707930375 0.9033333328125 0.2630560921875 0.9166666671874999 0.24951644062499997 0.9116666671875 0.24564796875 0.9166666671874999 0.23597678906250003 0.9033333328125 0.23210831718749997 0.9066666671875 0.19922630624999998 0.9016666671875001 0.1934235984375 0.9016666671875001 0.17988394531250002 0.9099999999999999 0.1760154734375 0.9116666671875 0.1644100578125 0.905 0.1566731140625 0.9016666671875001 0.127659575 0.8866666671875001 0.11992263125 0.8916666671875 0.0947775625 0.8516666671875001 0.090909090625 0.8283333328125 0.098646034375 0.8216666671875 0.090909090625 0.7516666671875 0.090909090625 0.725 0.10058027031250001 0.72 0.090909090625 0.6849999999999999 0.090909090625 0.675 0.1044487421875 0.6716666671875 0.090909090625 0.6599999999999999 0.090909090625 0.655 0.10251450625 0.6466666671875 0.090909090625 0.6233333328125 0.0967117984375 0.6266666671875 0.1489361703125 0.6216666671875 0.15860734999999998 0.625 0.170212765625 0.6333333328124999 0.1760154734375
2 0.6875 0.3984375 0.0015625 0.00390625
2 0.7616666671875 0.43326885937500004 0.7716666671875 0.4468085109375 0.8583333328125 0.4429400390625 0.8683333328125 0.43326885937500004 0.9016666671875001 0.44100580312500004 0.9099999999999999 0.42746615156249995 0.9066666671875 0.3868471953125 0.9016666671875001 0.377176015625 0.8699999999999999 0.3829787234375 0.86 0.377176015625 0.8283333328125 0.377176015625 0.8150000000000001 0.3829787234375 0.7916666671875 0.3791102515625 0.7716666671875 0.396518375 0.7633333328125 0.396518375 0.7566666671875 0.3868471953125 0.6983333328125 0.3868471953125 0.7016666671875 0.4429400390625 0.7283333328125 0.4352030953125 0.7416666671875001 0.44100580312500004 0.7616666671875 0.43326885937500004
2 0.2166666671875 0.48355899375 0.2366666671875 0.504835590625 0.2633333328125 0.5183752421875 0.3266666671875 0.5183752421875 0.3416666671875 0.4912959375 0.3416666671875 0.47195357812500005 0.3516666671875 0.4468085109375 0.3516666671875 0.4100580265625 0.3416666671875 0.384912959375 0.3416666671875 0.3597678921875 0.32166666718750003 0.3423597671875 0.2633333328125 0.33268858749999997 0.2233333328125 0.346228240625 0.21833333281249998 0.3423597671875 0.20833333281250002 0.3558994203125 0.2116666671875 0.377176015625 0.2066666671875 0.3829787234375 0.2033333328125 0.43326885937500004 0.2166666671875 0.48355899375
2 0.135 0.5377176015625 0.1266666671875 0.5570599609375 0.12833333281249998 0.6015473890624999 0.12166666718750001 0.6247582203125 0.1316666671875 0.6402321078125001 0.10166666718749999 0.655705996875 0.1066666671875 0.671179884375 0.10166666718749999 0.702127659375 0.1066666671875 0.735009671875 0.22000000000000003 0.735009671875 0.24666666718750002 0.742746615625 0.2533333328125 0.735009671875 0.2916666671875 0.7388781437499999 0.3183333328125 0.735009671875 0.32166666718750003 0.7292069624999999 0.43166666718749996 0.7292069624999999 0.4783333328125 0.7195357828125 0.485 0.7117988390625001 0.49000000000000005 0.678916828125 0.5466666671875 0.67504835625 0.545 0.6518375234375 0.5216666671875 0.6479690515625001 0.5116666671875 0.638297871875 0.43833333281250003 0.6324951640625 0.43166666718749996 0.6208897484375 0.43833333281250003 0.6073500968750001 0.43499999999999994 0.591876209375 0.4266666671875 0.584139265625 0.44333333281250004 0.5609284328124999 0.44333333281250004 0.5377176015625 0.45499999999999996 0.5338491296875 0.4566666671875 0.528046421875 0.4516666671875 0.487427465625 0.4516666671875 0.33268858749999997 0.33166666718750004 0.33655705937499997 0.305 0.3268858796875 0.2883333328125 0.33268858749999997 0.25833333281250004 0.3268858796875 0.23500000000000001 0.33655705937499997 0.1366666671875 0.33655705937499997 0.1316666671875 0.3423597671875 0.1366666671875 0.36943907187499997 0.1316666671875 0.36943907187499997 0.1266666671875 0.3868471953125 0.1266666671875 0.45261121875 0.1316666671875 0.47195357812500005 0.12833333281249998 0.528046421875 0.135 0.5377176015625
2 0.0966666671875 0.1760154734375 0.10166666718749999 0.24564796875 0.11499999999999999 0.24951644062499997 0.1433333328125 0.241779496875 0.2916666671875 0.241779496875 0.2883333328125 0.162475821875 0.2816666671875 0.15860734999999998 0.2716666671875 0.1644100578125 0.24666666718750002 0.1411992265625 0.25166666718749997 0.1218568671875 0.2616666671875 0.13539651875 0.2666666671875 0.127659575 0.2616666671875 0.11798839531250001 0.24666666718750002 0.11798839531250001 0.2366666671875 0.1411992265625 0.22833333281249998 0.1411992265625 0.2266666671875 0.11798839531250001 0.0966666671875 0.1218568671875 0.0966666671875 0.1450676984375 0.0916666671875 0.1528046421875 0.10166666718749999 0.162475821875 0.0966666671875 0.1760154734375
2 0.7766666671875 0.9497098640624999 0.7766666671875 0.9342359765625 0.765 0.947775628125 0.7583333328124999 0.947775628125 0.755 0.9439071562500001 0.7616666671875 0.9342359765625 0.7516666671875 0.9458413921875 0.74 0.940038684375 0.74 0.947775628125 0.7766666671875 0.9497098640624999
2 0.8666666671875 0.9303675046875 0.8666666671875 0.9361702125000001 0.8716666671875 0.9303675046875 0.8666666671875 0.9303675046875
2 0.5716666671875 0.8433268859374999 0.5916666671875 0.8433268859374999 0.5916666671875 0.8626692453125001 0.6 0.8781431328125 0.6016666671875 0.920696325 0.6316666671875 0.920696325 0.6266666671875 0.901353965625 0.6366666671875 0.88974855 0.6366666671875 0.8007736937500001 0.6466666671875 0.8065764015625 0.6466666671875 0.79303675 0.6366666671875 0.781431334375 0.6366666671875 0.725338490625 0.5766666671875 0.725338490625 0.5666666671875 0.742746615625 0.5666666671875 0.76982591875 0.5616666671874999 0.7756286265625 0.5633333328125001 0.8336557062500001 0.5716666671875 0.8433268859374999
2 0.6466666671875 0.6344293999999999 0.6433333328125 0.6847195359375 0.6516666671875 0.6924564796875 0.6416666671875 0.735009671875 0.6533333328125 0.7466150875 0.6466666671875 0.7485493234375 0.6433333328125 0.765957446875 0.6516666671875 0.7717601546874999 0.6566666671875 0.81818181875 0.6433333328125 0.8297872343750001 0.6416666671875 0.8491295937500001 0.6466666671875 0.860735009375 0.65 0.8568665375 0.6566666671875 0.8665377171875001 0.6566666671875 0.8994197296875001 0.6616666671875 0.9032882015625001 0.6533333328125 0.9110251453125 0.6666666671875 0.9187620890625 0.6616666671875 0.9303675046875 0.6666666671875 0.940038684375 0.6616666671875 0.9497098640624999 0.7233333328125 0.9497098640624999 0.7316666671875 0.9264990328125 0.7216666671875 0.9264990328125 0.7216666671875 0.9071566734375001 0.7116666671874999 0.9052224375 0.7183333328125 0.893617021875 0.74 0.89748549375 0.7516666671875 0.9071566734375001 0.75 0.901353965625 0.7583333328124999 0.89748549375 0.76 0.8839458406249999 0.7666666671875 0.88974855 0.7733333328125 0.8839458406249999 0.8066666671875 0.8839458406249999 0.8316666671874999 0.8704061890625001 0.8383333328125 0.88007736875 0.8583333328125 0.88007736875 0.8666666671875 0.8878143140624999 0.865 0.893617021875 0.8566666671875 0.893617021875 0.8566666671875 0.9032882015625001 0.8716666671875 0.9110251453125 0.8716666671875 0.9264990328125 0.8766666671875001 0.91295938125 0.8916666671875 0.920696325 0.9016666671875001 0.9110251453125 0.9033333328125 0.8994197296875001 0.8916666671875 0.8955512578124999 0.8883333328124999 0.8704061890625001 0.8966666671875 0.8704061890625001 0.8933333328125 0.8665377171875001 0.9033333328125 0.8626692453125001 0.9116666671875 0.8491295937500001 0.9066666671875 0.8355899421874999 0.9116666671875 0.8259187625 0.9066666671875 0.8085106390625001 0.9116666671875 0.8027079296874999 0.9066666671875 0.7949709859375 0.9099999999999999 0.7485493234375 0.9033333328125 0.742746615625 0.9066666671875 0.725338490625 0.9016666671875001 0.717601546875 0.9033333328125 0.702127659375 0.9099999999999999 0.694390715625 0.9016666671875001 0.663442940625 0.9066666671875 0.6518375234375 0.8966666671875 0.6363636359375 0.9016666671875001 0.6286266921875 0.8966666671875 0.615087040625 0.8800000000000001 0.5976789171875 0.8816666671875 0.591876209375 0.9016666671875001 0.5880077375 0.9033333328125 0.5783365578125 0.8966666671875 0.5647969046875 0.8316666671874999 0.5609284328124999 0.8216666671875 0.5705996125 0.8166666671874999 0.5647969046875 0.6983333328125 0.5647969046875 0.6950000000000001 0.5705996125 0.6866666671874999 0.5647969046875 0.6816666671875 0.5705996125 0.6516666671875 0.5705996125 0.6416666671875 0.5783365578125 0.6416666671875 0.5976789171875 0.6566666671875 0.62669245625 0.6466666671875 0.6344293999999999
2 0.10333333281249998 0.91295938125 0.10833333281249999 0.9071566734375001 0.10333333281249998 0.88974855 0.0716666671875 0.88974855 0.06999999999999999 0.9110251453125 0.07666666718750001 0.9168278531249999 0.0866666671875 0.9110251453125 0.10333333281249998 0.91295938125
2 0.32421875 0.65 0.0046875 0.00390625
2 0.1866666671875 0.7388781437499999 0.305 0.735009671875 0.3333333328125 0.725338490625 0.3916666671875 0.7292069624999999 0.4783333328125 0.7195357828125 0.48666666718749996 0.7059961312499999 0.48166666718749995 0.678916828125 0.4733333328125 0.67504835625 0.4716666671875 0.6653771765625 0.46166666718749994 0.655705996875 0.4566666671875 0.6615087046875 0.44666666718750003 0.6576402328125 0.43833333281250003 0.6653771765625 0.4216666671875 0.6615087046875 0.41500000000000004 0.671179884375 0.3983333328125 0.67504835625 0.39 0.655705996875 0.3716666671875 0.6615087046875 0.36 0.655705996875 0.3616666671875 0.6479690515625001 0.3516666671875 0.6479690515625001 0.3383333328125 0.6615087046875 0.3133333328125 0.6576402328125 0.3133333328125 0.6479690515625001 0.3116666671875 0.653771759375 0.2966666671875 0.6479690515625001 0.2883333328125 0.655705996875 0.2866666671875 0.6479690515625001 0.2666666671875 0.6479690515625001 0.2483333328125 0.6615087046875 0.21833333281249998 0.6576402328125 0.2066666671875 0.671179884375 0.1616666671875 0.671179884375 0.12 0.6982591874999999 0.1066666671875 0.6982591874999999 0.1066666671875 0.7330754359375 0.1866666671875 0.7388781437499999
2 0.7216666671875 0.23210831718749997 0.7316666671875 0.24564796875 0.765 0.241779496875 0.7716666671875 0.24951644062499997 0.85 0.24951644062499997 0.865 0.23597678906250003 0.8866666671875001 0.24951644062499997 0.8966666671875 0.24951644062499997 0.9033333328125 0.241779496875 0.9016666671875001 0.1914893609375 0.8766666671875001 0.1721470015625 0.865 0.17794970937500001 0.8583333328125 0.189555125 0.8516666671875001 0.17794970937500001 0.7983333328125 0.185686653125 0.7583333328124999 0.18181818125 0.7616666671875 0.2011605421875 0.7483333328125 0.20696325 0.7366666671875 0.20309477812500001 0.7366666671875 0.185686653125 0.7066666671874999 0.185686653125 0.6983333328125 0.1914893609375 0.6966666671875 0.23210831718749997 0.7016666671875 0.241779496875 0.7166666671875 0.2398452609375 0.7216666671875 0.23210831718749997
2 0.665 0.15087040625 0.675 0.1450676984375 0.6666666671875 0.1450676984375 0.665 0.15087040625
2 0.8566666671875 0.098646034375 0.8566666671875 0.114119921875 0.8616666671875001 0.10831721406249999 0.8566666671875 0.098646034375
2 0.165625 0.68671875 0.0015625 0.00390625
2 0.27890625 0.6703125 0.01484375 0.0015625
2 0.1166666671875 0.6673114124999999 0.1066666671875 0.676338490625 0.1066666671875 0.6885880078125 0.1116666671875 0.6885880078125 0.1183333328125 0.67504835625 0.1266666671875 0.6885880078125 0.1266666671875 0.6692456484375 0.1316666671875 0.6653771765625 0.13999999999999999 0.671179884375 0.15 0.6653771765625 0.1916666671875 0.6653771765625 0.20833333281250002 0.6576402328125 0.2266666671875 0.6653771765625 0.2383333328125 0.6615087046875 0.2416666671875 0.671179884375 0.25166666718749997 0.671179884375 0.2533333328125 0.6653771765625 0.2666666671875 0.671179884375 0.2683333328125 0.6653771765625 0.2816666671875 0.6615087046875 0.3066666671875 0.6615087046875 0.3166666671875 0.671179884375 0.32166666718750003 0.6653771765625 0.3416666671875 0.671179884375 0.3633333328125 0.6653771765625 0.40833333281249995 0.6692456484375 0.41333333281250006 0.67504835625 0.4216666671875 0.6653771765625 0.46666666718750005 0.67504835625 0.46333333281250005 0.6692456484375 0.4733333328125 0.6615087046875 0.48333333281249996 0.6769825921875 0.5033333328125 0.6827853 0.54 0.678916828125 0.5466666671875 0.6692456484375 0.5466666671875 0.6518375234375 0.5349999999999999 0.6518375234375 0.5133333328125 0.638297871875 0.44333333281250004 0.6286266921875 0.43333333281249997 0.6344293999999999 0.3916666671875 0.638297871875 0.2966666671875 0.6344293999999999 0.25833333281250004 0.64216634375 0.2066666671875 0.6344293999999999 0.1966666671875 0.64216634375 0.1766666671875 0.638297871875 0.12166666718750001 0.6441005796875 0.11499999999999999 0.6518375234375 0.1066666671875 0.6518375234375 0.1066666671875 0.664087040625 0.1166666671875 0.6673114124999999
2 0.6666666671875 0.504835590625 0.6616666671875 0.504835590625 0.6716666671875 0.5106382984375 0.6816666671875 0.54738878125 0.735 0.551257253125 0.7433333328125 0.5415860734375 0.7533333328125 0.54738878125 0.8066666671875 0.54738878125 0.8183333328125 0.5415860734375 0.8266666671875 0.551257253125 0.8466666671875 0.551257253125 0.8566666671875 0.5415860734375 0.8616666671875001 0.551257253125 0.8883333328124999 0.54738878125 0.8916666671875 0.5415860734375 0.8916666671875 0.487427465625 0.8866666671875001 0.4777562859375 0.79 0.4738878140625 0.7133333328125 0.479690521875 0.6849999999999999 0.4738878140625 0.6716666671875 0.49516440937499995 0.6616666671875 0.4912959375 0.6666666671875 0.4970986453125 0.6666666671875 0.504835590625
2 0.5916666671875 0.8568665375 0.6 0.885880078125 0.6 0.920696325 0.6066666671875 0.9264990328125 0.6316666671875 0.9226305609375001 0.6366666671875 0.9168278531249999 0.6383333328125 0.8955512578124999 0.6366666671875 0.725338490625 0.6266666671875 0.7195357828125 0.5716666671875 0.725338490625 0.5633333328125001 0.765957446875 0.5666666671875 0.7756286265625 0.5616666671874999 0.7852998062500001 0.5616666671874999 0.8355899421874999 0.5916666671875 0.8568665375
2 0.0633333328125 0.781431334375 0.058333332812500006 0.8027079296874999 0.0666666671875 0.8220502906249999 0.0633333328125 0.9168278531249999 0.07666666718750001 0.9303675046875 0.0716666671875 0.9342359765625 0.06999999999999999 0.955512571875 0.07666666718750001 0.9613152796875 0.0916666671875 0.9574468078124999 0.10166666718749999 0.9632495171875 0.1266666671875 0.920696325 0.125 0.91295938125 0.10833333281249999 0.9032882015625001 0.0983333328125 0.872340425 0.11499999999999999 0.8626692453125001 0.125 0.8491295937500001 0.1316666671875 0.8201160546875 0.1316666671875 0.765957446875 0.1266666671875 0.7524177953125 0.1183333328125 0.7485493234375 0.0966666671875 0.750483559375 0.10166666718749999 0.725338490625 0.0933333328125 0.694390715625 0.1 0.6827853 0.0916666671875 0.6518375234375 0.0716666671875 0.6576402328125 0.0616666671875 0.671179884375 0.0666666671875 0.6982591874999999 0.0633333328125 0.765957446875 0.058333332812500006 0.7717601546874999 0.0633333328125 0.781431334375
2 0.09 0.5783365578125 0.08499999999999999 0.584139265625 0.0983333328125 0.584139265625 0.10333333281249998 0.5744680843750001 0.09 0.5783365578125
2 0.3966666671875 0.5067698265625 0.40499999999999997 0.558994196875 0.4016666671875 0.615087040625 0.4066666671875 0.6247582203125 0.43666666718749997 0.6247582203125 0.44166666718750003 0.6208897484375 0.43666666718749997 0.6092843328125 0.43666666718749997 0.5764023203125 0.44166666718750003 0.5609284328124999 0.43666666718749997 0.5222437140625 0.4516666671875 0.5183752421875 0.4516666671875 0.479690521875 0.43833333281250003 0.4738878140625 0.43666666718749997 0.4506769828125 0.4516666671875 0.4468085109375 0.4516666671875 0.43326885937500004 0.44666666718750003 0.4139264984375 0.43666666718749997 0.40812379062500004 0.43666666718749997 0.3791102515625 0.44166666718750003 0.37330754375 0.43166666718749996 0.3675048359375 0.43166666718749996 0.3558994203125 0.40499999999999997 0.346228240625 0.4 0.36557059999999997 0.3966666671875 0.4429400390625 0.4016666671875 0.45841392656249996 0.3966666671875 0.4738878140625 0.3966666671875 0.5067698265625
2 0.0716666671875 0.7330754359375 0.06999999999999999 0.7446808515625001 0.07666666718750001 0.7466150875 0.0716666671875 0.742746615625 0.0733333328125 0.7369439078125 0.0816666671875 0.7388781437499999 0.0966666671875 0.7292069624999999 0.0916666671875 0.709864603125 0.0966666671875 0.7079303671875 0.1 0.67504835625 0.0916666671875 0.6479690515625001 0.0666666671875 0.6653771765625 0.0633333328125 0.6924564796875 0.0716666671875 0.713733075 0.0666666671875 0.7292069624999999 0.0716666671875 0.7330754359375
2 0.13999999999999999 0.5705996125 0.12833333281249998 0.5705996125 0.12833333281249998 0.6015473890624999 0.16 0.6054158609375 0.1616666671875 0.6344293999999999 0.20166666718749998 0.6344293999999999 0.205 0.6286266921875 0.21833333281249998 0.6286266921875 0.2216666671875 0.6344293999999999 0.22833333281249998 0.6286266921875 0.265 0.6344293999999999 0.32999999999999996 0.6247582203125 0.4016666671875 0.6286266921875 0.425 0.6189555125 0.4266666671875 0.61121856875 0.43666666718749997 0.615087040625 0.42833333281249997 0.603481625 0.43 0.5938104453124999 0.43666666718749997 0.5976789171875 0.4166666671875 0.584139265625 0.4166666671875 0.5783365578125 0.4233333328125 0.566731140625 0.43499999999999994 0.5686653765624999 0.43666666718749997 0.5609284328124999 0.44666666718750003 0.5570599609375 0.4516666671875 0.5609284328124999 0.45499999999999996 0.54738878125 0.4566666671875 0.37330754375 0.4516666671875 0.361702128125 0.4516666671875 0.33268858749999997 0.44666666718750003 0.328820115625 0.3166666671875 0.33268858749999997 0.2966666671875 0.3268858796875 0.2766666671875 0.33268858749999997 0.2616666671875 0.3268858796875 0.24333333281249997 0.33655705937499997 0.1916666671875 0.328820115625 0.1783333328125 0.33655705937499997 0.1316666671875 0.33655705937499997 0.1316666671875 0.35009671249999996 0.1416666671875 0.36943907187499997 0.16833333281250001 0.3829787234375 0.16999999999999998 0.39264990312500003 0.18 0.40038684687500004 0.1766666671875 0.4100580265625 0.1816666671875 0.43326885937500004 0.16833333281250001 0.43326885937500004 0.1616666671875 0.4139264984375 0.14666666718750002 0.40038684687500004 0.14666666718750002 0.39264990312500003 0.1366666671875 0.3829787234375 0.12833333281249998 0.3868471953125 0.12833333281249998 0.528046421875 0.1316666671875 0.551257253125 0.15 0.5570599609375 0.13999999999999999 0.5705996125
2 0.6933333328125 0.9535783359375 0.7116666671874999 0.9535783359375 0.7283333328125 0.940038684375 0.7416666671875001 0.947775628125 0.7666666671875 0.9497098640624999 0.8183333328125 0.9439071562500001 0.8283333328125 0.9264990328125 0.8616666671875001 0.940038684375 0.8716666671875 0.9264990328125 0.8699999999999999 0.8994197296875001 0.86 0.88974855 0.7666666671875 0.88974855 0.745 0.8994197296875001 0.6799999999999999 0.893617021875 0.67 0.9052224375 0.6666666671875 0.9303675046875 0.6716666671875 0.9439071562500001 0.675 0.9497098640624999 0.6933333328125 0.9535783359375
2 0.12166666718750001 0.8297872343750001 0.11499999999999999 0.8297872343750001 0.1166666671875 0.8471953578125 0.125 0.8355899421874999 0.12166666718750001 0.8297872343750001
2 0.1 0.796905221875 0.1266666671875 0.76982591875 0.12166666718750001 0.7524177953125 0.0716666671875 0.7562862671875 0.0666666671875 0.762088975 0.0716666671875 0.7988394578125 0.0983333328125 0.7911025140625 0.1 0.796905221875
2 0.16499999999999998 0.5377176015625 0.1316666671875 0.5377176015625 0.12833333281249998 0.5435203093750001 0.1266666671875 0.5783365578125 0.1716666671875 0.5744680843750001 0.1716666671875 0.5435203093750001 0.16499999999999998 0.5377176015625
2 0.1316666671875 0.4777562859375 0.1316666671875 0.4932301734375 0.13999999999999999 0.4777562859375 0.1316666671875 0.4777562859375
2 0.4483333328125 0.7756286265625 0.4566666671875 0.7756286265625 0.4516666671875 0.765957446875 0.4483333328125 0.7756286265625
2 0.25666666718750003 0.7408123796874999 0.2316666671875 0.7466150875 0.2266666671875 0.7388781437499999 0.1316666671875 0.7388781437499999 0.135 0.781431334375 0.13999999999999999 0.79303675 0.2633333328125 0.79303675 0.29333333281249996 0.7852998062500001 0.3066666671875 0.7852998062500001 0.3133333328125 0.79303675 0.315 0.7872340421875 0.32166666718750003 0.79303675 0.3233333328125 0.7852998062500001 0.3483333328125 0.7833655703125 0.3566666671875 0.7794970984375 0.3583333328125 0.7717601546874999 0.395 0.765957446875 0.43166666718749996 0.7388781437499999 0.4266666671875 0.7330754359375 0.4166666671875 0.7485493234375 0.41166666718749995 0.7330754359375 0.4 0.735009671875 0.3966666671875 0.7292069624999999 0.37666666718749997 0.735009671875 0.365 0.7292069624999999 0.3616666671875 0.735009671875 0.2966666671875 0.735009671875 0.2866666671875 0.7466150875 0.25666666718750003 0.7408123796874999
2 0.8283333328125 0.79303675 0.8416666671874999 0.8027079296874999 0.8616666671875001 0.8065764015625 0.9016666671875001 0.8027079296874999 0.9066666671875 0.7833655703125 0.9066666671875 0.762088975 0.9 0.750483559375 0.8816666671875 0.7466150875 0.875 0.7388781437499999 0.8566666671875 0.7466150875 0.8316666671874999 0.742746615625 0.825 0.7485493234375 0.7866666671875 0.742746615625 0.75 0.7562862671875 0.7366666671875 0.7485493234375 0.7216666671875 0.7485493234375 0.705 0.758220503125 0.7066666671874999 0.8065764015625 0.8183333328125 0.8065764015625 0.8266666671875 0.8027079296874999 0.8283333328125 0.79303675
2 0.55 0.26112185625 0.5616666671874999 0.264990328125 0.6016666671875 0.24951644062499997 0.6016666671875 0.23210831718749997 0.6166666671875001 0.2224371375 0.6166666671875001 0.195357834375 0.6116666671875 0.1934235984375 0.6166666671875001 0.185686653125 0.615 0.1411992265625 0.605 0.13539651875 0.5816666671874999 0.1373307546875 0.5716666671875 0.1489361703125 0.5566666671875 0.15087040625 0.5483333328125 0.15860734999999998 0.5466666671875 0.195357834375 0.5566666671875 0.21856866562500002 0.5466666671875 0.23210831718749997 0.55 0.26112185625
2 0.1866666671875 0.5860735015625 0.1866666671875 0.6073500968750001 0.20166666718749998 0.6054158609375 0.20166666718749998 0.584139265625 0.1866666671875 0.5860735015625
2 0.0616666671875 0.21856866562500002 0.058333332812500006 0.2688588 0.075 0.27272727343750003 0.07666666718750001 0.27852998125 0.09 0.27852998125 0.0933333328125 0.27272727343750003 0.1166666671875 0.2920696328125 0.1266666671875 0.2920696328125 0.15 0.2688588 0.1566666671875 0.27852998125 0.23333333281250002 0.27852998125 0.2966666671875 0.286266925 0.3116666671875 0.282398453125 0.3183333328125 0.27272727343750003 0.3166666671875 0.162475821875 0.2816666671875 0.162475821875 0.2616666671875 0.131528046875 0.2816666671875 0.11798839531250001 0.31 0.114119921875 0.31 0.0851063828125 0.2316666671875 0.0851063828125 0.21833333281249998 0.090909090625 0.18 0.0851063828125 0.155 0.0947775625 0.1266666671875 0.08704061874999999 0.10500000000000001 0.0947775625 0.075 0.090909090625 0.058333332812500006 0.1044487421875 0.0533333328125 0.127659575 0.0566666671875 0.1489361703125 0.0633333328125 0.15087040625 0.0516666671875 0.16827852968749998 0.0616666671875 0.21856866562500002
2 0.12166666718750001 0.5609284328124999 0.1266666671875 0.5415860734375 0.1266666671875 0.37330754375 0.12166666718750001 0.3597678921875 0.125 0.346228240625 0.1183333328125 0.3268858796875 0.0866666671875 0.2959381046875 0.075 0.2959381046875 0.065 0.30367504843750004 0.058333332812500006 0.3191489359375 0.0616666671875 0.551257253125 0.0716666671875 0.5744680843750001 0.1116666671875 0.5705996125 0.12166666718750001 0.5609284328124999
2 0.0716666671875 0.9574468078124999 0.07666666718750001 0.9632495171875 0.10166666718749999 0.9632495171875 0.125 0.9264990328125 0.12166666718750001 0.9071566734375001 0.11499999999999999 0.9071566734375001 0.10166666718749999 0.885880078125 0.0716666671875 0.88974855 0.06999999999999999 0.9110251453125 0.07666666718750001 0.9342359765625 0.06999999999999999 0.9419729203125 0.0716666671875 0.9574468078124999
2 0.1116666671875 0.852998065625 0.1 0.8471953578125 0.0716666671875 0.852998065625 0.06999999999999999 0.8762088968749999 0.0783333328125 0.8762088968749999 0.0966666671875 0.852998065625 0.1116666671875 0.852998065625
2 0.8183333328125 0.655705996875 0.8366666671875 0.64216634375 0.8550000000000001 0.655705996875 0.8866666671875001 0.6479690515625001 0.8816666671875 0.6015473890624999 0.8766666671875001 0.5976789171875 0.8183333328125 0.591876209375 0.7816666671875 0.6015473890624999 0.7716666671875 0.5938104453124999 0.7566666671875 0.5938104453124999 0.7416666671875001 0.6054158609375 0.6849999999999999 0.5976789171875 0.6816666671875 0.6576402328125 0.6883333328125001 0.6615087046875 0.6983333328125 0.6518375234375 0.8183333328125 0.655705996875
2 0.3366666671875 0.9709864609375 0.3466666671875 0.972920696875 0.3466666671875 0.9671179890625 0.3366666671875 0.9709864609375
2 0.5066666671875 0.9903288203124999 0.51 0.9767891687500001 0.5183333328125 0.9709864609375 0.5025000000000001 0.9671179890625 0.5083333328124999 0.9787234046875 0.5 0.9825918765624999 0.4916666671875 0.9671179890625 0.48166666718749995 0.9709864609375 0.48166666718749995 0.980657640625 0.5033333328125 0.9845261125 0.5066666671875 0.9903288203124999
2 0.20166666718749998 0.972920696875 0.215 0.9709864609375 0.2066666671875 0.9671179890625 0.20166666718749998 0.972920696875
2 0.185 0.9497098640624999 0.1766666671875 0.9497098640624999 0.1716666671875 0.9574468078124999 0.1766666671875 0.9613152796875 0.1916666671875 0.9574468078124999 0.185 0.9497098640624999
2 0.038333332812499996 0.2224371375 0.0516666671875 0.21470019375 0.0533333328125 0.195357834375 0.038333332812499996 0.1914893609375 0.0366666671875 0.185686653125 0.0266666671875 0.1914893609375 0.025 0.21663442968750002 0.0333333328125 0.21856866562500002 0.038333332812499996 0.23210831718749997 0.038333332812499996 0.2224371375
2 0.10166666718749999 0.18762088906250002 0.1066666671875 0.1914893609375 0.10333333281249998 0.18181818125 0.10166666718749999 0.18762088906250002
2 0.1266666671875 0.17794970937500001 0.125 0.1721470015625 0.1233333328125 0.17794970937500001 0.1116666671875 0.1760154734375 0.10833333281249999 0.1914893609375 0.1183333328125 0.1914893609375 0.1316666671875 0.1721470015625 0.1266666671875 0.17794970937500001
2 0.3171875 0.0328125 0.0015625 0.00390625
2 0.23333333281250002 0.030947775 0.22999999999999998 0.0251450671875 0.2266666671875 0.0367504828125 0.2383333328125 0.034816246875 0.2383333328125 0.027079303125 0.23333333281250002 0.030947775
2 0.5171875 0.02421875 0.0015625 0.00546875
2 0.5866666671874999 0.0212765953125 0.5866666671874999 0.027079303125 0.5916666671875 0.0212765953125 0.5866666671874999 0.0212765953125
2 0.48666666718749996 0.0174081234375 0.4766666671875 0.0212765953125 0.4766666671875 0.027079303125 0.495 0.0212765953125 0.48666666718749996 0.0174081234375
2 0.025 0.17408123749999999 0.038333332812499996 0.1721470015625 0.038333332812499996 0.162475821875 0.05 0.1644100578125 0.0516666671875 0.15860734999999998 0.0666666671875 0.1644100578125 0.0616666671875 0.20502901406250001 0.0566666671875 0.20502901406250001 0.058333332812500006 0.2224371375 0.0516666671875 0.2224371375 0.05 0.2282398453125 0.0566666671875 0.23210831718749997 0.0566666671875 0.241779496875 0.0466666671875 0.2591876203125 0.034999999999999996 0.25145067656250003 0.0266666671875 0.2630560921875 0.031666667187500004 0.290135396875 0.0266666671875 0.2920696328125 0.025 0.3114119921875 0.025 0.3984526109375 0.031666667187500004 0.4061895546875 0.0283333328125 0.4100580265625 0.0366666671875 0.415860734375 0.0266666671875 0.42166344218749996 0.0366666671875 0.42359767968749995 0.034999999999999996 0.43133462343750006 0.025 0.43713733125000004 0.025 0.487427465625 0.0366666671875 0.4912959375 0.0266666671875 0.512572534375 0.0266666671875 0.52417795 0.0366666671875 0.5299806578124999 0.034999999999999996 0.5435203093750001 0.0266666671875 0.5493230171875 0.0266666671875 0.6054158609375 0.031666667187500004 0.615087040625 0.0266666671875 0.6576402328125 0.0333333328125 0.6673114124999999 0.031666667187500004 0.7156673109375 0.038333332812499996 0.7292069624999999 0.031666667187500004 0.742746615625 0.031666667187500004 0.8471953578125 0.038333332812499996 0.8994197296875001 0.0366666671875 0.9709864609375 0.038333332812499996 0.9767891687500001 0.0466666671875 0.9767891687500001 0.05 0.9903288203124999 0.06999999999999999 0.9903288203124999 0.0933333328125 0.9709864609375 0.10500000000000001 0.9709864609375 0.1066666671875 0.9767891687500001 0.0966666671875 0.9903288203124999 0.1116666671875 0.9941972921875 0.12166666718750001 0.980657640625 0.1116666671875 0.9535783359375 0.12166666718750001 0.947775628125 0.1366666671875 0.9613152796875 0.1416666671875 0.9574468078124999 0.1266666671875 0.9226305609375001 0.1666666671875 0.9303675046875 0.1716666671875 0.940038684375 0.1816666671875 0.940038684375 0.1966666671875 0.9574468078124999 0.23500000000000001 0.9574468078124999 0.2616666671875 0.9671179890625 0.2916666671875 0.9613152796875 0.3166666671875 0.972920696875 0.3366666671875 0.9574468078124999 0.3433333328125 0.9632495171875 0.3716666671875 0.9632495171875 0.37666666718749997 0.9709864609375 0.46166666718749994 0.9709864609375 0.48166666718749995 0.9574468078124999 0.5133333328125 0.9497098640624999 0.5166666671875 0.9632495171875 0.5416666671875 0.980657640625 0.6033333328125 0.9845261125 0.6066666671875 0.9903288203124999 0.6483333328125 0.9903288203124999 0.6583333328125 0.9845261125 0.7366666671875 0.9864603484375 0.7583333328124999 0.980657640625 0.7733333328125 0.9903288203124999 0.7833333328125 0.9845261125 0.7866666671875 0.9903288203124999 0.7966666671875 0.9845261125 0.8266666671875 0.9903288203124999 0.845 0.9767891687500001 0.8616666671875001 0.9903288203124999 0.9166666671874999 0.9903288203124999 0.9266666671875001 0.980657640625 0.9466666671875 0.9941972921875 0.9866666671875001 0.9903288203124999 0.9866666671875001 0.972920696875 0.9766666671875001 0.9535783359375 0.9816666671875 0.9497098640624999 0.9800000000000001 0.9381044484375 0.9866666671875001 0.9342359765625 0.9866666671875001 0.9110251453125 0.9766666671875001 0.901353965625 0.975 0.8916827859374999 0.985 0.8626692453125001 0.9766666671875001 0.8394584140625 0.9800000000000001 0.8027079296874999 0.97 0.7775628625000001 0.9766666671875001 0.762088975 0.9733333328124999 0.75435203125 0.9800000000000001 0.7195357828125 0.9716666671875 0.694390715625 0.9800000000000001 0.671179884375 0.9733333328124999 0.653771759375 0.9800000000000001 0.64216634375 0.9800000000000001 0.6208897484375 0.9716666671875 0.5899419734375 0.9716666671875 0.58027079375 0.9800000000000001 0.5686653765624999 0.975 0.5454545453125 0.9766666671875001 0.50096711875 0.9716666671875 0.4970986453125 0.975 0.4700193421875 0.9666666671874999 0.448742746875 0.9666666671874999 0.42746615156249995 0.9716666671875 0.41972920625 0.9666666671874999 0.4100580265625 0.9716666671875 0.4061895546875 0.9666666671874999 0.40038684687500004 0.9716666671875 0.396518375 0.9666666671874999 0.3868471953125 0.9716666671875 0.3829787234375 0.9716666671875 0.35009671249999996 0.9666666671874999 0.3423597671875 0.9666666671874999 0.3230174078125 0.9616666671875 0.321083171875 0.9616666671875 0.3075435203125 0.9666666671874999 0.305609284375 0.9666666671874999 0.282398453125 0.9616666671875 0.2804642171875 0.9666666671874999 0.2591876203125 0.9616666671875 0.25531914843750003 0.96 0.23404255312500002 0.9633333328125 0.2088974859375 0.9516666671875 0.1972920703125 0.9616666671875 0.1914893609375 0.9666666671874999 0.17794970937500001 0.9533333328125 0.1489361703125 0.9616666671875 0.13539651875 0.9583333328125001 0.11025145 0.9633333328125 0.0773694390625 0.9633333328125 0.0502901359375 0.9566666671874999 0.030947775 0.9466666671875 0.0251450671875 0.8816666671875 0.0251450671875 0.8800000000000001 0.030947775 0.8616666671875001 0.030947775 0.8550000000000001 0.0212765953125 0.845 0.0290135390625 0.8416666671874999 0.0212765953125 0.8266666671875 0.0212765953125 0.8283333328125 0.027079303125 0.8166666671874999 0.034816246875 0.8016666671875001 0.030947775 0.8 0.0251450671875 0.7883333328125001 0.0328820109375 0.7816666671875 0.0212765953125 0.7466666671875 0.030947775 0.7366666671875 0.0212765953125 0.7006666671875 0.0212765953125 0.6966666671875 0.027079303125 0.6799999999999999 0.0174081234375 0.6716666671875 0.0212765953125 0.6716666671875 0.034816246875 0.665 0.0367504828125 0.6566666671875 0.0212765953125 0.6466666671875 0.027079303125 0.6216666671875 0.0135396515625 0.6183333328125 0.0367504828125 0.605 0.0386847203125 0.605 0.0212765953125 0.5983333328125 0.0483559 0.5733333328125 0.04061895625 0.5516666671875 0.0541586078125 0.5183333328125 0.044487428125 0.5116666671875 0.0483559 0.4966666671875 0.04061895625 0.5016666671875 0.030947775 0.48666666718749996 0.0483559 0.4716666671875 0.0483559 0.44333333281250004 0.034816246875 0.43 0.0483559 0.3966666671875 0.0483559 0.3916666671875 0.04061895625 0.3716666671875 0.044487428125 0.36666666718749996 0.034816246875 0.36 0.0483559 0.3483333328125 0.0483559 0.3466666671875 0.0174081234375 0.3333333328125 0.04061895625 0.3166666671875 0.04061895625 0.315 0.0502901359375 0.2833333328125 0.044487428125 0.2783333328125 0.0290135390625 0.2816666671875 0.0251450671875 0.2766666671875 0.0251450671875 0.2716666671875 0.0483559 0.2533333328125 0.0483559 0.25 0.0541586078125 0.2416666671875 0.0541586078125 0.2316666671875 0.04061895625 0.2216666671875 0.0502901359375 0.1933333328125 0.044487428125 0.1616666671875 0.0502901359375 0.15 0.044487428125 0.1416666671875 0.0483559 0.13999999999999999 0.058027079687500004 0.1316666671875 0.0502901359375 0.08333333281250001 0.0541586078125 0.075 0.052224371874999995 0.0716666671875 0.044487428125 0.0533333328125 0.0541586078125 0.045 0.0483559 0.031666667187500004 0.0541586078125 0.0416666671875 0.067698259375 0.0216666671875 0.0773694390625 0.0266666671875 0.10058027031250001 0.025 0.17408123749999999
2 0.5266666671875 0.02321083125 0.5349999999999999 0.0212765953125 0.5233333328125 0.0135396515625 0.5283333328125 0.0212765953125 0.5266666671875 0.02321083125
2 0.5266666671875 0.02321083125 0.5216666671875 0.0290135390625 0.5266666671875 0.030947775 0.5266666671875 0.02321083125
2 0.1066666671875 0.8201160546875 0.11499999999999999 0.8085106390625001 0.125 0.8123791109375 0.1266666671875 0.79303675 0.1166666671875 0.7852998062500001 0.1066666671875 0.7988394578125 0.06833333281250001 0.8065764015625 0.0666666671875 0.8259187625 0.07666666718750001 0.8297872343750001 0.0933333328125 0.8201160546875 0.1066666671875 0.8201160546875
2 0.5966666671875 0.8085106390625001 0.635 0.8085106390625001 0.6366666671875 0.7292069624999999 0.6316666671875 0.72147001875 0.6066666671875 0.7195357828125 0.5716666671875 0.7272727265625 0.5666666671875 0.762088975 0.5816666671874999 0.7794970984375 0.5883333328125 0.8027079296874999 0.5966666671875 0.8085106390625001
2 0.6516666671875 0.9439071562500001 0.6566666671875 0.9497098640624999 0.6566666671875 0.9439071562500001 0.6516666671875 0.9439071562500001
2 0.6416666671875 0.6247582203125 0.6416666671875 0.6692456484375 0.6483333328125 0.69052224375 0.6416666671875 0.7059961312499999 0.6416666671875 0.75435203125 0.6466666671875 0.7717601546874999 0.6416666671875 0.7988394578125 0.6533333328125 0.8162475828125 0.6416666671875 0.8491295937500001 0.6466666671875 0.860735009375 0.6566666671875 0.8665377171875001 0.6566666671875 0.893617021875 0.6533333328125 0.9032882015625001 0.6466666671875 0.9032882015625001 0.6433333328125 0.9168278531249999 0.6433333328125 0.9264990328125 0.6516666671875 0.9342359765625 0.6466666671875 0.9381044484375 0.6633333328125001 0.940038684375 0.6616666671875 0.9497098640624999 0.6666666671875 0.9535783359375 0.72 0.9535783359375 0.7366666671875 0.9439071562500001 0.7466666671875 0.9535783359375 0.7733333328125 0.9535783359375 0.7849999999999999 0.9439071562500001 0.7866666671875 0.9303675046875 0.7983333328125 0.9226305609375001 0.8016666671875001 0.9303675046875 0.7966666671875 0.9439071562500001 0.8166666671874999 0.920696325 0.8300000000000001 0.9168278531249999 0.8433333328125 0.9226305609375001 0.8550000000000001 0.9168278531249999 0.8566666671875 0.9439071562500001 0.865 0.9497098640624999 0.8766666671875001 0.9439071562500001 0.9016666671875001 0.9497098640624999 0.9099999999999999 0.9303675046875 0.9033333328125 0.920696325 0.9099999999999999 0.893617021875 0.8916666671875 0.868471953125 0.9116666671875 0.852998065625 0.915 0.8201160546875 0.9116666671875 0.67504835625 0.9066666671875 0.6653771765625 0.9099999999999999 0.6344293999999999 0.9016666671875001 0.62669245625 0.9016666671875001 0.615087040625 0.9066666671875 0.61121856875 0.8966666671875 0.6015473890624999 0.8966666671875 0.5938104453124999 0.9099999999999999 0.584139265625 0.9016666671875001 0.5609284328124999 0.73 0.5609284328124999 0.6933333328125 0.5686653765624999 0.6866666671874999 0.5647969046875 0.6816666671875 0.5705996125 0.6599999999999999 0.5686653765624999 0.6416666671875 0.5783365578125 0.6383333328125 0.5976789171875 0.6466666671875 0.6092843328125 0.6466666671875 0.6208897484375 0.6416666671875 0.6247582203125
2 0.16499999999999998 0.6247582203125 0.16499999999999998 0.6054158609375 0.125 0.6054158609375 0.12166666718750001 0.6247582203125 0.1266666671875 0.6324951640625 0.1566666671875 0.6324951640625 0.16499999999999998 0.6247582203125
2 0.365 0.528046421875 0.3016666671875 0.528046421875 0.29333333281249996 0.5338491296875 0.2966666671875 0.6054158609375 0.36666666718749996 0.6054158609375 0.365 0.528046421875
2 0.24666666718750002 0.185686653125 0.25666666718750003 0.185686653125 0.27999999999999997 0.1644100578125 0.24500000000000002 0.13539651875 0.2316666671875 0.13539651875 0.2266666671875 0.1411992265625 0.2266666671875 0.1489361703125 0.2166666671875 0.15860734999999998 0.21833333281249998 0.1644100578125 0.24666666718750002 0.185686653125
2 0.10333333281249998 0.6982591874999999 0.1066666671875 0.7330754359375 0.1816666671875 0.7388781437499999 0.2866666671875 0.7388781437499999 0.3183333328125 0.7292069624999999 0.45499999999999996 0.725338490625 0.48166666718749995 0.7156673109375 0.48666666718749996 0.7079303671875 0.48666666718749996 0.678916828125 0.5466666671875 0.67504835625 0.545 0.6518375234375 0.5216666671875 0.6479690515625001 0.5116666671875 0.638297871875 0.4716666671875 0.6344293999999999 0.1316666671875 0.64216634375 0.1066666671875 0.655705996875 0.1066666671875 0.6692456484375 0.1266666671875 0.6769825921875 0.125 0.6847195359375 0.10333333281249998 0.6982591874999999
2 0.7766666671875 0.353965184375 0.8033333328125 0.344294003125 0.8566666671875 0.346228240625 0.875 0.33655705937499997 0.8816666671875 0.3423597671875 0.9033333328125 0.34042553125 0.9066666671875 0.2998065765625 0.9016666671875001 0.27852998125 0.8966666671875 0.2765957453125 0.8616666671875001 0.282398453125 0.8516666671875001 0.2765957453125 0.8099999999999999 0.27272727343750003 0.8083333328125001 0.27852998125 0.7966666671875 0.282398453125 0.7916666671875 0.2959381046875 0.7816666671875 0.2959381046875 0.7766666671875 0.282398453125 0.7033333328125 0.286266925 0.7016666671875 0.34042553125 0.7066666671874999 0.346228240625 0.765 0.3423597671875 0.7766666671875 0.353965184375
2 0.825 0.2609375 0.003125 0.00390625
2 0.7566666671875 0.2630560921875 0.7633333328125 0.2630560921875 0.7633333328125 0.25531914843750003 0.7566666671875 0.2630560921875
2 0.0666666671875 0.8027079296874999 0.0666666671875 0.8259187625 0.0716666671875 0.8433268859374999 0.07666666718750001 0.845261121875 0.06999999999999999 0.8665377171875001 0.0816666671875 0.8704061890625001 0.0916666671875 0.8665377171875001 0.0866666671875 0.8491295937500001 0.1116666671875 0.860735009375 0.125 0.8433268859374999 0.12833333281249998 0.765957446875 0.1183333328125 0.7524177953125 0.1066666671875 0.758220503125 0.075 0.7562862671875 0.0666666671875 0.765957446875 0.0666666671875 0.7756286265625 0.07666666718750001 0.7852998062500001 0.0666666671875 0.8027079296874999
2 0.759375 0.45390625 0.0046875 0.00546875
2 0.6849999999999999 0.40038684687500004 0.6916666671875 0.40038684687500004 0.6866666671874999 0.396518375 0.6849999999999999 0.40038684687500004
2 0.7416666671875001 0.4429400390625 0.7483333328125 0.43713733125000004 0.7516666671875 0.4429400390625 0.76 0.4352030953125 0.7716666671875 0.4468085109375 0.8466666671875 0.4468085109375 0.8699999999999999 0.43326885937500004 0.9033333328125 0.44100580312500004 0.9099999999999999 0.42746615156249995 0.9066666671875 0.3868471953125 0.9016666671875001 0.377176015625 0.875 0.377176015625 0.8666666671875 0.3829787234375 0.86 0.377176015625 0.8216666671875 0.377176015625 0.8066666671875 0.3829787234375 0.8016666671875001 0.377176015625 0.7766666671875 0.3868471953125 0.77 0.396518375 0.7416666671875001 0.3829787234375 0.7016666671875 0.3829787234375 0.6966666671875 0.38878143125000003 0.7016666671875 0.4429400390625 0.7166666671875 0.43713733125000004 0.7416666671875001 0.4429400390625
2 0.3916666671875 0.127659575 0.38166666718750003 0.114119921875 0.3533333328125 0.10831721406249999 0.3416666671875 0.114119921875 0.3366666671875 0.13539651875 0.3416666671875 0.154738878125 0.375 0.15860734999999998 0.3916666671875 0.127659575
2 0.85859375 0.7203125 0.003125 0.0015625
2 0.7166666671875 0.735009671875 0.7416666671875001 0.735009671875 0.7466666671875 0.7292069624999999 0.7966666671875 0.7330754359375 0.82 0.7234042546875 0.8233333328124999 0.7156673109375 0.8516666671875001 0.7195357828125 0.8766666671875001 0.7059961312499999 0.8766666671875001 0.678916828125 0.835 0.6692456484375 0.7783333328125 0.67504835625 0.73 0.671179884375 0.7166666671875 0.678916828125 0.6766666671875 0.671179884375 0.6683333328125001 0.6769825921875 0.6666666671875 0.735009671875 0.6950000000000001 0.735009671875 0.6983333328125 0.7292069624999999 0.7166666671875 0.735009671875
2 0.7566666671875 0.88007736875 0.7633333328125 0.8665377171875001 0.7733333328125 0.88007736875 0.7916666671875 0.8839458406249999 0.8366666671875 0.8665377171875001 0.885 0.872340425 0.9016666671875001 0.8704061890625001 0.9099999999999999 0.860735009375 0.9099999999999999 0.8355899421874999 0.8966666671875 0.8162475828125 0.8566666671875 0.8162475828125 0.8366666671875 0.8220502906249999 0.8333333328125001 0.8297872343750001 0.8266666671875 0.8297872343750001 0.8216666671875 0.8201160546875 0.7866666671875 0.8201160546875 0.775 0.8297872343750001 0.7316666671875 0.8220502906249999 0.7283333328125 0.8297872343750001 0.7083333328125 0.8297872343750001 0.7066666671874999 0.8665377171875001 0.7083333328125 0.8762088968749999 0.7166666671875 0.88007736875 0.7566666671875 0.88007736875