0 0.1296875 0.4791666671875 0.1296875 0.3729166671875 0.125 0.36666666718749996 0.125 0.34375 0.1046875 0.30625 0.0546875 0.2854166671875 0.03125 0.2854166671875 0.03125 0.51875 0.0953125 0.51875 0.1296875 0.4791666671875
0 0.8734375 0.11041666718750001 0.8921875 0.13125 0.8921875 0.15 0.88125 0.19375 0.8546875 0.2604166671875 0.9515625 0.2604166671875 0.9671875 0.25 0.9671875 0.09375 0.9265625 0.06875 0.8875 0.0625 0.8265625 0.06875 0.8265625 0.075 0.8421875 0.0791666671875 0.84375 0.0916666671875 0.8734375 0.11041666718750001
0 0.5828125 0.5375 0.58125 0.5229166671875001 0.5765625 0.525 0.5765625 0.5416666671875 0.5828125 0.5375
0 0.5765625 0.5520833328125 0.5828125 0.5479166671875 0.5765625 0.5416666671875 0.5765625 0.5520833328125
0 0.5765625 0.56875 0.58125 0.5729166671875 0.5765625 0.5520833328125 0.5765625 0.56875
0 0.565625 0.6479166671875001 0.5625 0.5104166671875 0.5546875 0.5104166671875 0.54375 0.55625 0.5421875 0.63125 0.5484375 0.6479166671875001 0.559375 0.65625 0.565625 0.6479166671875001
0 0.609375 0.6791666671875001 0.628125 0.675 0.6390625 0.6625 0.63125 0.63125 0.634375 0.5833333328125 0.6609375 0.5770833328125 0.66875 0.5541666671875001 0.6625 0.55 0.66875 0.5229166671875001 0.6625 0.5229166671875001 0.65625 0.5104166671875 0.66875 0.5104166671875 0.659375 0.4916666671875 0.6421875 0.475 0.6046875 0.46875 0.6 0.475 0.6 0.6666666671875 0.603125 0.6770833328125 0.609375 0.6791666671875001
0 0.9234375 0.5791666671875 0.9265625 0.5541666671875001 0.9171875 0.5479166671875 0.9265625 0.53125 0.9515625 0.5229166671875001 0.9515625 0.50625 0.9421875 0.45625 0.934375 0.4479166671875 0.9166671875000001 0.4479166671875 0.9109375 0.4583333328125 0.90625 0.4458333328125 0.90625 0.4375 0.9171875 0.425 0.9171875 0.4 0.90625 0.39375 0.846875 0.39375 0.8390625 0.4 0.8375 0.41875 0.8328125 0.5854166671875001 0.84375 0.59375 0.875 0.59375 0.9234375 0.5791666671875
0 0.3953125 0.8666666671875 0.4046875 0.875 0.43125 0.8791666671874999 0.4875 0.875 0.5203125 0.8541666671874999 0.5359375 0.83125 0.5421875 0.7854166671875 0.54375 0.6666666671875 0.5421875 0.6375 0.5359375 0.6291666671875 0.5046875 0.60625 0.45625 0.6 0.3875 0.6166666671875001 0.3625 0.6458333328125 0.3625 0.7270833328124999 0.371875 0.75625 0.3765625 0.84375 0.3953125 0.8666666671875
0 0.8125 0.825 0.8078125 0.8979166671875 0.815625 0.9041666671874999 0.8390625 0.9041666671874999 0.853125 0.8979166671875 0.859375 0.8770833328125001 0.875 0.8625 0.88125 0.8375 0.88125 0.7916666671875 0.86875 0.76875 0.8484375 0.75 0.8296875 0.7375 0.815625 0.7375 0.8046875 0.7416666671875001 0.8046875 0.7479166671875 0.8234375 0.7666666671875 0.8125 0.825
0 0.9 0.75 0.89375 0.7604166671875 0.8984375 0.76875 0.8984375 0.8 0.90625 0.8125 0.9125 0.8125 0.915625 0.8229166671874999 0.8984375 0.8229166671874999 0.8984375 0.8375 0.9234375 0.8375 0.9328125 0.81875 0.9234375 0.8125 0.925 0.80625 0.9375 0.8041666671875 0.94375 0.7916666671875 0.9421875 0.7416666671875001 0.9265625 0.70625 0.925 0.6854166671875 0.9171875 0.675 0.8921875 0.6729166671875 0.8796875 0.6791666671875001 0.875 0.7 0.9 0.7291666671875 0.89375 0.74375 0.9 0.75
0 0.03125 0.7229166671875 0.03125 0.9541666671875 0.16875 0.9541666671875 0.175 0.9104166671874999 0.1640625 0.8166666671874999 0.1671875 0.7875 0.1484375 0.70625 0.1421875 0.7166666671875 0.1359375 0.7041666671875 0.1375 0.6854166671875 0.128125 0.6916666671875 0.1234375 0.6854166671875 0.1296875 0.675 0.115625 0.6625 0.1 0.65625 0.0515625 0.65625 0.0484375 0.6604166671875 0.05625 0.6729166671875 0.0390625 0.675 0.0359375 0.6604166671875 0.03125 0.6625 0.03125 0.675 0.0484375 0.7166666671875 0.03125 0.7229166671875
0 0.6390625 0.34375 0.64375 0.33125 0.6125 0.3166666671875 0.603125 0.3229166671875 0.6 0.44166666718750003 0.609375 0.45 0.634375 0.41041666718750003 0.6390625 0.34375
0 0.58125 0.44375 0.58125 0.31875 0.5625 0.31875 0.54375 0.3291666671875 0.55 0.4125 0.56875 0.4479166671875 0.5765625 0.45 0.58125 0.44375
0 0.1609375 0.71875 0.1609375 0.7416666671875001 0.171875 0.7916666671875 0.16875 0.8229166671874999 0.1734375 0.8354166671875 0.175 0.8791666671874999 0.2015625 0.9291666671875 0.225 0.9479166671874999 0.246875 0.9541666671875 0.2921875 0.9479166671874999 0.3359375 0.925 0.359375 0.8979166671875 0.3734375 0.85625 0.3671875 0.7541666671875 0.3546875 0.71875 0.33125 0.68125 0.3015625 0.6625 0.2609375 0.6604166671875 0.18125 0.6791666671875001 0.159375 0.6958333328124999 0.15625 0.7 0.1625 0.7083333328125 0.15625 0.7125 0.1609375 0.71875
0 0.35 0.4375 0.384375 0.4479166671875 0.4 0.46666666718750005 0.4234375 0.475 0.5015625 0.46875 0.5234375 0.4479166671875 0.5234375 0.325 0.50625 0.30625 0.4609375 0.2854166671875 0.375 0.2854166671875 0.3390625 0.3083333328125 0.3375 0.31875 0.3546875 0.36666666718749996 0.3484375 0.3770833328125 0.35 0.4375
0 0.8671875 0.8375 0.8703125 0.8291666671875 0.859375 0.8145833328125001 0.8703125 0.8104166671874999 0.8734375 0.8 0.8625 0.78125 0.853125 0.78125 0.853125 0.7916666671875 0.8609375 0.8354166671875 0.8671875 0.8375
0 0.8609375 0.7541666671875 0.8625 0.7645833328125 0.8796875 0.78125 0.884375 0.8291666671875 0.88125 0.85 0.8703125 0.8666666671875 0.8859375 0.8666666671875 0.8984375 0.8375 0.8953125 0.8270833328125 0.9125 0.825 0.925 0.8125 0.9265625 0.7791666671875 0.921875 0.75625 0.9140625 0.7395833328125 0.8921875 0.725 0.8796875 0.70625 0.83125 0.7083333328125 0.83125 0.7375 0.846875 0.7416666671875001 0.8546875 0.7541666671875 0.8609375 0.7541666671875
0 0.1375 0.38333333281250004 0.1484375 0.3875 0.15 0.46666666718750005 0.1578125 0.47291666718750003 0.215625 0.5104166671875 0.25 0.5 0.321875 0.49375 0.3421875 0.47291666718750003 0.34375 0.3604166671875 0.340625 0.3375 0.3296875 0.3166666671875 0.30625 0.3 0.2703125 0.2875 0.1890625 0.2854166671875 0.15625 0.3 0.1390625 0.3229166671875 0.1421875 0.34375 0.1328125 0.35625 0.1328125 0.36666666718749996 0.1375 0.38333333281250004
0 0.6546875 0.5229166671875001 0.65 0.51875 0.6375 0.51875 0.64375 0.5416666671875 0.65625 0.5416666671875 0.6546875 0.5229166671875001
0 0.6765625 0.5416666671875 0.671875 0.5791666671875 0.69375 0.6 0.7015625 0.6 0.7125 0.6166666671875001 0.7125 0.625 0.725 0.6375 0.775 0.6291666671875 0.8234375 0.6041666671875 0.8296875 0.59375 0.8390625 0.3229166671875 0.7296875 0.3166666671875 0.7203125 0.3229166671875 0.6671875 0.325 0.64375 0.34375 0.6390625 0.46875 0.65625 0.48125 0.6734375 0.5104166671875 0.6765625 0.5416666671875
0 0.9609375 0.41041666718750003 0.965625 0.3291666671875 0.878125 0.33125 0.878125 0.3916666671875 0.915625 0.39375 0.921875 0.41041666718750003 0.9609375 0.41041666718750003
0 0.7609375 0.7520833328125 0.76875 0.74375 0.784375 0.7416666671875001 0.775 0.71875 0.75625 0.70625 0.7296875 0.70625 0.7234375 0.7208333328125 0.721875 0.78125 0.7578125 0.78125 0.75625 0.7604166671875 0.7609375 0.7520833328125
0 0.815625 0.95625 0.8859375 0.95625 0.88125 0.9375 0.8546875 0.9229166671875 0.8015625 0.95 0.8 0.95625 0.8078125 0.95625 0.809375 0.9479166671874999 0.815625 0.95625
0 0.7921875 0.8979166671875 0.8015625 0.89375 0.8 0.875 0.8046875 0.8729166671874999 0.8046875 0.84375 0.8109375 0.83125 0.8125 0.7979166671875 0.80625 0.7916666671875 0.81875 0.7791666671875 0.81875 0.7666666671875 0.8 0.75 0.76875 0.7479166671875 0.7609375 0.7520833328125 0.753125 0.78125 0.7375 0.78125 0.728125 0.7895833328124999 0.725 0.8979166671875 0.7296875 0.9541666671875 0.7859375 0.9541666671875 0.7921875 0.8979166671875
0 0.521875 0.58828125 0.003125 0.00625
0 0.5203125 0.5625 0.5234375 0.5729166671875 0.5265625 0.5625 0.5203125 0.5625
0 0.5765625 0.5354166671875 0.5765625 0.56875 0.58125 0.56875 0.58125 0.5229166671875001 0.5765625 0.5354166671875
0 0.5625 0.5104166671875 0.55 0.51875 0.54375 0.55 0.5421875 0.6333333328124999 0.5578125 0.65625 0.5625 0.65 0.5625 0.5104166671875
0 0.6265625 0.675 0.6390625 0.6625 0.63125 0.6333333328124999 0.634375 0.5833333328125 0.6515625 0.5854166671875001 0.6625 0.5729166671875 0.671875 0.54375 0.671875 0.51875 0.659375 0.4875 0.6421875 0.475 0.6171875 0.47291666718750003 0.6046875 0.4625 0.6 0.4791666671875 0.6 0.65 0.6046875 0.675 0.6265625 0.675
0 0.6359375 0.40416666718750005 0.6375 0.35 0.64375 0.33125 0.6171875 0.31875 0.60625 0.31875 0.603125 0.3270833328125 0.6 0.44166666718750003 0.6046875 0.45625 0.609375 0.45625 0.6359375 0.40416666718750005
0 0.55 0.45416666718750004 0.5796875 0.45 0.58125 0.3229166671875 0.56875 0.31875 0.54375 0.33125 0.546875 0.41041666718750003 0.55 0.43541666718750005 0.5546875 0.43958333281249995 0.55 0.45416666718750004
0 0.48125 0.24375 0.503125 0.2666666671875 0.5515625 0.27291666718749996 0.578125 0.26875 0.5828125 0.2625 0.5984375 0.2625 0.6046875 0.26875 0.665625 0.26875 0.690625 0.23541666718749998 0.696875 0.21875 0.6984375 0.1375 0.6921875 0.09375 0.6859375 0.08125 0.6515625 0.05 0.6234375 0.0416666671875 0.58125 0.0416666671875 0.5296875 0.054166667187499996 0.4890625 0.075 0.46875 0.1166666671875 0.4671875 0.125 0.4734375 0.1375 0.475 0.22291666718749997 0.48125 0.24375
0 0.81875 0.73125 0.790625 0.675 0.76875 0.675 0.7484375 0.6875 0.7453125 0.7 0.7828125 0.7229166671875 0.7875 0.7416666671875001 0.81875 0.73125
0 0.7171875 0.6354166671875 0.7609375 0.63125 0.765625 0.6145833328125 0.78125 0.6104166671875 0.7859375 0.6 0.7859375 0.50625 0.76875 0.46875 0.7484375 0.44166666718750003 0.7078125 0.44166666718750003 0.6984375 0.46875 0.7 0.4875 0.68125 0.5375 0.6796875 0.58125 0.70625 0.6125 0.70625 0.6229166671875 0.7171875 0.6354166671875
0 0.784375 0.95625 0.790625 0.8979166671875 0.796875 0.8916666671875 0.8 0.875 0.8 0.81875 0.784375 0.8125 0.7765625 0.7916666671875 0.759375 0.7854166671875 0.7296875 0.7916666671875 0.725 0.7979166671875 0.725 0.90625 0.7296875 0.9541666671875 0.784375 0.95625
0 0.675 0.2604166671875 0.6796875 0.2541666671875 0.6828125 0.2625 0.71875 0.26875 0.8359375 0.26875 0.8515625 0.25833333281250004 0.8671875 0.22916666718749998 0.8859375 0.16875 0.8859375 0.125 0.8453125 0.0958333328125 0.8421875 0.08125 0.7875 0.0625 0.7125 0.0625 0.6859375 0.075 0.6984375 0.10625 0.7015625 0.1979166671875 0.696875 0.22916666718749998 0.675 0.2604166671875
0 0.81875 0.7354166671875 0.825 0.7375 0.8296875 0.73125 0.8328125 0.7041666671875 0.85625 0.7 0.84375 0.675 0.84375 0.6604166671875 0.8359375 0.6541666671875 0.7984375 0.6666666671875 0.79375 0.6729166671875 0.79375 0.6875 0.8046875 0.6979166671875 0.81875 0.7354166671875
2 0.7140625 0.7729166671875001 0.6875 0.7729166671875001 0.7046875 0.78125 0.7140625 0.78125 0.7140625 0.7729166671875001
2 0.6734375 0.76484375 0.003125 0.00390625
2 0.715625 0.76171875 0.003125 0.01484375
2 0.6671875 0.7604166671875 0.653125 0.7541666671875 0.64375 0.7291666671875 0.6046875 0.73125 0.603125 0.7729166671875001 0.625 0.76875 0.6484375 0.7541666671875 0.6671875 0.7604166671875
2 0.5625 0.725 0.55 0.7125 0.54375 0.71875 0.5421875 0.8125 0.5578125 0.81875 0.5625 0.8 0.5625 0.725
2 0.575 0.56875 0.58125 0.5729166671875 0.5765625 0.5666666671875 0.58125 0.5614583328125 0.5828125 0.5354166671875 0.58125 0.5229166671875001 0.5765625 0.5229166671875001 0.575 0.5375 0.58125 0.55 0.575 0.5541666671875001 0.575 0.56875
2 0.565625 0.5541666671875001 0.5609375 0.5104166671875 0.5546875 0.5104166671875 0.54375 0.5541666671875001 0.5421875 0.6333333328124999 0.5578125 0.6604166671875 0.565625 0.6479166671875001 0.565625 0.5541666671875001
2 0.609375 0.6791666671875001 0.6390625 0.6666666671875 0.63125 0.625 0.634375 0.5854166671875001 0.6609375 0.5770833328125 0.66875 0.5541666671875001 0.66875 0.5104166671875 0.6578125 0.4895833328125 0.6421875 0.475 0.6046875 0.46875 0.6 0.475 0.6 0.6666666671875 0.6046875 0.6791666671875001 0.609375 0.6791666671875001
2 0.57890625 0.56796875 0.0046875 0.01015625
2 0.51875 0.5895833328125 0.5234375 0.5916666671875 0.5296875 0.5854166671875001 0.528125 0.5645833328125 0.534375 0.5541666671875001 0.5203125 0.5541666671875001 0.5203125 0.565625 0.5265625 0.5708333328124999 0.51875 0.5791666671875 0.51875 0.5895833328125
2 0.525 0.5291666671875 0.5234375 0.5479166671875 0.53125 0.5416666671875 0.53125 0.53125 0.525 0.5291666671875
2 0.5765625 0.5375 0.575 0.55 0.58125 0.55 0.58125 0.525 0.5765625 0.5375
2 0.5625 0.65 0.5625 0.5125 0.5515625 0.5145833328125 0.5421875 0.5583333328125 0.5421875 0.6333333328124999 0.5515625 0.65625 0.5578125 0.65625 0.5625 0.65
2 0.6265625 0.675 0.6390625 0.6625 0.63125 0.63125 0.634375 0.5833333328125 0.65625 0.58125 0.6625 0.5729166671875 0.671875 0.5416666671875 0.671875 0.5229166671875001 0.6671875 0.5041666671875 0.6484375 0.4791666671875 0.61875 0.47291666718750003 0.6046875 0.4625 0.6 0.4791666671875 0.6 0.65 0.6046875 0.675 0.6265625 0.675
2 0.6375 0.35625 0.64375 0.33125 0.6171875 0.31875 0.6046875 0.31875 0.603125 0.325 0.6 0.425 0.6078125 0.45625 0.6359375 0.40416666718750005 0.6375 0.35625
2 0.5484375 0.42291666718750004 0.55 0.4375 0.54375 0.45625 0.553125 0.45625 0.5546875 0.45 0.5625 0.45625 0.5640625 0.45 0.5796875 0.45 0.5796875 0.31875 0.565625 0.31875 0.5421875 0.33125 0.54375 0.3541666671875 0.5359375 0.35625 0.546875 0.36875 0.540625 0.39375 0.53125 0.3875 0.5484375 0.42291666718750004
2 0.71875 0.78125 0.71875 0.7416666671875001 0.684375 0.7208333328125 0.6796875 0.7125 0.6546875 0.71875 0.64375 0.725 0.65 0.75625 0.7109375 0.7854166671875 0.71875 0.78125
2 0.5125 0.6104166671875 0.5421875 0.6291666671875 0.5421875 0.5583333328125 0.5546875 0.5104166671875 0.5265625 0.50625 0.5203125 0.5166666671875 0.51875 0.5458333328125 0.5046875 0.5625 0.5046875 0.58125 0.5125 0.6104166671875
2 0.60546875 0.38359375 0.0015625 0.00859375
2 0.63125 0.3541666671875 0.6359375 0.35625 0.6359375 0.3479166671875 0.63125 0.3541666671875
2 0.6046875 0.3375 0.6046875 0.36666666718749996 0.609375 0.35625 0.6046875 0.3375
2 0.6046875 0.325 0.6125 0.3229166671875 0.609375 0.31875 0.6046875 0.325
2 0.525 0.45 0.5515625 0.4625 0.5765625 0.45625 0.58125 0.45 0.56875 0.44166666718750003 0.55 0.41041666718750003 0.5515625 0.3229166671875 0.53125 0.31875 0.525 0.3229166671875 0.5296875 0.3916666671875 0.5296875 0.43541666718750005 0.525 0.45
2 0.5625 0.725 0.5609375 0.71875 0.54375 0.71875 0.5421875 0.8125 0.55625 0.8125 0.565625 0.7791666671875 0.5625 0.725
2 0.896875 0.7416666671875001 0.8890625 0.75 0.8984375 0.7729166671875001 0.8984375 0.8041666671875 0.90625 0.8125 0.91875 0.8125 0.915625 0.8229166671874999 0.8984375 0.8229166671874999 0.8953125 0.83125 0.90625 0.8416666671874999 0.9171875 0.8416666671874999 0.9296875 0.8354166671875 0.9375 0.8166666671874999 0.9375 0.8020833328125001 0.94375 0.7916666671875 0.9421875 0.7416666671875001 0.93125 0.7166666671875 0.9296875 0.69375 0.9171875 0.675 0.8796875 0.6770833328125 0.875 0.7041666671875 0.915625 0.74375 0.9140625 0.75625 0.896875 0.7416666671875001
2 0.81875 0.7354166671875 0.8296875 0.7354166671875 0.8328125 0.70625 0.85625 0.7 0.84375 0.675 0.84375 0.65625 0.8171875 0.65625 0.7984375 0.6666666671875 0.7921875 0.675 0.7921875 0.6854166671875 0.8046875 0.7 0.81875 0.7354166671875
2 0.725 0.9104166671874999 0.73125 0.95625 0.7859375 0.9541666671875 0.7921875 0.9166666671874999 0.8046875 0.9041666671874999 0.8125 0.7916666671875 0.821875 0.76875 0.8 0.75 0.7609375 0.75 0.753125 0.7791666671875 0.7421875 0.775 0.7234375 0.7875 0.725 0.9104166671874999
2 0.7859375 0.9541666671875 0.7875 0.9354166671874999 0.78125 0.9208333328125 0.7859375 0.90625 0.759375 0.9104166671874999 0.734375 0.8979166671875 0.725 0.8979166671875 0.725 0.9375 0.7296875 0.95625 0.7859375 0.9541666671875
2 0.8703125 0.825 0.8609375 0.8166666671874999 0.8734375 0.8 0.8625 0.78125 0.853125 0.78125 0.85 0.7916666671875 0.8609375 0.8354166671875 0.865625 0.8375 0.8703125 0.825
2 0.88125 0.8479166671874999 0.8703125 0.8666666671875 0.8859375 0.8666666671875 0.8984375 0.8416666671874999 0.8984375 0.8270833328125 0.9140625 0.825 0.925 0.8125 0.925 0.75625 0.9046875 0.7291666671875 0.8890625 0.7229166671875 0.8796875 0.70625 0.8328125 0.70625 0.83125 0.7375 0.8453125 0.7416666671875001 0.88125 0.7875 0.88125 0.8479166671874999
2 0.9484375 0.525 0.95625 0.5125 0.9484375 0.49375 0.9484375 0.475 0.9421875 0.47083333281249995 0.94375 0.45625 0.93125 0.44375 0.90625 0.44166666718750003 0.9015625 0.54375 0.9265625 0.5541666671875001 0.9296875 0.5333333328125 0.9484375 0.525
2 0.5625 0.94375 0.5625 0.9 0.55625 0.89375 0.540625 0.89375 0.5140625 0.90625 0.5109375 0.9229166671875 0.5296875 0.9541666671875 0.5546875 0.9541666671875 0.5625 0.94375
2 0.58046875 0.803125 0.0015625 0.00625
2 0.6 0.95 0.60625 0.95625 0.725 0.9541666671875 0.721875 0.79375 0.6609375 0.7604166671875 0.6359375 0.7625 0.6 0.78125 0.603125 0.8916666671875 0.59375 0.9125 0.6 0.9166666671874999 0.6 0.95
2 0.8 0.8229166671874999 0.7984375 0.8875 0.7921875 0.89375 0.790625 0.90625 0.7921875 0.925 0.8 0.925 0.8046875 0.9229166671875 0.8078125 0.9041666671874999 0.7953125 0.8916666671875 0.8078125 0.88125 0.8 0.875 0.8 0.8645833328125001 0.8109375 0.8666666671875 0.8125 0.8208333328125 0.821875 0.7666666671875 0.8 0.7479166671875 0.7625 0.7520833328125 0.7625 0.7854166671875 0.775 0.7875 0.7859375 0.8125 0.8 0.8229166671874999