3 0.527777778125 0.7734375 0.5833333328125 0.7734375 0.609126984375 0.7763671875 0.61904761875 0.7734375 0.6924603171875 0.7705078125 0.7142857140625 0.765625 0.7142857140625 0.759765625 0.700396825 0.75390625 0.65674603125 0.7568359375 0.6507936515625 0.759765625 0.5674603171875 0.76171875 0.5376984125 0.759765625 0.53174603125 0.7568359375 0.5039682546875001 0.7568359375 0.48015872968749995 0.748046875 0.4742063484375 0.7509765625 0.4702380953125 0.759765625 0.48015872968749995 0.7646484375 0.5138888890625 0.7685546875 0.527777778125 0.7734375
3 0.0039682546875000006 0.9287109375 0.0178571421875 0.9326171875 0.0039682546875000006 0.935546875 0.021825396875 0.9443359375 0.0416666671875 0.9658203125 0.055555556250000006 0.9697265625 0.027777778125000003 0.9873046875 0.0238095234375 0.9951171875 0.027777778125000003 0.998046875 0.0515873015625 0.998046875 0.057539682812500006 0.9951171875 0.1051587296875 0.998046875 0.1329365078125 0.9814453125 0.15674603125 0.9755859375 0.2539682546875 0.9296875 0.34325396874999997 0.876953125 0.4166666671875 0.81640625 0.446428571875 0.7763671875 0.45634920625 0.7451171875 0.41865079375 0.7451171875 0.40674603125 0.7421875 0.3988095234375 0.74609375 0.365079365625 0.740234375 0.3452380953125 0.74609375 0.3373015875 0.7421875 0.32142857187499996 0.7421875 0.27777777812500004 0.763671875 0.20634920625 0.78125 0.146825396875 0.78515625 0.1428571421875 0.7880859375 0.10912698437499999 0.7880859375 0.0376984125 0.798828125 0.0238095234375 0.8056640625 0.0079365078125 0.8251953125 0.013888889062500001 0.8603515625 0.0039682546875000006 0.87109375 0 0.9208984375 0.0039682546875000006 0.9287109375
3 0.559523809375 0.68359375 0.58134920625 0.673828125 0.6230158734375 0.6650390625 0.6289682546875001 0.66015625 0.6448412703125 0.6572265625 0.652777778125 0.650390625 0.6666666671875 0.654296875 0.672619046875 0.6494140625 0.700396825 0.6455078125 0.7103174609375 0.6396484375 0.700396825 0.634765625 0.6865079359374999 0.634765625 0.652777778125 0.642578125 0.646825396875 0.6484375 0.634920634375 0.6455078125 0.5892857140625 0.6630859375 0.5714285718750001 0.666015625 0.5615079359374999 0.6767578125 0.5575396828125 0.673828125 0.54365079375 0.6767578125 0.5376984125 0.6875 0.527777778125 0.68359375 0.5238095234375 0.685546875 0.5138888890625 0.693359375 0.5178571421875 0.7021484375 0.5575396828125 0.6884765625 0.559523809375 0.68359375
3 0.4166666671875 0.5009765625 0.428571428125 0.5009765625 0.4424603171875 0.505859375 0.46031746093750003 0.5087890625 0.5376984125 0.509765625 0.533730159375 0.4873046875 0.5257936515625 0.48046875 0.4920634921875 0.478515625 0.440476190625 0.46875 0.40674603125 0.451171875 0.40277777812500004 0.439453125 0.408730159375 0.4296875 0.4265873015625 0.421875 0.450396825 0.41796875 0.49404761875 0.404296875 0.5 0.3984375 0.49801587343750003 0.3818359375 0.48015872968749995 0.3818359375 0.4742063484375 0.3857421875 0.44444444375 0.37109375 0.5 0.361328125 0.5039682546875001 0.3642578125 0.5138888890625 0.3623046875 0.5357142859375 0.365234375 0.575396825 0.3759765625 0.5992063484375 0.37890625 0.6230158734375 0.3896484375 0.6388888890625 0.3896484375 0.6428571421875 0.37890625 0.5416666671875 0.353515625 0.497519840625 0.3505859375 0.49404761875 0.3544921875 0.487103175 0.3505859375 0.466269840625 0.3505859375 0.4424603171875 0.353515625 0.408730159375 0.3642578125 0.36904761875 0.3955078125 0.359126984375 0.41015625 0.3551587296875 0.4501953125 0.365079365625 0.46875 0.38095238125 0.4833984375 0.4166666671875 0.5009765625
3 0.9464285718750001 0.4462890625 0.966269840625 0.4462890625 0.9603174609374999 0.4130859375 0.9325396828124999 0.36328125 0.9325396828124999 0.353515625 0.9166666671874999 0.330078125 0.9107142859374999 0.3271484375 0.8988095234375001 0.330078125 0.902777778125 0.35546875 0.9305555562500001 0.40234375 0.940476190625 0.4423828125 0.9464285718750001 0.4462890625
3 0.875 0.328125 0.8928571421875 0.32421875 0.8789682546875 0.322265625 0.875 0.328125
3 0.90674603125 0.322265625 0.9126984125 0.322265625 0.908730159375 0.31640625 0.90674603125 0.322265625
3 0.86171875 0.31796875 0.00625 0.003125
3 0.853125 0.3171875 0.00390625 0.0015625
3 0.672619046875 0.4580078125 0.70634920625 0.4521484375 0.75 0.4501953125 0.7579365078125 0.4462890625 0.7916666671875 0.447265625 0.8015873015625001 0.4189453125 0.8551587296875001 0.3837890625 0.86904761875 0.3671875 0.8829365078125001 0.3330078125 0.86904761875 0.330078125 0.8670634921874999 0.3212890625 0.8075396828124999 0.318359375 0.797619046875 0.3076171875 0.7876984125 0.3154296875 0.7678571421875 0.31640625 0.759920634375 0.330078125 0.759920634375 0.3671875 0.7678571421875 0.38671875 0.7638888890625 0.3984375 0.734126984375 0.41015625 0.7242063484375 0.41015625 0.6765873015625 0.4296875 0.652777778125 0.43359375 0.6289682546875001 0.44921875 0.625 0.4609375 0.6428571421875 0.4609375 0.658730159375 0.4560546875 0.672619046875 0.4580078125
3 0.875 0.2763671875 0.8551587296875001 0.2744140625 0.8452380953124999 0.2822265625 0.8630952375 0.2900390625 0.8730158734375 0.2841796875 0.875 0.2763671875
3 0.1329365078125 0.41796875 0.1666666671875 0.478515625 0.1825396828125 0.49609375 0.190476190625 0.5146484375 0.24007936562499999 0.5712890625 0.3353174609375 0.634765625 0.33928571406249997 0.646484375 0.315476190625 0.654296875 0.315476190625 0.6591796875 0.3075396828125 0.66015625 0.297619046875 0.673828125 0.3015873015625 0.685546875 0.31150793593750004 0.685546875 0.3075396828125 0.6884765625 0.315476190625 0.6962890625 0.3075396828125 0.7021484375 0.32142857187499996 0.705078125 0.3174603171875 0.7080078125 0.3293650796875 0.7119140625 0.365079365625 0.7138671875 0.36904761875 0.716796875 0.48214285781250005 0.7197265625 0.48809523749999995 0.7138671875 0.5039682546875001 0.708984375 0.49404761875 0.703125 0.5 0.7001953125 0.49404761875 0.697265625 0.5 0.6689453125 0.5515873015625 0.6396484375 0.634920634375 0.615234375 0.702380953125 0.609375 0.7242063484375 0.603515625 0.7539682546875001 0.6025390625 0.8452380953124999 0.5859375 0.902777778125 0.568359375 0.934523809375 0.55078125 0.966269840625 0.517578125 0.9702380953124999 0.50390625 0.9603174609374999 0.5 0.9464285718750001 0.5 0.9305555562500001 0.5263671875 0.8988095234375001 0.5498046875 0.8492063484375001 0.5693359375 0.8035714281249999 0.580078125 0.6825396828125 0.59375 0.646825396875 0.6005859375 0.6388888890625 0.60546875 0.6051587296875 0.6064453125 0.5714285718750001 0.6142578125 0.5674603171875 0.607421875 0.61904761875 0.580078125 0.6388888890625 0.5751953125 0.658730159375 0.560546875 0.6964285718750001 0.54296875 0.7301587296875 0.5185546875 0.734126984375 0.509765625 0.716269840625 0.509765625 0.702380953125 0.513671875 0.6765873015625 0.53125 0.646825396875 0.517578125 0.61904761875 0.517578125 0.5992063484375 0.5263671875 0.5952380953125 0.5234375 0.58134920625 0.5263671875 0.5714285718750001 0.5234375 0.5615079359374999 0.5263671875 0.54365079375 0.5146484375 0.509920634375 0.5498046875 0.49404761875 0.578125 0.4742063484375 0.5869140625 0.434523809375 0.6240234375 0.4126984125 0.6064453125 0.396825396875 0.5830078125 0.3492063484375 0.54296875 0.3293650796875 0.5009765625 0.29365079375 0.45703125 0.2579365078125 0.3662109375 0.2579365078125 0.310546875 0.283730159375 0.28125 0.30357142812500004 0.2666015625 0.359126984375 0.2373046875 0.3730158734375 0.234375 0.3988095234375 0.2216796875 0.43055555625 0.2138671875 0.450396825 0.2197265625 0.45634920625 0.23046875 0.466269840625 0.2333984375 0.48809523749999995 0.23046875 0.484126984375 0.216796875 0.4543650796875 0.2021484375 0.45634920625 0.197265625 0.515873015625 0.1962890625 0.5456349203124999 0.19921875 0.591269840625 0.2138671875 0.6051587296875 0.224609375 0.615079365625 0.22265625 0.609126984375 0.2119140625 0.5793650796875001 0.1943359375 0.53174603125 0.18359375 0.4920634921875 0.1796875 0.4365079359375 0.1826171875 0.3928571421875 0.19140625 0.3789682546875 0.197265625 0.36904761875 0.197265625 0.34722222187499996 0.205078125 0.297619046875 0.2060546875 0.2797619046875 0.2109375 0.24007936562499999 0.21484375 0.234126984375 0.21875 0.196428571875 0.2255859375 0.1329365078125 0.2509765625 0.11507936562500001 0.2705078125 0.10912698437499999 0.2841796875 0.10912698437499999 0.3388671875 0.1329365078125 0.41796875
2 0.7083333328125 0.1337890625 0.7103174609375 0.1376953125 0.740079365625 0.142578125 0.771825396875 0.130859375 0.7738095234375 0.1376953125 0.783730159375 0.140625 0.799603175 0.140625 0.8055555562500001 0.134765625 0.815476190625 0.1396484375 0.8492063484375001 0.1396484375 0.865079365625 0.1318359375 0.8730158734375 0.1396484375 0.8869047625 0.140625 0.8888888890625 0.1259765625 0.90674603125 0.1201171875 0.90674603125 0.1142578125 0.884920634375 0.1123046875 0.875 0.1123046875 0.8670634921874999 0.1201171875 0.841269840625 0.1123046875 0.8174603171875001 0.1142578125 0.8055555562500001 0.1201171875 0.7876984125 0.103515625 0.7678571421875 0.1142578125 0.765873015625 0.1201171875 0.7519841265625 0.1142578125 0.7202380953125 0.1142578125 0.700396825 0.123046875 0.690476190625 0.1142578125 0.6805555562500001 0.1123046875 0.65674603125 0.1142578125 0.6428571421875 0.111328125 0.6230158734375 0.1142578125 0.6230158734375 0.140625 0.6964285718750001 0.140625 0.6964285718750001 0.13671875 0.7083333328125 0.1337890625
2 0.5198412703125 0.80859375 0.5376984125 0.8046875 0.734126984375 0.7998046875 0.7539682546875001 0.787109375 0.7579365078125 0.7939453125 0.7738095234375 0.79296875 0.78174603125 0.78125 0.7738095234375 0.779296875 0.7619047625 0.7880859375 0.7539682546875001 0.78515625 0.74404761875 0.787109375 0.7301587296875 0.7734375 0.7202380953125 0.7705078125 0.7043650796875001 0.7744140625 0.646825396875 0.7744140625 0.63095238125 0.779296875 0.597222221875 0.7802734375 0.58134920625 0.7763671875 0.50595238125 0.7734375 0.4742063484375 0.765625 0.46031746093750003 0.767578125 0.4365079359375 0.7958984375 0.4325396828125 0.8076171875 0.446428571875 0.810546875 0.4742063484375 0.8076171875 0.5198412703125 0.80859375
2 0.2738095234375 0.7587890625 0.283730159375 0.7529296875 0.283730159375 0.748046875 0.2678571421875 0.748046875 0.2579365078125 0.7421875 0.24007936562499999 0.7421875 0.234126984375 0.7451171875 0.234126984375 0.7646484375 0.24404761874999997 0.767578125 0.2738095234375 0.7587890625
2 0.5079365078125 0.75390625 0.533730159375 0.75390625 0.5674603171875 0.759765625 0.652777778125 0.7568359375 0.6785714281249999 0.7490234375 0.70634920625 0.7509765625 0.7242063484375 0.7568359375 0.783730159375 0.75390625 0.7876984125 0.7421875 0.78174603125 0.73046875 0.78174603125 0.662109375 0.7738095234375 0.611328125 0.7539682546875001 0.6064453125 0.7519841265625 0.611328125 0.7301587296875 0.6083984375 0.7242063484375 0.6142578125 0.7103174609375 0.6171875 0.6964285718750001 0.6181640625 0.6865079359374999 0.6142578125 0.6388888890625 0.6181640625 0.5952380953125 0.62890625 0.5873015875 0.634765625 0.5674603171875 0.6376953125 0.5039682546875001 0.673828125 0.5 0.685546875 0.5079365078125 0.693359375 0.5 0.6943359375 0.5178571421875 0.7021484375 0.49404761875 0.7197265625 0.5 0.72265625 0.5 0.73828125 0.49007936562500004 0.74609375 0.5079365078125 0.75390625
2 0.6388888890625 0.59765625 0.6428571421875 0.591796875 0.6329365078125 0.583984375 0.6230158734375 0.583984375 0.6011904765625 0.5947265625 0.5992063484375 0.603515625 0.6130952375 0.60546875 0.6170634921875 0.6005859375 0.6388888890625 0.59765625
2 0.24404761874999997 0.7138671875 0.2539682546875 0.7080078125 0.2916666671875 0.7080078125 0.3015873015625 0.705078125 0.283730159375 0.6630859375 0.2956349203125 0.6591796875 0.3075396828125 0.646484375 0.325396825 0.6396484375 0.325396825 0.634765625 0.30555555624999997 0.6201171875 0.2916666671875 0.6162109375 0.2678571421875 0.5947265625 0.2301587296875 0.5712890625 0.2242063484375 0.572265625 0.2242063484375 0.701171875 0.2301587296875 0.7138671875 0.24404761874999997 0.7138671875
2 0.40277777812500004 0.580078125 0.40277777812500004 0.5859375 0.41865079375 0.5966796875 0.42261904687499996 0.6083984375 0.4365079359375 0.6123046875 0.484126984375 0.572265625 0.49404761875 0.568359375 0.5138888890625 0.541015625 0.5138888890625 0.5322265625 0.3888888890625 0.5322265625 0.359126984375 0.53515625 0.359126984375 0.541015625 0.3789682546875 0.56640625 0.40277777812500004 0.580078125
2 0.6507936515625 0.537109375 0.6428571421875 0.5380859375 0.6388888890625 0.5458984375 0.672619046875 0.5322265625 0.658730159375 0.529296875 0.6507936515625 0.537109375
2 0.6865079359374999 0.591796875 0.70634920625 0.5810546875 0.7242063484375 0.5830078125 0.7380952375 0.580078125 0.74404761875 0.5830078125 0.75 0.580078125 0.7678571421875 0.580078125 0.7678571421875 0.541015625 0.74404761875 0.52734375 0.7242063484375 0.52734375 0.7142857140625 0.537109375 0.672619046875 0.55859375 0.6666666671875 0.568359375 0.6488095234375 0.57421875 0.646825396875 0.587890625 0.652777778125 0.5966796875 0.6666666671875 0.591796875 0.6865079359374999 0.591796875
2 0.6051587296875 0.0810546875 0.6289682546875001 0.072265625 0.6428571421875 0.0830078125 0.734126984375 0.0830078125 0.74404761875 0.078125 0.771825396875 0.0830078125 0.777777778125 0.07421875 0.79365079375 0.0810546875 0.8115079359375 0.0830078125 0.83134920625 0.0771484375 0.8353174609374999 0.068359375 0.8293650796875 0.05859375 0.8194444437499999 0.0546875 0.797619046875 0.0546875 0.78174603125 0.060546875 0.7738095234375 0.05859375 0.7738095234375 0.046875 0.7678571421875 0.0439453125 0.7579365078125 0.0458984375 0.7519841265625 0.052734375 0.734126984375 0.0546875 0.700396825 0.0439453125 0.6924603171875 0.046875 0.6865079359374999 0.060546875 0.6765873015625 0.0546875 0.6488095234375 0.052734375 0.6329365078125 0.05859375 0.625 0.0576171875 0.625 0.052734375 0.6011904765625 0.0439453125 0.58134920625 0.0439453125 0.5615079359374999 0.0546875 0.5615079359374999 0.072265625 0.565476190625 0.0771484375 0.58134920625 0.0810546875 0.6051587296875 0.0810546875
2 0.29365079375 0.9951171875 0.31349206406249996 0.9951171875 0.315476190625 0.998046875 0.359126984375 0.998046875 0.3730158734375 0.9951171875 0.3829365078125 0.998046875 0.4543650796875 0.998046875 0.4583333328125 0.9951171875 0.4742063484375 0.998046875 0.521825396875 0.9951171875 0.5615079359374999 0.998046875 0.5674603171875 0.9951171875 0.6111111109375 0.994140625 0.6289682546875001 0.998046875 0.771825396875 0.998046875 0.777777778125 0.9951171875 0.79365079375 0.998046875 0.797619046875 0.9951171875 0.8075396828124999 0.998046875 0.841269840625 0.998046875 0.8452380953124999 0.9951171875 0.8551587296875001 0.998046875 0.91865079375 0.998046875 0.9365079359375 0.9951171875 0.9365079359375 0.9697265625 0.9305555562500001 0.9580078125 0.9166666671874999 0.951171875 0.8829365078125001 0.9228515625 0.875 0.91015625 0.8630952375 0.904296875 0.8630952375 0.890625 0.8829365078125001 0.8984375 0.8789682546875 0.896484375 0.8869047625 0.892578125 0.902777778125 0.892578125 0.9126984125 0.884765625 0.9424603171875001 0.873046875 0.9543650796875 0.8564453125 0.9543650796875 0.8388671875 0.940476190625 0.8271484375 0.9265873015625001 0.8251953125 0.9166666671874999 0.81640625 0.8988095234375001 0.810546875 0.8829365078125001 0.810546875 0.8789682546875 0.8134765625 0.8492063484375001 0.810546875 0.8333333328125001 0.822265625 0.815476190625 0.82421875 0.8134920640625 0.828125 0.8015873015625001 0.8271484375 0.7638888890625 0.8447265625 0.7519841265625 0.8466796875 0.7301587296875 0.8388671875 0.690476190625 0.8330078125 0.672619046875 0.8271484375 0.5952380953125 0.822265625 0.5853174609375 0.8193359375 0.547619046875 0.8193359375 0.54365079375 0.822265625 0.5138888890625 0.8193359375 0.42261904687499996 0.8310546875 0.40674603125 0.8349609375 0.36904761875 0.8681640625 0.315476190625 0.8955078125 0.3015873015625 0.9091796875 0.24801587343749998 0.94140625 0.24007936562499999 0.962890625 0.234126984375 0.9638671875 0.228174603125 0.9580078125 0.21626984062500001 0.9580078125 0.190476190625 0.966796875 0.1825396828125 0.9775390625 0.1765873015625 0.978515625 0.1666666671875 0.998046875 0.2738095234375 0.998046875 0.2896825390625 0.990234375 0.29365079375 0.9951171875