2 0.8328125 0.8888888890625 0.83359375 0.877777778125 0.82421875 0.8791666671874999 0.821875 0.875 0.821875 0.8652777781250001 0.8171875 0.8680555562500001 0.8140625 0.8819444437499999 0.81796875 0.890277778125 0.82421875 0.89444444375 0.8328125 0.8888888890625
2 0.7484375 0.8013888890624999 0.75703125 0.815277778125 0.76171875 0.8125 0.7640625 0.8055555562500001 0.76640625 0.784722221875 0.76796875 0.6805555562500001 0.7484375 0.6805555562500001 0.74375 0.7083333328125 0.74296875 0.73194444375 0.73984375 0.7430555562500001 0.73984375 0.8041666671875 0.7484375 0.8013888890624999
2 0.85703125 0.725 0.86015625 0.7513888890625 0.8578125 0.7888888890625 0.8609375 0.8083333328125001 0.859375 0.8138888890624999 0.85 0.8194444437499999 0.85 0.8513888890624999 0.85390625 0.8583333328125 0.85546875 0.922222221875 0.8578125 0.9277777781250001 0.8640625 0.9277777781250001 0.88046875 0.9166666671874999 0.88203125 0.9083333328125001 0.8796875 0.815277778125 0.87578125 0.80694444375 0.86875 0.8041666671875 0.86640625 0.76944444375 0.8640625 0.7638888890625 0.86015625 0.7666666671875 0.86015625 0.759027778125 0.8640625 0.7541666671875 0.86328125 0.690277778125 0.875 0.690277778125 0.8765625 0.6791666671875001 0.8546875 0.6791666671875001 0.85625 0.7125 0.8625 0.709722221875 0.8625 0.73055555625 0.85703125 0.725
2 0.6046875 0.5736111109375 0.6234375 0.5694444437499999 0.63046875 0.5638888890625 0.6296875 0.55694444375 0.634375 0.5638888890625 0.625 0.5305555562500001 0.62890625 0.5097222218749999 0.628125 0.49305555625 0.6171875 0.459722221875 0.61171875 0.459722221875 0.6140625 0.5416666671875 0.61171875 0.5541666671875001 0.60390625 0.56805555625 0.6046875 0.5736111109375
2 0.8515625 0.51015625 0.00234375 0.0015625
2 0.86171875 0.4513888890625 0.86015625 0.44166666718750003 0.85625 0.440277778125 0.85390625 0.44444444375 0.853125 0.4583333328125 0.85546875 0.46527777812500004 0.86171875 0.45694444375 0.86171875 0.4513888890625
2 0.8140625 0.340625 0.00078125 0.00390625
2 0.81953125 0.3333333328125 0.81796875 0.34027777812500004 0.821875 0.34861111093749997 0.825 0.375 0.83046875 0.3916666671875 0.83671875 0.39444444375 0.8359375 0.36666666718749996 0.8328125 0.35694444375 0.83671875 0.3541666671875 0.8390625 0.33888888906250003 0.8484375 0.32777777812500003 0.84765625 0.322222221875 0.8625 0.3 0.8640625 0.29305555625 0.878125 0.27638888906250003 0.8859375 0.259722221875 0.89921875 0.24305555625 0.9015625 0.23333333281250002 0.909375 0.22777777812500002 0.9125 0.21805555625 0.9203125 0.20833333281250002 0.93828125 0.20694444375 0.93828125 0.22638888906250001 0.91328125 0.26944444375 0.9078125 0.29305555625 0.90625 0.31944444375000003 0.99921875 0.32083333281250004 0.99921875 0.26944444375 0.975 0.225 0.975 0.16388888906250001 0.96484375 0.15972222187500001 0.96328125 0.14305555625 0.95703125 0.134722221875 0.95078125 0.13333333281249998 0.93359375 0.147222221875 0.93046875 0.15555555625 0.92734375 0.15555555625 0.909375 0.17916666718750002 0.89765625 0.1833333328125 0.89453125 0.20138888906250002 0.8890625 0.2138888890625 0.85234375 0.272222221875 0.84140625 0.28472222187499996 0.82421875 0.29444444375 0.8125 0.315277778125 0.81015625 0.33055555625 0.8125 0.334722221875 0.8171875 0.33055555625 0.81953125 0.3333333328125
2 0.7515625 0.540277778125 0.74296875 0.5458333328125 0.7390625 0.5541666671875001 0.74609375 0.5583333328125 0.7625 0.5583333328125 0.76796875 0.5513888890625 0.76484375 0.5361111109375 0.7671875 0.5263888890625 0.7671875 0.46805555625000006 0.7625 0.36805555624999997 0.7640625 0.3236111109375 0.76171875 0.165277778125 0.759375 0.15972222187500001 0.75078125 0.15972222187500001 0.7453125 0.16944444375 0.74765625 0.30555555624999997 0.74296875 0.3111111109375 0.74296875 0.3166666671875 0.74921875 0.32083333281250004 0.75 0.3291666671875 0.7515625 0.540277778125
2 0.8828125 0.5527777781250001 0.88203125 0.56805555625 0.90234375 0.56805555625 0.89453125 0.54444444375 0.8828125 0.5527777781250001
2 0.878125 0.925 0.880078125 0.9305555562500001 0.88515625 0.9305555562500001 0.8828125 0.9208333328125 0.8796875 0.925 0.87578125 0.922222221875 0.87109375 0.9291666671875 0.8734375 0.9263888890624999 0.875 0.9305555562500001 0.878125 0.925
2 0.90390625 0.93194444375 0.91171875 0.9416666671874999 0.91328125 0.997222221875 0.9359375 0.9930555562500001 0.99921875 0.9930555562500001 0.99921875 0.91805555625 0.89140625 0.81805555625 0.88046875 0.815277778125 0.88203125 0.890277778125 0.8890625 0.9055555562500001 0.88828125 0.9277777781250001 0.90390625 0.93194444375
2 0.84453125 0.8458333328125001 0.85 0.8416666671874999 0.85 0.8208333328125 0.85390625 0.8166666671874999 0.81953125 0.8138888890624999 0.81875 0.8166666671874999 0.834375 0.834722221875 0.83671875 0.8416666671874999 0.84453125 0.8458333328125001
2 0.859375 0.76805555625 0.8609375 0.809722221875 0.85078125 0.81805555625 0.85078125 0.852777778125 0.8546875 0.8625 0.85546875 0.91805555625 0.8578125 0.9263888890624999 0.8625 0.9277777781250001 0.8796875 0.915277778125 0.88125 0.9083333328125001 0.8796875 0.815277778125 0.87578125 0.80694444375 0.86875 0.8041666671875 0.86796875 0.7819444437499999 0.8640625 0.7638888890625 0.86171875 0.7013888890625 0.8625 0.690277778125 0.875 0.690277778125 0.8765625 0.6791666671875001 0.8546875 0.6805555562500001 0.8578125 0.7430555562500001 0.86328125 0.7541666671875 0.86015625 0.759027778125 0.859375 0.76805555625
2 0.3625 0.540277778125 0.3625 0.534722221875 0.359375 0.5319444437499999 0.32734375 0.5333333328125 0.3265625 0.5416666671875 0.35 0.54305555625 0.35546875 0.547222221875 0.3625 0.540277778125
2 0.53671875 0.5888888890625 0.54296875 0.58055555625 0.54296875 0.5722222218749999 0.5375 0.5638888890625 0.5359375 0.5555555562500001 0.52734375 0.5513888890625 0.521875 0.54305555625 0.50859375 0.540277778125 0.35546875 0.54444444375 0.31484375 0.5416666671875 0.29375 0.54444444375 0.28359375 0.5583333328125 0.28125 0.56805555625 0.27890625 0.5833333328125 0.28125 0.5944444437499999 0.5140625 0.590277778125 0.53671875 0.5888888890625
2 0.63671875 0.5527777781250001 0.63359375 0.5513888890625 0.61875 0.5513888890625 0.6140625 0.5583333328125 0.61328125 0.5666666671875 0.61640625 0.56805555625 0.6375 0.5666666671875 0.63671875 0.5527777781250001
2 0.60546875 0.5708333328124999 0.6078125 0.559722221875 0.60546875 0.5513888890625 0.54921875 0.5513888890625 0.53828125 0.547222221875 0.53828125 0.5625 0.546875 0.5708333328124999 0.60078125 0.5736111109375 0.60546875 0.5708333328124999
2 0.759375 0.8125 0.76640625 0.7958333328125 0.76875 0.7583333328124999 0.76875 0.6805555562500001 0.74765625 0.6791666671875001 0.74375 0.7 0.74296875 0.73055555625 0.7390625 0.7458333328125 0.7390625 0.8027777781250001 0.759375 0.8125
2 0.05390625 0.5708333328124999 0.05625 0.5666666671875 0.05234375 0.56805555625 0.0515625 0.58055555625 0.0546875 0.58055555625 0.05625 0.5791666671875 0.05390625 0.5708333328124999
2 0 0.58055555625 0.00390625 0.5833333328125 0.0109375 0.58194444375 0.0125 0.5763888890625 0.01328125 0.5486111109375 0.00625 0.5305555562500001 0 0.5305555562500001 0 0.58055555625
2 0.690625 0.9930555562500001 0.69296875 0.997222221875 0.93125 0.997222221875 0.93828125 0.9930555562500001 0.99921875 0.9930555562500001 0.99921875 0.965277778125 0.99296875 0.9638888890624999 0.99453125 0.95555555625 0.9953125 0.959722221875 0.99921875 0.9583333328125001 0.9953125 0.95555555625 0.99453125 0.9486111109375001 0.99921875 0.9444444437499999 0.99921875 0.91944444375 0.88984375 0.81805555625 0.8515625 0.81805555625 0.84921875 0.8138888890624999 0.81640625 0.8166666671874999 0.79921875 0.8041666671875 0.7671875 0.8055555562500001 0.75859375 0.8138888890624999 0.7515625 0.8138888890624999 0.7484375 0.8083333328125001 0.7390625 0.8055555562500001 0.70625 0.8055555562500001 0.69765625 0.8208333328125 0.6921875 0.8194444437499999 0.6890625 0.8361111109375001 0.6890625 0.8666666671875 0.69140625 0.8708333328125001 0.690625 0.9930555562500001
2 0.2546875 0.5666666671875 0.27421875 0.56805555625 0.278125 0.565277778125 0.2796875 0.5416666671875 0.2796875 0.5236111109375 0.27578125 0.5013888890625 0.278125 0.4916666671875 0.27578125 0.34861111093749997 0.27109375 0.325 0.275 0.30694444375 0.27578125 0.28194444375 0.275 0.16944444375 0.2640625 0.165277778125 0.2609375 0.17361111093749998 0.26015625 0.54444444375 0.25234375 0.5513888890625 0.25078125 0.5583333328125 0.2546875 0.5666666671875
2 0.85390625 0.8583333328125 0.85546875 0.91805555625 0.8578125 0.9263888890624999 0.86171875 0.9277777781250001 0.88125 0.9138888890624999 0.87890625 0.8125 0.875 0.80694444375 0.86875 0.80694444375 0.86171875 0.815277778125 0.85078125 0.81805555625 0.85078125 0.852777778125 0.85390625 0.8583333328125
2 0.69140625 0.9930555562500001 0.69375 0.997222221875 0.93203125 0.997222221875 0.94140625 0.9930555562500001 0.99921875 0.9930555562500001 0.99921875 0.91944444375 0.8921875 0.8194444437499999 0.86796875 0.8041666671875 0.8625 0.745 0.86328125 0.6888888890625 0.875 0.6875 0.875 0.6805555562500001 0.85546875 0.6805555562500001 0.85703125 0.7125 0.8625 0.7138888890625 0.8625 0.7216666671875 0.8578125 0.725 0.8625 0.7294444437500001 0.859375 0.734027778125 0.8625 0.737222221875 0.859375 0.7416666671875001 0.8625 0.752777778125 0.8609375 0.7611111109375 0.8640625 0.7666666671875 0.86015625 0.76944444375 0.86171875 0.8055555562500001 0.859375 0.815277778125 0.81328125 0.8166666671874999 0.80078125 0.8027777781250001 0.7625 0.8041666671875 0.76640625 0.715277778125 0.7640625 0.7013888890625 0.7578125 0.702777778125 0.75390625 0.7138888890625 0.7515625 0.70555555625 0.753125 0.6875 0.75078125 0.6833333328125 0.74765625 0.6916666671875 0.75 0.7013888890625 0.74609375 0.702777778125 0.74609375 0.7166666671875 0.74375 0.7180555562500001 0.74765625 0.7388888890625 0.7421875 0.7458333328125 0.7421875 0.7805555562500001 0.74609375 0.79444444375 0.75078125 0.797222221875 0.750390625 0.8055555562500001 0.70859375 0.8027777781250001 0.70234375 0.8125 0.7015625 0.8222222218749999 0.6921875 0.8194444437499999 0.6890625 0.8388888890624999 0.690625 0.8541666671874999 0.68828125 0.8666666671875 0.6921875 0.8708333328125001 0.69140625 0.9930555562500001
2 0.80390625 0.890277778125 0.8 0.85 0.796875 0.8458333328125001 0.78125 0.847222221875 0.78203125 0.89444444375 0.7921875 0.9041666671874999 0.8 0.902777778125 0.80390625 0.890277778125
2 0.05234375 0.5625 0.04453125 0.5736111109375 0.04296875 0.58055555625 0.05703125 0.58055555625 0.05859375 0.565277778125 0.05234375 0.5625
2 0 0.58055555625 0.0078125 0.5833333328125 0.0125 0.5791666671875 0.0125 0.5555555562500001 0.01640625 0.55 0.01171875 0.5388888890625 0.0046875 0.5319444437499999 0 0.5319444437499999 0 0.58055555625
2 0.8140625 0.9541666671875 0.8125 0.9486111109375001 0.80234375 0.9486111109375001 0.7953125 0.952777778125 0.8046875 0.95 0.80859375 0.95555555625 0.8140625 0.9541666671875
2 0.7921875 0.5638888890625 0.78828125 0.54444444375 0.7328125 0.54444444375 0.7328125 0.5555555562500001 0.7421875 0.56805555625 0.7890625 0.56805555625 0.7921875 0.5638888890625
2 0.853125 0.30390625 0.00546875 0.003125
2 0.8625 0.26944444375 0.86484375 0.27638888906250003 0.865625 0.26944444375 0.8625 0.26944444375
2 0.88671875 0.2541666671875 0.89375 0.24305555625 0.8875 0.24722222187499998 0.88671875 0.2541666671875
2 0.9203125 0.178125 0.00234375 0.0015625
2 0.9171875 0.20694444375 0.9203125 0.2 0.92265625 0.20555555625 0.925 0.2 0.9265625 0.20555555625 0.93125 0.20416666718749998 0.93125 0.197222221875 0.91875 0.197222221875 0.91328125 0.1888888890625 0.91640625 0.17916666718750002 0.9109375 0.177777778125 0.90703125 0.190277778125 0.89765625 0.19444444375 0.89765625 0.20138888906250002 0.9171875 0.20694444375
2 0.97578125 0.22777777812500002 0.97578125 0.1666666671875 0.9734375 0.1611111109375 0.96484375 0.1583333328125 0.96328125 0.14305555625 0.95546875 0.134722221875 0.9546875 0.13888888906250002 0.95 0.134722221875 0.94921875 0.13888888906250002 0.94453125 0.140277778125 0.95625 0.1416666671875 0.95625 0.1458333328125 0.95390625 0.15972222187500001 0.94140625 0.16805555625 0.9390625 0.1875 0.940625 0.2138888890625 0.9375 0.23055555625 0.91953125 0.25555555625 0.91328125 0.26944444375 0.90703125 0.29722222187499997 0.90625 0.31944444375000003 0.99921875 0.322222221875 0.99921875 0.26805555625 0.97578125 0.22777777812500002
2 0.48671875 0.49583333281249997 0.4875 0.5305555562500001 0.4890625 0.534722221875 0.509375 0.5375 0.51171875 0.534722221875 0.5109375 0.5069444437499999 0.51328125 0.490277778125 0.51171875 0.4375 0.49375 0.43333333281249997 0.48203125 0.4388888890625 0.48125 0.4625 0.48515625 0.47361111093749997 0.4828125 0.490277778125 0.48671875 0.49583333281249997
2 0.8140625 0.8861111109375001 0.82421875 0.8958333328125001 0.83359375 0.890277778125 0.83359375 0.872222221875 0.81796875 0.8638888890624999 0.81328125 0.8708333328125001 0.81015625 0.86944444375 0.81015625 0.8791666671874999 0.8140625 0.8861111109375001
2 0.76015625 0.8138888890624999 0.76484375 0.8027777781250001 0.7671875 0.7819444437499999 0.76875 0.6805555562500001 0.74765625 0.6805555562500001 0.74296875 0.7291666671875 0.73984375 0.7375 0.73984375 0.8041666671875 0.74765625 0.8027777781250001 0.7546875 0.8138888890624999 0.76015625 0.8138888890624999
2 0.85546875 0.70555555625 0.85703125 0.73194444375 0.8625 0.7316666671875 0.8625 0.7388888890625 0.8578125 0.7458333328125 0.86015625 0.765277778125 0.8578125 0.790277778125 0.8609375 0.8083333328125001 0.85078125 0.8222222218749999 0.85078125 0.852777778125 0.8546875 0.85694444375 0.853125 0.8875 0.85546875 0.91805555625 0.8578125 0.9263888890624999 0.8625 0.9277777781250001 0.88046875 0.9125 0.88125 0.859722221875 0.87890625 0.8138888890624999 0.87734375 0.8083333328125001 0.86875 0.8041666671875 0.86640625 0.76944444375 0.86015625 0.75555555625 0.8640625 0.752777778125 0.859375 0.747222221875 0.86328125 0.7402777781250001 0.86328125 0.690277778125 0.87578125 0.690277778125 0.8765625 0.6791666671875001 0.85546875 0.6777777781250001 0.85390625 0.6833333328125 0.85546875 0.69305555625 0.86171875 0.69305555625 0.8625 0.71 0.85546875 0.70555555625
2 0.61796875 0.5666666671875 0.6140625 0.5638888890625 0.6234375 0.5375 0.62890625 0.5097222218749999 0.628125 0.49444444374999996 0.6171875 0.459722221875 0.61171875 0.459722221875 0.61328125 0.54305555625 0.61171875 0.5555555562500001 0.6074032734375 0.5670634921875 0.6109375 0.5708333328124999 0.61484375 0.565277778125 0.61796875 0.5666666671875
2 0.7375 0.584722221875 0.7375 0.5708333328124999 0.72890625 0.55 0.725 0.54305555625 0.7140625 0.5388888890625 0.68828125 0.54305555625 0.66796875 0.56805555625 0.6703125 0.58055555625 0.69765625 0.5888888890625 0.73046875 0.5888888890625 0.7375 0.584722221875
2 0.9625 0.91328125 0.00078125 0.0015625
2 0.94921875 0.8916666671875 0.9453125 0.89305555625 0.9484375 0.8986111109375001 0.9546875 0.89305555625 0.94921875 0.8916666671875
2 0.90703125 0.9013888890624999 0.91171875 0.9041666671874999 0.91328125 0.909722221875 0.91796875 0.9083333328125001 0.91640625 0.902777778125 0.90703125 0.9 0.90625 0.89444444375 0.89921875 0.8888888890625 0.89765625 0.8833333328125 0.8828125 0.875 0.88203125 0.8888888890625 0.88984375 0.9013888890624999 0.89921875 0.9055555562500001 0.90703125 0.9013888890624999
2 0.8515625 0.8263888890625 0.85546875 0.81805555625 0.8515625 0.81805555625 0.8515625 0.8263888890625
2 0.05625 0.5638888890625 0.05 0.5666666671875 0.0453125 0.58055555625 0.05390625 0.58055555625 0.05703125 0.5763888890625 0.05625 0.5638888890625
2 0 0.5791666671875 0.00703125 0.58194444375 0.0109375 0.577777778125 0.0109375 0.5388888890625 0.003125 0.5375 0 0.5319444437499999 0 0.5791666671875
2 0.01640625 0.325 0.02265625 0.30555555624999997 0.01640625 0.29444444375 0.0015625 0.29722222187499997 0 0.34722222187499996 0.01171875 0.3416666671875 0.01640625 0.3333333328125 0.01640625 0.325
2 0 0.290277778125 0.04765625 0.28194444375 0.0609375 0.2708333328125 0.0609375 0.24722222187499998 0.05546875 0.23333333281250002 0.0046875 0.20555555625 0 0.20555555625 0 0.290277778125
2 0.64375 0.5638888890625 0.6625 0.56805555625 0.6671875 0.565277778125 0.675 0.5527777781250001 0.675 0.54444444375 0.66875 0.5416666671875 0.66953125 0.534722221875 0.675 0.5319444437499999 0.66796875 0.5305555562500001 0.66171875 0.540277778125 0.63984375 0.54305555625 0.64296875 0.55 0.64375 0.5638888890625
2 0.74921875 0.31944444375000003 0.75 0.33055555625 0.75078125 0.5388888890625 0.74921875 0.54305555625 0.73046875 0.54444444375 0.73046875 0.55 0.73984375 0.56805555625 0.78828125 0.5666666671875 0.790625 0.5541666671875001 0.7875 0.54444444375 0.77109375 0.54305555625 0.7671875 0.5319444437499999 0.76171875 0.1666666671875 0.759375 0.15972222187500001 0.7546875 0.1583333328125 0.75 0.15972222187500001 0.7453125 0.16805555625 0.74765625 0.30416666718749996 0.74296875 0.3083333328125 0.74296875 0.3166666671875 0.74921875 0.31944444375000003
2 0.89140625 0.54305555625 0.88671875 0.5513888890625 0.88046875 0.547222221875 0.8828125 0.56805555625 0.89765625 0.565277778125 0.915625 0.5736111109375 0.93828125 0.5763888890625 0.9875 0.5763888890625 0.99921875 0.5694444437499999 0.99921875 0.547222221875 0.99296875 0.54305555625 0.99375 0.5319444437499999 0.98984375 0.5305555562500001 0.99140625 0.51805555625 0.9875 0.5166666671875 0.9875 0.5083333328124999 0.98984375 0.5083333328124999 0.99375 0.49305555625 0.990625 0.4916666671875 0.99140625 0.48472222187499997 0.9890625 0.490277778125 0.9871874999999999 0.48472222187499997 0.93828125 0.48472222187499997 0.91796875 0.477777778125 0.89921875 0.48194444374999995 0.89296875 0.5041666671875 0.89296875 0.5263888890625 0.88828125 0.534722221875 0.89140625 0.54305555625
2 0.94453125 0.40416666718750005 0.94921875 0.40416666718750005 0.946875 0.40277777812500004 0.94453125 0.40416666718750005
2 0.99453125 0.41944444374999995 0.99140625 0.4125 0.99453125 0.40972222187499996 0.99921875 0.4138888890625 0.99921875 0.397222221875 0.98828125 0.3986111109375 0.98984375 0.41805555625 0.99296875 0.41805555625 0.99375 0.425 0.99453125 0.41944444374999995
2 0.91171875 0.42083333281249996 0.90703125 0.41805555625 0.90390625 0.4236111109375 0.90703125 0.43194444374999996 0.9171875 0.44166666718750003 0.91796875 0.447222221875 0.9203125 0.44305555625000004 0.92890625 0.44305555625000004 0.925 0.434722221875 0.92890625 0.4263888890625 0.9296875 0.43055555625 0.9375 0.43055555625 0.93046875 0.425 0.9296875 0.41944444374999995 0.93359375 0.41805555625 0.9265625 0.40694444374999994 0.9375 0.40416666718750005 0.9360937500000001 0.397222221875 0.94453125 0.397222221875 0.946875 0.3916666671875 0.93828125 0.38055555625 0.925 0.38055555625 0.9203125 0.3861111109375 0.91953125 0.40416666718750005 0.91328125 0.40555555625000006 0.9140625 0.4166666671875 0.91171875 0.42083333281249996
2 0 0.3458333328125 0.01328125 0.3375 0.02109375 0.30555555624999997 0.01875 0.2958333328125 0.00390625 0.29722222187499997 0 0.3 0 0.3458333328125
2 0 0.290277778125 0.04765625 0.28194444375 0.0609375 0.2708333328125 0.0609375 0.24722222187499998 0.0546875 0.23194444375 0.00390625 0.20555555625 0 0.20555555625 0 0.290277778125
2 0.6703125 0.58055555625 0.7015625 0.5888888890625 0.7375 0.584722221875 0.73515625 0.559722221875 0.721875 0.5416666671875 0.69453125 0.5388888890625 0.69140625 0.5305555562500001 0.68515625 0.5291666671875 0.665625 0.5305555562500001 0.66171875 0.5388888890625 0.65625 0.540277778125 0.63984375 0.540277778125 0.63828125 0.5458333328125 0.640625 0.565277778125 0.6671875 0.5722222218749999 0.6703125 0.58055555625
2 0.895703125 0.9930555562500001 0.8970984375000001 0.997222221875 0.9 0.9930555562500001 0.90145078125 0.997222221875 0.91015625 0.997222221875 0.90625 0.9916666671875 0.8859375 0.9916666671875 0.875 0.9930555562500001 0.8796875 0.997222221875 0.8927453125 0.997222221875 0.895703125 0.9930555562500001
2 0.85 0.9930555562500001 0.86328125 0.9930555562500001 0.8578125 0.9916666671875 0.85 0.9930555562500001
2 0.81796875 0.9930555562500001 0.8359375 0.9930555562500001 0.83203125 0.9916666671875 0.81796875 0.9930555562500001
2 0.85390625 0.98194444375 0.85625 0.9833333328125 0.85546875 0.98055555625 0.85390625 0.98194444375
2 0.6890625 0.99444444375 0.69140625 0.997222221875 0.79296875 0.997222221875 0.7953125 0.9916666671875 0.796875 0.997222221875 0.8 0.9916666671875 0.80078125 0.997222221875 0.8046875 0.997222221875 0.80546875 0.9916666671875 0.80859375 0.997222221875 0.80625 0.972222221875 0.8109375 0.9611111109375001 0.8140625 0.9638888890624999 0.81171875 0.9680555562500001 0.81328125 0.9763888890624999 0.81796875 0.9791666671874999 0.8171875 0.9833333328125 0.82421875 0.98194444375 0.8265625 0.975 0.83515625 0.98055555625 0.8375 0.9625 0.8421875 0.9680555562500001 0.85078125 0.959722221875 0.8625 0.9680555562500001 0.86328125 0.9763888890624999 0.86796875 0.98055555625 0.8703125 0.9763888890624999 0.8671875 0.972222221875 0.86796875 0.9666666671874999 0.87421875 0.9680555562500001 0.875 0.975 0.88125 0.984722221875 0.89765625 0.977777778125 0.90390625 0.9833333328125 0.90703125 0.972222221875 0.90625 0.9416666671874999 0.88515625 0.940277778125 0.88203125 0.9333333328125001 0.86875 0.9444444437499999 0.85703125 0.940277778125 0.8578125 0.9333333328125001 0.853125 0.91944444375 0.853125 0.89305555625 0.84765625 0.8736111109375001 0.85 0.8680555562500001 0.8484375 0.852777778125 0.8046875 0.8055555562500001 0.76640625 0.8055555562500001 0.75390625 0.8125 0.74453125 0.8055555562500001 0.70859375 0.8027777781250001 0.70390625 0.8055555562500001 0.69765625 0.8194444437499999 0.6921875 0.81805555625 0.6890625 0.827777778125 0.6890625 0.9305555562500001 0.69140625 0.95694444375 0.6890625 0.9680555562500001 0.6890625 0.99444444375
2 0.4890625 0.44166666718750003 0.48515625 0.45555555625000005 0.4859375 0.4916666671875 0.49453125 0.5013888890625 0.4890625 0.50555555625 0.4890625 0.5319444437499999 0.49296875 0.534722221875 0.509375 0.5333333328125 0.5078125 0.5013888890625 0.5125 0.490277778125 0.509375 0.4375 0.5109375 0.43194444374999996 0.6765625 0.43055555625 0.6734375 0.22638888906250001 0.6703125 0.20277777812500003 0.671875 0.19305555624999998 0.66953125 0.17916666718750002 0.66796875 0.08333333281250001 0.33125 0.08194444375 0.32421875 0.21805555625 0.321875 0.33888888906250003 0.31953125 0.35 0.31953125 0.43055555625 0.4890625 0.43333333281249997 0.4921875 0.4388888890625 0.4890625 0.44166666718750003
2 0.63125 0.013888889062500001 0.61875 0.0041666671875 0.61484375 0.009722221875000001 0.6125 0.0375 0.60390625 0.04444444375 0.6046875 0.0791666671875 0.63515625 0.077777778125 0.63515625 0.030555556249999997 0.63125 0.013888889062500001
2 0.74921875 0.32083333281250004 0.75 0.33194444375 0.75078125 0.5388888890625 0.7484375 0.54305555625 0.734375 0.54444444375 0.73203125 0.55 0.73828125 0.5638888890625 0.74375 0.5666666671875 0.7875 0.565277778125 0.790625 0.559722221875 0.7875 0.54444444375 0.77109375 0.54305555625 0.76796875 0.5361111109375 0.7671875 0.43333333281249997 0.76328125 0.36944444375 0.76484375 0.3236111109375 0.76171875 0.165277778125 0.7609375 0.1611111109375 0.75390625 0.1583333328125 0.7453125 0.16805555625 0.74765625 0.30555555624999997 0.74375 0.3083333328125 0.74296875 0.3166666671875 0.74921875 0.32083333281250004
2 0.6921875 0.5416666671875 0.69375 0.534722221875 0.6875 0.5291666671875 0.66796875 0.5291666671875 0.66171875 0.5388888890625 0.6390625 0.540277778125 0.640625 0.5638888890625 0.665625 0.5708333328124999 0.67421875 0.55694444375 0.6921875 0.5416666671875
2 0.7609375 0.784722221875 0.7640625 0.784722221875 0.76171875 0.7819444437499999 0.7609375 0.784722221875
2 0.76171875 0.7430555562500001 0.7640625 0.7375 0.7640625 0.73194444375 0.76015625 0.734722221875 0.7546875 0.7263888890625 0.75078125 0.7291666671875 0.74921875 0.7180555562500001 0.74609375 0.7263888890625 0.7453125 0.7430555562500001 0.74765625 0.75 0.75 0.74444444375 0.76171875 0.7430555562500001
2 0.9015625 0.62578125 0.00546875 0.0015625
2 0.8828125 0.62421875 0.00078125 0.00390625
2 0.99609375 0.6125 0.99609375 0.60555555625 0.99375 0.6041666671875 0.9765625 0.602777778125 0.9546875 0.5930555562500001 0.9359375 0.5916666671875 0.925 0.5861111109375 0.91328125 0.590277778125 0.91015625 0.5833333328125 0.90078125 0.58055555625 0.8359375 0.577777778125 0.83046875 0.5736111109375 0.759375 0.5736111109375 0.74375 0.5722222218749999 0.7390625 0.56805555625 0.73984375 0.577777778125 0.7359375 0.590277778125 0.72421875 0.5930555562500001 0.6859375 0.590277778125 0.6625 0.58055555625 0.65703125 0.5722222218749999 0.64609375 0.5736111109375 0.64296875 0.577777778125 0.6328125 0.5736111109375 0.6296875 0.577777778125 0.62265625 0.577777778125 0.6125 0.5722222218749999 0.60859375 0.5763888890625 0.58359375 0.5791666671875 0.58671875 0.5888888890625 0.6109375 0.6180555562500001 0.9953125 0.6180555562500001 0.99609375 0.6125
2 0.54609375 0.5671875 0.0015625 0.0015625
2 0.6203125 0.5694444437499999 0.6390625 0.56805555625 0.628125 0.565277778125 0.6203125 0.5694444437499999
2 0.9734375 0.9138888890624999 0.9734375 0.9041666671874999 0.959375 0.89305555625 0.9515625 0.8916666671875 0.946875 0.89305555625 0.95 0.902777778125 0.96328125 0.915277778125 0.9734375 0.9138888890624999
2 0.83515625 0.890277778125 0.834375 0.86944444375 0.828125 0.8652777781250001 0.80859375 0.8652777781250001 0.80859375 0.88055555625 0.81875 0.8958333328125001 0.82421875 0.8986111109375001 0.83515625 0.890277778125