5 0.03984375 0.8953125 0.00078125 0.0015625
5 0.039728175 0.8134969328125001 0.0449555671875 0.8171779140625001 0.042341871875 0.8098159515625 0.039728175 0.8134969328125001
5 0.3758494515625 0.773006134375 0.374281234375 0.7766871171874999 0.376372190625 0.7779141109375 0.37741766875 0.774233128125 0.3758494515625 0.773006134375
5 0.9524307375 0.725153375 0.9581808671875001 0.7239263796875 0.9555671718750001 0.7202453984375 0.9524307375 0.725153375
5 0.9602718250000001 0.6625766875 0.9482488234374999 0.6625766875 0.9539989546875001 0.6662576687499999 0.9602718250000001 0.6662576687499999 0.9602718250000001 0.6625766875
5 0.0402509140625 0.6429447859375 0.039728175 0.6466257671875 0.0491374796875 0.6466257671875 0.043387350000000005 0.6417177921875 0.0402509140625 0.6429447859375
5 0.0460010453125 0.4417177921875 0.043387350000000005 0.434355828125 0.0381599578125 0.434355828125 0.0360690015625 0.43803680937499995 0.0392054359375 0.43926380312499996 0.0392054359375 0.44539877343749995 0.0460010453125 0.4417177921875
5 0.032409828125 0.26380368125000003 0.039728175 0.26625766875 0.032409828125 0.2576687109375 0.032409828125 0.26380368125000003
5 0.05234375 0.209375 0.00234375 0.0015625
5 0.0914793515625 0.13619631875 0.089911134375 0.1398773 0.09304756875 0.1435582828125 0.0987977 0.1435582828125 0.0914793515625 0.13619631875
5 0.43857815 0.06625766875 0.44641923749999995 0.06380368125 0.4411918453125 0.06257668749999999 0.43857815 0.06625766875
5 0.31416623125 0.05889570625 0.3146889703125 0.0552147234375 0.313120753125 0.0552147234375 0.31416623125 0.05889570625
5 0.033978045312499996 0.369325153125 0.042341871875 0.3914110421875 0.0418191328125 0.40245398750000005 0.0392054359375 0.40245398750000005 0.036591740625 0.40981595156250006 0.0392054359375 0.4147239265625 0.0360690015625 0.41717791406250004 0.036591740625 0.4208588953125 0.034500784374999996 0.4245398765625 0.0381599578125 0.429447853125 0.0381599578125 0.4539877296875 0.035546262499999995 0.45889570625 0.0360690015625 0.46625766874999997 0.034500784374999996 0.46625766874999997 0.0360690015625 0.4760736203125 0.032409828125 0.47852760781250003 0.032409828125 0.4871165640625 0.035023523437499995 0.4871165640625 0.0360690015625 0.494478528125 0.039728175 0.495705521875 0.039728175 0.501840490625 0.032409828125 0.5104294484375 0.032409828125 0.5153374234375 0.034500784374999996 0.5177914109375 0.033978045312499996 0.52883435625 0.0360690015625 0.53619631875 0.054364871875 0.53619631875 0.057501306249999995 0.54110429375 0.056455828124999996 0.5447852765625 0.0512284375 0.5447852765625 0.0512284375 0.5570552140625 0.048614740625 0.564417178125 0.04547830625 0.564417178125 0.0475692625 0.570552146875 0.044432828125000004 0.5852760734375 0.04547830625 0.5889570546875 0.0411223203125 0.5901840484374999 0.0418191328125 0.5852760734375 0.0392054359375 0.5852760734375 0.0381599578125 0.5901840484374999 0.0475692625 0.5914110421875 0.0527966546875 0.6 0.0527966546875 0.6049079749999999 0.05854678437500001 0.6110429453124999 0.0512284375 0.6171779140625 0.0512284375 0.6294478531250001 0.05802404531250001 0.639263803125 0.0507056984375 0.6429447859375 0.0507056984375 0.6466257671875 0.0538421328125 0.6490797546875 0.05331939375 0.6588957062499999 0.0512284375 0.6625766875 0.0517511765625 0.67116564375 0.0548876109375 0.6785276078125 0.05331939375 0.6883435578125 0.057501306249999995 0.698159509375 0.056455828124999996 0.703067484375 0.0538421328125 0.704294478125 0.0517511765625 0.7153374234375 0.05331939375 0.7190184046875 0.05331939375 0.7288343562499999 0.0512284375 0.7435582828125 0.05331939375 0.7472392640625001 0.0512284375 0.760736196875 0.0512284375 0.7815950921875 0.0460010453125 0.7926380375 0.039728175 0.7865030671875 0.0360690015625 0.7889570546875 0.036591740625 0.79386503125 0.039728175 0.79386503125 0.0402509140625 0.7889570546875 0.0475692625 0.79631901875 0.0475692625 0.826993865625 0.0449555671875 0.829447853125 0.043387350000000005 0.8220858890624999 0.0428646109375 0.8257668718750001 0.0381599578125 0.8220858890624999 0.036591740625 0.8343558281250001 0.033978045312499996 0.829447853125 0.0381599578125 0.8417177921875 0.048614740625 0.8417177921875 0.0507056984375 0.8453987734374999 0.0475692625 0.86625766875 0.0475692625 0.8858895703125 0.0491374796875 0.8883435578125001 0.0475692625 0.895705521875 0.0491374796875 0.8993865031249999 0.0470465234375 0.9092024546875 0.0475692625 0.9190184046875001 0.043910089062500005 0.92638036875 0.0407736546875 0.9177914109374999 0.0418191328125 0.9104294484375 0.0392054359375 0.907975459375 0.036591740625 0.9128834359375 0.036591740625 0.9190184046875001 0.030841609375000002 0.92638036875 0.030318870312500003 0.93128834375 0.0360690015625 0.9337423312500001 0.033978045312499996 0.9374233125 0.0360690015625 0.9521472390625 0.0418191328125 0.9521472390625 0.0470465234375 0.9435582828125 0.0475692625 0.9570552140625 0.043910089062500005 0.9619631906249999 0.043910089062500005 0.973006134375 0.056455828124999996 0.9815950921875001 0.056978567187499995 0.99386503125 0.1479351796875 0.99386503125 0.151071615625 0.9975460125 0.16623105 0.99386503125 0.3523261890625 0.99386503125 0.354939884375 0.9852760734375 0.3533716671875 0.9791411046875 0.354939884375 0.9644171781249999 0.352848928125 0.9484662578125 0.352848928125 0.9337423312500001 0.3544171453125 0.9276073625000001 0.352848928125 0.9141104296875 0.35650810312500003 0.9030674843750001 0.352848928125 0.8895705515625 0.354939884375 0.8834355828125 0.3533716671875 0.8773006140625 0.354939884375 0.8539877296875 0.35807632031250003 0.8466257671875 0.37898588593750004 0.8453987734374999 0.3831678 0.8539877296875 0.3836905390625 0.86134969375 0.3836905390625 0.9374233125 0.38525875625 0.960736196875 0.3868269734375 0.9644171781249999 0.3857814953125 0.9889570546875 0.388395190625 0.99386503125 0.40407736562499996 0.9975460125 0.423941453125 0.99386503125 0.753789859375 0.9963190187500001 0.7600627281250001 0.9889570546875 0.7631991640625 0.9901840484375001 0.761630946875 0.99386503125 0.7809722953125 0.99386503125 0.781495034375 0.9889570546875 0.7843701000000001 0.9889570546875 0.7841087296875 0.99386503125 0.7872451640625 0.9889570546875 0.7929952953125 0.9889570546875 0.7940407734375 0.99386503125 0.8013591218749999 0.9963190187500001 0.8698379515625 0.99386503125 0.8734971249999999 0.9889570546875 0.8808154734375 0.9975460125 0.8928384734374999 0.9975460125 0.89545216875 0.99386503125 0.9174072140625 0.9975460125 0.9247255624999999 0.99386503125 0.9289074749999999 0.9975460125 0.949817040625 0.99386503125 0.9534762156250001 0.9815950921875001 0.9597490859375 0.9766871171875 0.961317303125 0.9803680984375 0.9618400421875 0.99386503125 0.9628855203125 0.9901840484375001 0.965499215625 0.99386503125 0.9696811296875 0.9865030671874999 0.972294825 0.9865030671874999 0.97438578125 0.9803680984375 0.97438578125 0.9766871171875 0.9696811296875 0.969325153125 0.9639309984375 0.969325153125 0.9628855203125 0.973006134375 0.9519079984375001 0.9570552140625 0.9519079984375001 0.9411042937499999 0.9534762156250001 0.9374233125 0.95870360625 0.9325153374999999 0.9581808671875001 0.9276073625000001 0.9623627812500001 0.9190184046875001 0.9707266078125001 0.9165644171875 0.963408259375 0.907975459375 0.9529534765625 0.9030674843750001 0.9513852593750001 0.8907975453124999 0.9534762156250001 0.8834355828125 0.9534762156250001 0.8441717796875 0.9597490859375 0.8392638031249999 0.9571353890625 0.838036809375 0.9602718250000001 0.829447853125 0.9597490859375 0.8159509203124999 0.963408259375 0.8134969328125001 0.961317303125 0.8098159515625 0.9670674328125 0.8024539875000001 0.9602718250000001 0.80122699375 0.9597490859375 0.79631901875 0.9560899109375001 0.7975460125 0.9534762156250001 0.79386503125 0.9487715624999999 0.80122699375 0.9482488234374999 0.7815950921875 0.94458965 0.766871165625 0.94458965 0.625766871875 0.9487715624999999 0.6134969328125 0.9597490859375 0.6208588953125 0.961317303125 0.6134969328125 0.9597490859375 0.59386503125 0.94249869375 0.5889570546875 0.9404077359375 0.5668711656250001 0.940930475 0.5521472390625 0.9430214328125001 0.5484662578124999 0.9440669109375 0.53619631875 0.9487715624999999 0.53619631875 0.9513852593750001 0.54110429375 0.9541730265625 0.54110429375 0.9560899109375001 0.53619631875 0.9569613171875 0.54110429375 0.9597490859375 0.54110429375 0.9597490859375 0.53619631875 0.9539989546875001 0.53128834375 0.9534762156250001 0.5128834359375001 0.9482488234374999 0.503067484375 0.947726084375 0.47975460156249994 0.940930475 0.46993865 0.9482488234374999 0.45889570625 0.9539989546875001 0.45889570625 0.9534762156250001 0.4539877296875 0.9487715624999999 0.45766871093750006 0.94249869375 0.4527607359375 0.9404077359375 0.428220859375 0.9419759546875 0.4220858890625 0.9383167796875 0.4134969328125 0.9430214328125001 0.404907975 0.9539989546875001 0.404907975 0.9560899109375001 0.40122699375000004 0.9539989546875001 0.3865030671875 0.9419759546875 0.373006134375 0.94249869375 0.366871165625 0.9503397796874999 0.3558282203125 0.9503397796874999 0.3521472390625 0.9555671718750001 0.3484662578125 0.9539989546875001 0.3484662578125 0.9539989546875001 0.33128834375 0.949817040625 0.3239263796875 0.9534762156250001 0.3165644171875 0.9461578671875 0.3116564421875 0.94458965 0.306748465625 0.9461578671875 0.295705521875 0.93883951875 0.2895705515625 0.9404077359375 0.2797546015625 0.9456351281250001 0.27852760781249997 0.9461578671875 0.26748466249999997 0.9404077359375 0.25889570625 0.9372713015624999 0.2478527609375 0.9383167796875 0.239263803125 0.94249869375 0.234355828125 0.9383167796875 0.229447853125 0.9419759546875 0.2220858890625 0.9404077359375 0.21963190156249998 0.9404077359375 0.19877300625 0.9419759546875 0.19386503125000001 0.93883951875 0.18527607343750002 0.93883951875 0.17668711718750002 0.93256665 0.164417178125 0.9330893890624999 0.1570552140625 0.9289074749999999 0.15092024531249998 0.9309984312499999 0.1484662578125 0.9309984312499999 0.1435582828125 0.9289074749999999 0.1374233125 0.923680084375 0.1325153375 0.9174072140625 0.1153374234375 0.9085206484375 0.107975459375 0.9059069531249999 0.098159509375 0.9012022999999999 0.0907975453125 0.8923157343750001 0.0883435578125 0.8902247781250001 0.0785276078125 0.886565603125 0.0785276078125 0.8860428640625001 0.0871165640625 0.8839519078125001 0.0858895703125 0.8829064296875 0.0797546015625 0.8818609515625001 0.099386503125 0.8755880812499999 0.098159509375 0.8698379515625 0.0883435578125 0.8604286468750001 0.0858895703125 0.848928384375 0.07361963125 0.8013591218749999 0.07116564375 0.7872451640625 0.0785276078125 0.7516989015625 0.07361963125 0.7433350765625 0.0785276078125 0.7281756406250001 0.0785276078125 0.7208572921874999 0.07361963125 0.7114479874999999 0.074846625 0.7098797703125 0.0785276078125 0.6957658125 0.0785276078125 0.6921066390624999 0.07361963125 0.6785154203125 0.0785276078125 0.6753789859375 0.07116564375 0.67015159375 0.0760736203125 0.6623105078125 0.06993865 0.6617877671875 0.06380368125 0.65394668125 0.05030674843750001 0.6429691578125001 0.0429447859375 0.6225823312500001 0.041717792187500005 0.6210141140625 0.038036809375 0.6058546781249999 0.0490797546875 0.5812859390625 0.0453987734375 0.5776267640625 0.0490797546875 0.5530580234375 0.0466257671875 0.5509670671875 0.05030674843750001 0.538421328125 0.0490797546875 0.5206481968750001 0.0552147234375 0.5086251953125001 0.051533742187499995 0.50810245625 0.06257668749999999 0.5002613703125001 0.05889570625 0.4976476734375 0.06257668749999999 0.49712493437500005 0.074846625 0.49085206406250004 0.0760736203125 0.4861474125 0.08343558281249999 0.48248823906249994 0.08343558281249999 0.48039728125 0.0760736203125 0.47360167343750004 0.07361963125 0.47098797656249997 0.06625766875 0.4579194984375 0.05889570625 0.45269210624999995 0.06257668749999999 0.45269210624999995 0.06993865 0.45635128125 0.0785276078125 0.459487715625 0.0797546015625 0.4584422375 0.0858895703125 0.455305803125 0.0871165640625 0.445896496875 0.0871165640625 0.439623628125 0.0785276078125 0.42812336718750005 0.07116564375 0.42707788750000003 0.06380368125 0.4213277578125 0.06257668749999999 0.419759540625 0.05889570625 0.41348667031249997 0.05889570625 0.41087297500000003 0.0674846625 0.4056455828125 0.05889570625 0.40651698906249994 0.06625766875 0.40094093124999997 0.06625766875 0.40198640937499996 0.05889570625 0.3998954515625 0.06257668749999999 0.3998954515625 0.0785276078125 0.397107684375 0.0785276078125 0.3967590171875 0.074846625 0.39431939374999997 0.0785276078125 0.390486146875 0.07116564375 0.38525875625 0.07116564375 0.38264505937500004 0.08343558281249999 0.37950862500000004 0.074846625 0.3779404078125 0.0785276078125 0.376372190625 0.0760736203125 0.37950862500000004 0.08343558281249999 0.37950862500000004 0.0883435578125 0.3753267125 0.0907975453125 0.37375849375 0.0907975453125 0.37375849375 0.08343558281249999 0.3700993203125 0.0871165640625 0.3680083640625 0.0822085890625 0.368531103125 0.0760736203125 0.3669628859375 0.074846625 0.36539466875 0.0797546015625 0.36382645 0.074846625 0.360690015625 0.074846625 0.35912179843750003 0.0674846625 0.35807632031250003 0.074846625 0.3512807109375 0.0785276078125 0.3465760578125 0.0723926375 0.3491897546875 0.06380368125 0.3413486671875 0.05889570625 0.3376894921875 0.06134969375 0.3319393625 0.0552147234375 0.3288029265625 0.05889570625 0.31834814375 0.05889570625 0.317302665625 0.06257668749999999 0.3037114484375 0.0576687109375 0.2969158390625 0.06134969375 0.2885520125 0.0576687109375 0.28489283906249996 0.0674846625 0.28384736093749996 0.06625766875 0.28437009999999996 0.074846625 0.2801881859375 0.07116564375 0.26136957656250004 0.074846625 0.26293779375000004 0.06257668749999999 0.2595399890625 0.06257668749999999 0.26084683750000004 0.0674846625 0.25875588125000004 0.06871165625 0.251960271875 0.0552147234375 0.242028228125 0.0552147234375 0.234187140625 0.06134969375 0.22111866249999998 0.051533742187499995 0.2111866171875 0.0576687109375 0.19184526875000002 0.051533742187499995 0.186617878125 0.06134969375 0.182958703125 0.05889570625 0.181913225 0.06257668749999999 0.180867746875 0.05889570625 0.17773131250000002 0.06257668749999999 0.17929952968750001 0.0674846625 0.175117615625 0.074846625 0.153162571875 0.08343558281249999 0.14845791875 0.0785276078125 0.14270778906249998 0.0785276078125 0.138525875 0.0674846625 0.14270778906249998 0.06257668749999999 0.14218504999999998 0.0576687109375 0.138525875 0.0539877296875 0.1359121796875 0.0552147234375 0.133298484375 0.06257668749999999 0.1212754828125 0.06257668749999999 0.10872974375 0.07116564375 0.10245687343750001 0.0883435578125 0.0987977 0.0871165640625 0.08782017812500001 0.10306748437499999 0.08729743906250001 0.11288343593750001 0.085729221875 0.107975459375 0.0815473078125 0.1116564421875 0.0805018296875 0.1190184046875 0.0836382640625 0.1202453984375 0.0815473078125 0.13619631875 0.0773653953125 0.13619631875 0.0752744375 0.1533742328125 0.07109252499999999 0.1435582828125 0.06900156874999999 0.1533742328125 0.0669106109375 0.1521472390625 0.066387871875 0.161963190625 0.0627286984375 0.16687116562499998 0.062205959374999995 0.173006134375 0.059069525 0.174233128125 0.05854678437500001 0.1889570546875 0.060115003125 0.1926380375 0.05854678437500001 0.2 0.0548876109375 0.19754601249999998 0.0512284375 0.20122699375000003 0.0507056984375 0.21349693281249998 0.04547830625 0.2171779140625 0.04547830625 0.22453987656250002 0.043387350000000005 0.22576687187500002 0.043387350000000005 0.239263803125 0.039728175 0.238036809375 0.0392054359375 0.24294478593750002 0.0418191328125 0.239263803125 0.0420805015625 0.24294478593750002 0.0480920015625 0.240490796875 0.0538421328125 0.2453987734375 0.0548876109375 0.2503067484375 0.0512284375 0.2576687109375 0.05331939375 0.27116564374999996 0.049311553125000004 0.27361963125 0.0480920015625 0.2822085890625 0.0460010453125 0.27852760781249997 0.0463497125 0.27361963125 0.042341871875 0.27116564374999996 0.0402509140625 0.274846625 0.03946680625 0.27116564374999996 0.036591740625 0.27116564374999996 0.038682696875 0.27852760781249997 0.0360690015625 0.27852760781249997 0.0392054359375 0.2797546015625 0.039728175 0.2760736203125 0.042341871875 0.2822085890625 0.04547830625 0.2797546015625 0.043910089062500005 0.2858895703125 0.0475692625 0.28343558281250003 0.05331939375 0.300613496875 0.049660220312499996 0.3128834359375 0.0381599578125 0.3165644171875 0.0360690015625 0.33006135 0.032409828125 0.3325153375 0.030841609375000002 0.34110429375 0.030841609375000002 0.3484662578125 0.035546262499999995 0.35705521406249996 0.032409828125 0.369325153125 0.033978045312499996 0.369325153125