2 0.596875 0.51 0.62 0.5118750000000001 0.670625 0.5118750000000001 0.785625 0.51 0.785625 0.478125 0.7837500000000001 0.47562499999999996 0.47562499999999996 0.47562499999999996 0.47437500000000005 0.50875 0.47625 0.51125 0.571875 0.5118750000000001 0.596875 0.51
2 0.889375 0.514375 0.8887499999999999 0.509375 0.88375 0.50625 0.8731249999999999 0.506875 0.8675 0.51 0.865 0.51 0.8625 0.50625 0.85375 0.506875 0.85 0.509375 0.84375 0.509375 0.8418749999999999 0.50625 0.8231249999999999 0.506875 0.8237500000000001 0.5131249999999999 0.8318749999999999 0.51625 0.884375 0.51625 0.889375 0.514375
2 0.286875 0.67375 0.296875 0.6725 0.299375 0.6675 0.296875 0.665625 0.275625 0.6643749999999999 0.27375 0.665 0.27375 0.6675 0.27625 0.671875 0.286875 0.67375
2 0.75625 0.70125 0.76125 0.7068749999999999 0.7787499999999999 0.70625 0.78625 0.69875 0.7875 0.6849999999999999 0.78 0.6775 0.7693749999999999 0.675 0.76625 0.6725 0.76125 0.673125 0.76125 0.6775 0.754375 0.6849999999999999 0.754375 0.696875 0.75625 0.70125
2 0.1675 0.739375 0.1675 0.7424999999999999 0.16999999999999998 0.740625 0.168125 0.74125 0.1675 0.739375
2 0.144375 0.6912499999999999 0.153125 0.6756249999999999 0.15125 0.6675 0.145625 0.66125 0.1325 0.6625 0.12375 0.670625 0.12250000000000001 0.680625 0.12562500000000001 0.68875 0.13 0.691875 0.144375 0.6912499999999999
2 0.504375 0.70875 0.51125 0.70875 0.515 0.70625 0.51875 0.69875 0.51875 0.685625 0.509375 0.6725 0.505 0.673125 0.500625 0.6775 0.4925 0.67875 0.4875 0.6849999999999999 0.4875 0.7006249999999999 0.4925 0.70625 0.501875 0.7068749999999999 0.504375 0.70875
2 0.38937499999999997 0.69875 0.39375 0.690625 0.39375 0.685625 0.388125 0.6875 0.38687499999999997 0.6900000000000001 0.39125 0.693125 0.38687499999999997 0.6956249999999999 0.38937499999999997 0.69875
2 0.275 0.378125 0.27125 0.38 0.27125 0.383125 0.280625 0.3825 0.275 0.378125
2 0.380625 0.145625 0.380625 0.14875 0.38687499999999997 0.15 0.38687499999999997 0.145625 0.380625 0.145625
2 0.095 0.375625 0.11687499999999999 0.37687499999999996 0.12375 0.375 0.18625 0.3725 0.19125 0.37 0.213125 0.37124999999999997 0.21937500000000001 0.3725 0.22125 0.375 0.22000000000000003 0.38 0.221875 0.39 0.22000000000000003 0.39249999999999996 0.21749999999999997 0.39125 0.215 0.385625 0.206875 0.385625 0.20125 0.38687499999999997 0.2 0.38937499999999997 0.20437500000000003 0.393125 0.20375000000000001 0.395 0.18875 0.39625 0.179375 0.40062499999999995 0.176875 0.415625 0.18125 0.42437500000000006 0.1825 0.446875 0.185 0.4525 0.18562499999999998 0.476875 0.1825 0.48312499999999997 0.16499999999999998 0.48312499999999997 0.16499999999999998 0.4875 0.16875 0.49124999999999996 0.1825 0.495 0.18812500000000001 0.5 0.21625 0.503125 0.220625 0.501875 0.2225 0.504375 0.22000000000000003 0.51125 0.2225 0.526875 0.220625 0.54875 0.22125 0.63375 0.21625 0.63375 0.21375000000000002 0.63625 0.209375 0.634375 0.20375000000000001 0.63625 0.191875 0.63625 0.18812500000000001 0.63375 0.17875000000000002 0.6368750000000001 0.175625 0.634375 0.1625 0.6331249999999999 0.13625 0.63375 0.1325 0.63625 0.13374999999999998 0.64 0.13187500000000002 0.646875 0.13374999999999998 0.6537499999999999 0.13874999999999998 0.659375 0.13874999999999998 0.663125 0.135625 0.6681250000000001 0.129375 0.6681250000000001 0.12625 0.67125 0.125 0.678125 0.1275 0.68875 0.13999999999999999 0.68875 0.13999999999999999 0.6775 0.14375 0.6775 0.14625 0.6849999999999999 0.15125 0.688125 0.15125 0.703125 0.15375 0.709375 0.15687500000000001 0.70875 0.159375 0.71375 0.15125 0.7162499999999999 0.145625 0.725625 0.146875 0.740625 0.15 0.7424999999999999 0.16875 0.7424999999999999 0.171875 0.7381249999999999 0.171875 0.72 0.16499999999999998 0.713125 0.16499999999999998 0.708125 0.176875 0.696875 0.1825 0.6956249999999999 0.184375 0.6875 0.18875 0.689375 0.191875 0.684375 0.195 0.685625 0.20249999999999999 0.681875 0.20437500000000003 0.678125 0.20125 0.675 0.20249999999999999 0.67 0.21375000000000002 0.6675 0.216875 0.671875 0.224375 0.6675 0.22625 0.6643749999999999 0.23875000000000002 0.663125 0.25187499999999996 0.650625 0.254375 0.660625 0.271875 0.6625 0.27625 0.6693749999999999 0.281875 0.671875 0.29312499999999997 0.6725 0.30125 0.6625 0.30125 0.64375 0.29312499999999997 0.6375 0.29312499999999997 0.618125 0.275 0.618125 0.26875 0.6224999999999999 0.260625 0.625 0.253125 0.63125 0.25187499999999996 0.6287499999999999 0.2475 0.63125 0.24562499999999998 0.6275000000000001 0.24312499999999998 0.6068749999999999 0.244375 0.5862499999999999 0.2425 0.578125 0.24500000000000002 0.5625 0.244375 0.504375 0.2475 0.501875 0.26 0.499375 0.27625 0.5 0.281875 0.49749999999999994 0.29312499999999997 0.49749999999999994 0.305 0.4925 0.31 0.495 0.31625000000000003 0.495 0.32 0.4925 0.3325 0.49437499999999995 0.334375 0.4925 0.348125 0.491875 0.35125 0.4875 0.348125 0.48312499999999997 0.34125 0.48312499999999997 0.335625 0.479375 0.33125 0.480625 0.32437499999999997 0.476875 0.313125 0.47562499999999996 0.31 0.473125 0.296875 0.47000000000000003 0.29375 0.456875 0.289375 0.39375 0.28625 0.39125 0.246875 0.393125 0.244375 0.39 0.24312499999999998 0.3725 0.24625 0.369375 0.2625 0.366875 0.29312499999999997 0.366875 0.30125 0.365 0.415625 0.359375 0.418125 0.35562499999999997 0.414375 0.27625 0.41624999999999995 0.259375 0.415625 0.238125 0.41375 0.22312500000000002 0.410625 0.22312500000000002 0.40875000000000006 0.22000000000000003 0.410625 0.21625 0.41375 0.21937500000000001 0.410625 0.215 0.410625 0.20812499999999998 0.41312499999999996 0.205625 0.41312499999999996 0.1975 0.410625 0.195 0.41375 0.193125 0.41375 0.190625 0.409375 0.18625 0.409375 0.18125 0.41187500000000005 0.175625 0.410625 0.1675 0.41375 0.16625 0.415625 0.161875 0.415625 0.14875 0.414375 0.145625 0.398125 0.146875 0.3975 0.15 0.39 0.155 0.38687499999999997 0.151875 0.378125 0.15375 0.379375 0.146875 0.37687499999999996 0.144375 0.37374999999999997 0.146875 0.374375 0.15 0.37124999999999997 0.15 0.3625 0.14937499999999998 0.35812499999999997 0.145625 0.344375 0.146875 0.33875 0.143125 0.32687499999999997 0.146875 0.32437499999999997 0.15 0.32 0.146875 0.309375 0.148125 0.3 0.144375 0.2425 0.146875 0.063125 0.145625 0.058750000000000004 0.146875 0.058125 0.14875 0.058125 0.364375 0.06 0.375625 0.063125 0.3775 0.095 0.375625
2 0.18937500000000002 0.484375 0.206875 0.491875 0.22312500000000002 0.495 0.24312499999999998 0.49437499999999995 0.265 0.49000000000000005 0.29874999999999996 0.48875 0.32875 0.484375 0.32687499999999997 0.47874999999999995 0.29874999999999996 0.47125000000000006 0.29562499999999997 0.46875 0.290625 0.39375 0.288125 0.39125 0.280625 0.39 0.226875 0.395 0.22000000000000003 0.39375 0.2125 0.39625 0.1925 0.39625 0.179375 0.39875 0.178125 0.40625 0.18062499999999998 0.42062499999999997 0.184375 0.480625 0.18937500000000002 0.484375
2 0.64125 0.47062499999999996 0.64125 0.365 0.64 0.3625 0.628125 0.3625 0.615625 0.3675 0.615625 0.47062499999999996 0.619375 0.47375 0.63875 0.47375 0.64125 0.47062499999999996
2 0.446875 0.865 0.445 0.865 0.445625 0.868125 0.448125 0.865625 0.446875 0.865
2 0.45875000000000005 0.865625 0.4575 0.8631249999999999 0.45062499999999994 0.865 0.449375 0.865625 0.45187499999999997 0.868125 0.4575 0.8675 0.45875000000000005 0.865625
2 0.445625 0.86 0.45875000000000005 0.8612500000000001 0.45999999999999996 0.858125 0.45625 0.85375 0.45625 0.849375 0.460625 0.845 0.45999999999999996 0.81375 0.453125 0.8074999999999999 0.4375 0.804375 0.44312500000000005 0.8262499999999999 0.4425 0.8525 0.445 0.8550000000000001 0.445625 0.86
2 0.365625 0.803125 0.0015625 0.00078125
2 0.344375 0.8143750000000001 0.35125 0.8143750000000001 0.35375 0.811875 0.35812499999999997 0.81375 0.351875 0.8087500000000001 0.3525 0.8025 0.34562499999999996 0.8025 0.343125 0.80625 0.338125 0.806875 0.33625 0.8106249999999999 0.338125 0.8143750000000001 0.33999999999999997 0.81125 0.344375 0.8143750000000001
2 0.38125 0.8162499999999999 0.410625 0.8074999999999999 0.42374999999999996 0.805625 0.42750000000000005 0.8025 0.3825 0.8006249999999999 0.37625000000000003 0.805 0.365 0.8081250000000001 0.365 0.8106249999999999 0.36 0.81375 0.365 0.8162499999999999 0.38125 0.8162499999999999
2 0.3725 0.796875 0.374375 0.796875 0.37374999999999997 0.795625 0.3725 0.796875
2 0.38984375 0.79375 0.00078125 0.00234375
2 0.4078125 0.78984375 0.00234375 0.00078125
2 0.39375 0.684375 0.00078125 0.0015625
2 0.056874999999999995 0.25 0.056874999999999995 0.35562499999999997 0.058125 0.375625 0.063125 0.379375 0.07375000000000001 0.379375 0.0775 0.3775 0.083125 0.379375 0.0875 0.37687499999999996 0.11937500000000001 0.37687499999999996 0.12562500000000001 0.375 0.165625 0.374375 0.21125 0.37 0.22312500000000002 0.37124999999999997 0.26437499999999997 0.366875 0.28312499999999996 0.3675 0.37687499999999996 0.3625 0.41312499999999996 0.36 0.418125 0.35625 0.414375 0.275 0.41624999999999995 0.258125 0.415625 0.238125 0.41375 0.23125 0.39375 0.22999999999999998 0.39 0.2225 0.395 0.209375 0.40750000000000003 0.209375 0.410625 0.21125 0.41375 0.209375 0.41312499999999996 0.18375 0.415625 0.17124999999999999 0.414375 0.144375 0.39 0.145625 0.38687499999999997 0.143125 0.37 0.143125 0.365625 0.146875 0.36124999999999996 0.144375 0.340625 0.143125 0.33125 0.145625 0.32 0.143125 0.258125 0.143125 0.240625 0.145625 0.096875 0.144375 0.058125 0.145625 0.056874999999999995 0.14875 0.055625 0.16499999999999998 0.058125 0.17875000000000002 0.058750000000000004 0.21937500000000001 0.056874999999999995 0.25
2 0.395625 0.6956249999999999 0.39625 0.6825 0.381875 0.6799999999999999 0.379375 0.683125 0.379375 0.690625 0.37687499999999996 0.696875 0.37687499999999996 0.70875 0.38375 0.70875 0.38687499999999997 0.7068749999999999 0.395625 0.6956249999999999
2 0.17124999999999999 0.7424999999999999 0.174375 0.73 0.174375 0.723125 0.171875 0.716875 0.160625 0.711875 0.150625 0.714375 0.145625 0.7224999999999999 0.144375 0.735625 0.148125 0.743125 0.16875 0.744375 0.17124999999999999 0.7424999999999999
2 0.445625 0.18812500000000001 0.45375 0.190625 0.45875000000000005 0.18812500000000001 0.45999999999999996 0.178125 0.4575 0.174375 0.460625 0.171875 0.460625 0.16499999999999998 0.45562500000000006 0.15687500000000001 0.45187499999999997 0.15625 0.449375 0.16 0.449375 0.17124999999999999 0.445 0.1775 0.445 0.185 0.445625 0.18812500000000001
2 0.44437499999999996 0.26749999999999996 0.44437499999999996 0.35562499999999997 0.446875 0.359375 0.48125 0.359375 0.484375 0.356875 0.500625 0.356875 0.5081249999999999 0.36 0.565625 0.35812499999999997 0.6068749999999999 0.359375 0.6125 0.35625 0.61625 0.359375 0.623125 0.359375 0.625625 0.35750000000000004 0.63625 0.36 0.709375 0.36 0.7125 0.35812499999999997 0.815625 0.359375 0.815625 0.215625 0.81375 0.21000000000000002 0.81375 0.198125 0.8143750000000001 0.178125 0.8162499999999999 0.175625 0.8162499999999999 0.146875 0.81375 0.143125 0.74125 0.140625 0.7 0.144375 0.60375 0.144375 0.58875 0.141875 0.5725 0.141875 0.5662499999999999 0.13999999999999999 0.5625 0.13625 0.5525 0.13625 0.551875 0.141875 0.54625 0.144375 0.54 0.143125 0.524375 0.145625 0.514375 0.143125 0.46624999999999994 0.143125 0.46375 0.145625 0.46375 0.155 0.46749999999999997 0.160625 0.46875 0.16999999999999998 0.47375 0.175625 0.476875 0.1975 0.48187499999999994 0.20625 0.48312499999999997 0.21812499999999999 0.46624999999999994 0.21875 0.46375 0.216875 0.46312499999999995 0.206875 0.45875000000000005 0.205625 0.45625 0.20812499999999998 0.4525 0.20125 0.44875 0.20187499999999997 0.445625 0.2 0.44437499999999996 0.20249999999999999 0.445 0.24625 0.44437499999999996 0.258125 0.4425 0.26187499999999997 0.44437499999999996 0.26749999999999996
2 0.615625 0.51125 0.623125 0.5131249999999999 0.6675 0.5131249999999999 0.7725 0.51125 0.77125 0.505 0.759375 0.501875 0.704375 0.503125 0.6825 0.50125 0.6287499999999999 0.503125 0.595 0.50125 0.58375 0.5037499999999999 0.56875 0.50125 0.55 0.5037499999999999 0.5431250000000001 0.501875 0.51375 0.501875 0.5081249999999999 0.5037499999999999 0.489375 0.504375 0.4875 0.50625 0.48624999999999996 0.509375 0.48875 0.51125 0.50625 0.5118750000000001 0.615625 0.51125
2 0.840625 0.49312500000000004 0.843125 0.499375 0.843125 0.50125 0.836875 0.50625 0.8237500000000001 0.506875 0.8237500000000001 0.51125 0.8275 0.514375 0.8481249999999999 0.514375 0.8556250000000001 0.51125 0.8631249999999999 0.514375 0.8887499999999999 0.51375 0.889375 0.51125 0.88375 0.5075000000000001 0.8787499999999999 0.49625 0.88125 0.48312499999999997 0.8793749999999999 0.479375 0.875 0.476875 0.866875 0.47375 0.8418749999999999 0.47625 0.838125 0.478125 0.82875 0.47562499999999996 0.8225 0.480625 0.82125 0.484375 0.8243750000000001 0.4875 0.82875 0.4875 0.840625 0.49312500000000004
2 0.19921875 0.48359375 0.0015625 0.0015625
2 0.27625 0.480625 0.27875 0.48312499999999997 0.27999999999999997 0.480625 0.27625 0.480625
2 0.12562500000000001 0.670625 0.12375 0.678125 0.125 0.684375 0.129375 0.689375 0.1375 0.690625 0.140625 0.686875 0.141875 0.68875 0.148125 0.685625 0.15 0.689375 0.15 0.704375 0.15375 0.713125 0.146875 0.71875 0.144375 0.73 0.144375 0.7375 0.14625 0.7418750000000001 0.14937499999999998 0.743125 0.168125 0.743125 0.171875 0.739375 0.173125 0.7224999999999999 0.16625 0.713125 0.16625 0.70875 0.16875 0.7056250000000001 0.176875 0.69875 0.185 0.6956249999999999 0.19125 0.689375 0.2 0.685625 0.206875 0.67875 0.216875 0.675 0.220625 0.670625 0.22999999999999998 0.665625 0.23875000000000002 0.665 0.24375 0.660625 0.254375 0.660625 0.2575 0.6625 0.268125 0.6625 0.2725 0.665 0.27625 0.670625 0.280625 0.6725 0.294375 0.6725 0.3025 0.6643749999999999 0.3025 0.64625 0.3 0.64 0.29312499999999997 0.6368750000000001 0.29562499999999997 0.631875 0.29312499999999997 0.6174999999999999 0.28125 0.61625 0.27125 0.618125 0.248125 0.6287499999999999 0.24625 0.625625 0.244375 0.6068749999999999 0.24562499999999998 0.504375 0.263125 0.5 0.27749999999999997 0.50125 0.291875 0.49749999999999994 0.299375 0.49749999999999994 0.304375 0.49437499999999995 0.308125 0.49437499999999995 0.31 0.496875 0.315625 0.495 0.34187500000000004 0.49437499999999995 0.350625 0.49124999999999996 0.350625 0.485 0.33625 0.479375 0.330625 0.479375 0.32437499999999997 0.485 0.319375 0.48312499999999997 0.304375 0.489375 0.26437499999999997 0.49000000000000005 0.2625 0.491875 0.236875 0.4925 0.23625 0.495 0.2125 0.495 0.20812499999999998 0.49124999999999996 0.18937500000000002 0.48875 0.18375 0.48125 0.171875 0.48125 0.16375 0.48375 0.16312500000000002 0.4875 0.16625 0.49124999999999996 0.179375 0.495 0.1875 0.50125 0.19875 0.504375 0.21875 0.504375 0.220625 0.506875 0.22000000000000003 0.63 0.205 0.63375 0.1925 0.63375 0.18937500000000002 0.631875 0.1375 0.631875 0.13187500000000002 0.635 0.13187500000000002 0.654375 0.1375 0.660625 0.1325 0.663125 0.12562500000000001 0.670625
2 0.1875 0.480625 0.193125 0.480625 0.18812500000000001 0.479375 0.1875 0.480625
2 0.209375 0.476875 0.2125 0.47625 0.21000000000000002 0.47562499999999996 0.209375 0.476875
2 0.28500000000000003 0.47125000000000006 0.27875 0.471875 0.27749999999999997 0.473125 0.281875 0.476875 0.286875 0.473125 0.28500000000000003 0.47125000000000006
2 0.234375 0.485 0.2375 0.49000000000000005 0.24312499999999998 0.485 0.25 0.484375 0.25187499999999996 0.47874999999999995 0.256875 0.479375 0.26187499999999997 0.484375 0.26625 0.484375 0.268125 0.48187499999999994 0.26625 0.47562499999999996 0.26875 0.473125 0.254375 0.473125 0.25187499999999996 0.47062499999999996 0.24625 0.473125 0.23125 0.471875 0.220625 0.476875 0.22000000000000003 0.484375 0.228125 0.485 0.230625 0.48312499999999997 0.234375 0.485
2 0.209375 0.471875 0.209375 0.46875 0.20750000000000002 0.47062499999999996 0.20125 0.46875 0.20125 0.47062499999999996 0.209375 0.471875
2 0.2425 0.46125 0.240625 0.46125 0.240625 0.46375 0.24375 0.46312499999999995 0.2425 0.46125
2 0.22312500000000002 0.46125 0.22312500000000002 0.46375 0.22875 0.46312499999999995 0.22749999999999998 0.46125 0.22312500000000002 0.46125
2 0.2 0.465625 0.19437500000000002 0.465625 0.2 0.45999999999999996 0.19437500000000002 0.45875000000000005 0.191875 0.45375 0.18562499999999998 0.45562500000000006 0.185 0.46312499999999995 0.1875 0.465 0.18812500000000001 0.46875 0.2 0.465625
2 0.2375 0.4515625 0.0015625 0.0046875
2 0.25 0.465 0.2525 0.46312499999999995 0.24937499999999999 0.460625 0.25 0.4575 0.26125 0.458125 0.2625 0.46125 0.265625 0.46125 0.26749999999999996 0.4575 0.259375 0.448125 0.250625 0.449375 0.24874999999999997 0.45187499999999997 0.24562499999999998 0.4625 0.248125 0.46312499999999995 0.250625 0.46749999999999997 0.25 0.465
2 0.25 0.4375 0.24874999999999997 0.441875 0.25187499999999996 0.44437499999999996 0.254375 0.441875 0.25 0.4375
2 0.258125 0.436875 0.26 0.43187499999999995 0.2575 0.42625 0.258125 0.436875
2 0.184375 0.429375 0.1875 0.43125 0.18375 0.43499999999999994 0.1875 0.438125 0.1875 0.449375 0.196875 0.45062499999999994 0.19875 0.449375 0.198125 0.4425 0.20249999999999999 0.440625 0.205625 0.44312500000000005 0.20812499999999998 0.43937499999999996 0.20812499999999998 0.43499999999999994 0.205625 0.433125 0.206875 0.42750000000000005 0.19875 0.425 0.20249999999999999 0.42062499999999997 0.20125 0.4175 0.203125 0.41624999999999995 0.210625 0.415625 0.2125 0.418125 0.216875 0.41624999999999995 0.221875 0.421875 0.230625 0.4225 0.234375 0.42874999999999996 0.240625 0.43187499999999995 0.24500000000000002 0.43 0.250625 0.42374999999999996 0.2475 0.41875 0.253125 0.41937499999999994 0.255625 0.42125 0.255 0.42374999999999996 0.259375 0.415625 0.26437499999999997 0.42062499999999997 0.27 0.41624999999999995 0.27125 0.421875 0.26875 0.4225 0.26875 0.425 0.26187499999999997 0.433125 0.26437499999999997 0.43624999999999997 0.268125 0.4325 0.27125 0.43499999999999994 0.26875 0.43937499999999996 0.26875 0.445 0.26625 0.44749999999999995 0.27125 0.46624999999999994 0.285625 0.46749999999999997 0.28875 0.465 0.29312499999999997 0.46875 0.29312499999999997 0.438125 0.29125 0.436875 0.290625 0.425 0.286875 0.418125 0.290625 0.40062499999999995 0.286875 0.39375 0.2575 0.393125 0.2475 0.395 0.244375 0.39249999999999996 0.24375 0.385625 0.23937499999999998 0.383125 0.241875 0.381875 0.241875 0.37687499999999996 0.238125 0.375 0.22875 0.375 0.22125 0.379375 0.22312500000000002 0.383125 0.22312500000000002 0.393125 0.22000000000000003 0.398125 0.21749999999999997 0.39625 0.213125 0.398125 0.209375 0.39625 0.2 0.39625 0.19437500000000002 0.39875 0.18125 0.39875 0.18 0.40062499999999995 0.179375 0.414375 0.1825 0.42312500000000003 0.18625 0.425 0.184375 0.429375