2 0.5473568281250001 0.7087378640625001 0.5517621140625 0.68543689375 0.549559471875 0.6699029125 0.5319383265625001 0.6660194171875 0.524229075 0.6737864078125 0.523127753125 0.6990291265625 0.5275330390625 0.7106796109375 0.5374449343750001 0.71456310625 0.5473568281250001 0.7087378640625001
2 0.5077092515625 0.8582524265625 0.50220264375 0.862135921875 0.501101321875 0.877669903125 0.513215859375 0.8757281546875 0.51431718125 0.8660194171875 0.5077092515625 0.8582524265625
2 0.2577092515625 0.3456310671875 0.2577092515625 0.28737864062499996 0.2411894265625 0.28737864062499996 0.24008810625 0.3417475734375 0.24339207031250001 0.3514563109375 0.25 0.3533980578125 0.2577092515625 0.3456310671875
2 0.382158590625 0.9747572812499999 0.4394273125 0.972815534375 0.4394273125 0.96504854375 0.42951541875 0.9514563109375 0.4361233484375 0.9359223296874999 0.4317180609375 0.912621359375 0.43281938281250004 0.8990291265625 0.4256607921875 0.8990291265625 0.42180616718749997 0.9067961171875 0.41850220312499997 0.8990291265625 0.4207048453125 0.9145631062499999 0.4008810578125 0.9067961171875 0.39647577031250003 0.9145631062499999 0.3854625546875 0.9145631062499999 0.3832599125 0.92038835 0.3832599125 0.9436893203125001 0.39096916249999997 0.9514563109375 0.379955946875 0.966990290625 0.382158590625 0.9747572812499999
2 0.23898678437499998 0.2 0.23788546249999998 0.192233009375 0.22356828125 0.180582525 0.21585903125 0.192233009375 0.214757709375 0.20970873750000002 0.2191629953125 0.2213592234375 0.2312775328125 0.2213592234375 0.23898678437499998 0.2
2 0.5914096921875001 0.7300970875 0.5925110124999999 0.722330096875 0.6112334796875001 0.72038835 0.6101321578125 0.687378640625 0.6156387671875 0.67961165 0.6134361234375 0.6543689328125 0.583700440625 0.6466019421875 0.5781938328125 0.652427184375 0.5682819390625 0.6466019421875 0.5539647578125 0.6543689328125 0.5440528640625 0.6466019421875 0.5 0.6504854375 0.5 0.7242718453125 0.5473568281250001 0.7281553390625 0.5792951546875 0.722330096875 0.5914096921875001 0.7300970875
2 0.557268721875 0.332038834375 0.559471365625 0.3009708734375 0.53854625625 0.29514563125 0.5264317187499999 0.29902912656249997 0.52202643125 0.3087378640625 0.520925109375 0.3262135921875 0.525330396875 0.3417475734375 0.53854625625 0.3456310671875 0.557268721875 0.332038834375
2 0.7180616734374999 0.9300970875000001 0.7136563875 0.9223300968749999 0.6993392078125 0.9242718453125001 0.6982378859375 0.9300970875000001 0.7026431718749999 0.9242718453125001 0.7048458156249999 0.9300970875000001 0.7180616734374999 0.9300970875000001
2 0.59471365625 0.9300970875000001 0.6101321578125 0.932038834375 0.607929515625 0.9281553390624999 0.59471365625 0.9300970875000001
2 0.6982378859375 0.5572815531249999 0.6982378859375 0.56504854375 0.71585903125 0.56504854375 0.7147577093749999 0.5572815531249999 0.6982378859375 0.5572815531249999
2 0.5984375 0.34375 0.00078125 0.00390625
2 0.572687225 0.35533980625 0.5848017624999999 0.3533980578125 0.5881057265625 0.339805825 0.5914096921875001 0.3436893203125 0.5881057265625 0.29514563125 0.5803964749999999 0.28737864062499996 0.5781938328125 0.29514563125 0.569383259375 0.29514563125 0.569383259375 0.3533980578125 0.572687225 0.35533980625
2 0.321585903125 0.339805825 0.3248898671875 0.31456310625 0.3149779734375 0.29708737812499997 0.2896475765625 0.29514563125 0.2907488984375 0.3281553390625 0.299559471875 0.3436893203125 0.3138766515625 0.3456310671875 0.321585903125 0.339805825
2 0.1894273125 0.46407767031249997 0.200440528125 0.4466019421875 0.1938325984375 0.4233009703125 0.1861233484375 0.4135922328125 0.176211453125 0.41165048593750003 0.164096915625 0.4310679609375 0.1651982375 0.4407766984375 0.1607929515625 0.4504854375 0.180616740625 0.462135921875 0.1894273125 0.46407767031249997
2 0.1993392078125 0.56504854375 0.212555065625 0.56504854375 0.21145374375 0.5611650484374999 0.1993392078125 0.56504854375
2 0.621145375 0.56504854375 0.6398678421875 0.56504854375 0.6222466953125 0.5611650484374999 0.621145375 0.56504854375
2 0.607929515625 0.0737864078125 0.60682819375 0.21941747500000003 0.666299559375 0.21941747500000003 0.666299559375 0.0737864078125 0.607929515625 0.0737864078125
2 0.24296875 0.33984375 0.00078125 0.0078125
2 0.2588105734375 0.3514563109375 0.27202643125 0.3533980578125 0.27643171875 0.32038835 0.283039646875 0.3281553390625 0.2819383265625 0.31456310625 0.274229075 0.3067961171875 0.274229075 0.28737864062499996 0.26431718125 0.28737864062499996 0.2555066078125 0.29902912656249997 0.2566079296875 0.3087378640625 0.25220264375 0.31067961093749996 0.2588105734375 0.32038835 0.2588105734375 0.3514563109375
2 0.524229075 0.56504854375 0.5363436125 0.56504854375 0.5352422906250001 0.5611650484374999 0.524229075 0.56504854375
2 0.07929515468750001 0.49902912656250004 0.07929515468750001 0.5203883499999999 0.0881057265625 0.5203883499999999 0.0903083703125 0.502912621875 0.07929515468750001 0.49902912656250004
2 0.6607929515625 0.5572815531249999 0.6596916296875001 0.56504854375 0.6751101328125 0.563106796875 0.6751101328125 0.5572815531249999 0.6607929515625 0.5572815531249999
2 0.7301762109375 0.5572815531249999 0.726872246875 0.56504854375 0.7422907484375 0.563106796875 0.7411894265625001 0.5572815531249999 0.7301762109375 0.5572815531249999
2 0.598017621875 0.3533980578125 0.60462555 0.3417475734375 0.6024229078125 0.3339805828125 0.607929515625 0.3281553390625 0.605726871875 0.32427184531250003 0.6090308375 0.32038835 0.60462555 0.3184466015625 0.60462555 0.31067961093749996 0.6090308375 0.3097087375 0.6090308375 0.29902912656249997 0.6024229078125 0.29902912656249997 0.60462555 0.28737864062499996 0.5991189421875001 0.28543689375 0.5914096921875001 0.28543689375 0.585903084375 0.29514563125 0.5892070484375 0.32427184531250003 0.5848017624999999 0.3359223296875 0.5914096921875001 0.3514563109375 0.598017621875 0.3533980578125
2 0.549559471875 0.332038834375 0.549559471875 0.31067961093749996 0.5418502203125 0.29902912656249997 0.5297356828125 0.29902912656249997 0.52202643125 0.31067961093749996 0.52202643125 0.332038834375 0.5275330390625 0.3436893203125 0.5418502203125 0.3436893203125 0.549559471875 0.332038834375
2 0.3292951546875 0.2213592234375 0.3259911890625 0.16504854375 0.3292951546875 0.14368932031249998 0.3292951546875 0.09514563125 0.3259911890625 0.0563106796875 0.1387665203125 0.05436893281250001 0.06938325937499999 0.1009708734375 0.06828193906249999 0.1087378640625 0.1332599125 0.18446601875 0.1343612328125 0.2213592234375 0.3292951546875 0.2213592234375
2 0.24339207031250001 0.972815534375 0.24008810625 0.96504854375 0.2345814984375 0.966990290625 0.2345814984375 0.972815534375 0.23898678437499998 0.966990290625 0.24339207031250001 0.972815534375
2 0.1894273125 0.9572815531250001 0.1839207046875 0.9572815531250001 0.1839207046875 0.96504854375 0.1960352421875 0.9631067968749999 0.1894273125 0.9572815531250001
2 0.1332599125 0.87961165 0.1244493390625 0.877669903125 0.11784140937500001 0.8834951453125001 0.11563876718749999 0.8990291265625 0.1244493390625 0.9087378640624999 0.1376651984375 0.9106796109375 0.1376651984375 0.9553398062499999 0.1255506609375 0.9611650484375 0.1244493390625 0.972815534375 0.1303226875 0.972815534375 0.129955946875 0.9631067968749999 0.1354625546875 0.9631067968749999 0.1361971359375 0.972815534375 0.142070484375 0.972815534375 0.14757709218749998 0.92038835 0.1839207046875 0.92038835 0.1839207046875 0.9378640781250001 0.188325990625 0.9417475734374999 0.1993392078125 0.9359223296874999 0.24449339218750002 0.9339805828125 0.2918502203125 0.9417475734374999 0.297356828125 0.939805825 0.29845815 0.92038835 0.3182819390625 0.92038835 0.321585903125 0.9553398062499999 0.33149779687500003 0.972815534375 0.355726871875 0.972815534375 0.35462555 0.9611650484375 0.3281938328125 0.9592233015625 0.330396475 0.9106796109375 0.3381057265625 0.8912621359375 0.348017621875 0.8873786406249999 0.35132158593749996 0.877669903125 0.3491189421875 0.8660194171875 0.335903084375 0.862135921875 0.33480176250000004 0.8504854375 0.3381057265625 0.84466019375 0.355726871875 0.842718446875 0.355726871875 0.8310679609375 0.348017621875 0.8213592234375 0.335903084375 0.8233009703124999 0.33370044062500004 0.8 0.3160792953125 0.807766990625 0.274229075 0.807766990625 0.2665198234375 0.7689320390625001 0.2566079296875 0.7650485437500001 0.2555066078125 0.7359223296875 0.24008810625 0.7339805828125 0.23568281875000002 0.7359223296875 0.2334801765625 0.7456310671875 0.224669603125 0.747572815625 0.212555065625 0.8097087374999999 0.20814977968749998 0.8 0.20925110156249999 0.7766990296875 0.20594713593749997 0.7728155343750001 0.156387665625 0.7728155343750001 0.1530837 0.798058253125 0.142070484375 0.801941746875 0.1387665203125 0.817475728125 0.1266519828125 0.8213592234375 0.12224669531250001 0.8291262140625 0.12224669531250001 0.842718446875 0.1354625546875 0.8543689328124999 0.1354625546875 0.8737864078124999 0.1332599125 0.87961165
2 0.24669603593749997 0.5572815531249999 0.2323788546875 0.5572815531249999 0.2323788546875 0.563106796875 0.24669603593749997 0.563106796875 0.24669603593749997 0.5572815531249999
2 0.7323788546875 0.9242718453125001 0.7312775328125001 0.9281553390624999 0.73568281875 0.932038834375 0.7466960359375 0.9281553390624999 0.7323788546875 0.9242718453125001
2 0.20925110156249999 0.77475728125 0.15528634375 0.7728155343750001 0.15198237812499998 0.7786407765625001 0.154185021875 0.8116504859375 0.2103524234375 0.807766990625 0.20925110156249999 0.77475728125
2 0.6817180609375 0.236893203125 0.6828193828125 0.2213592234375 0.6674008812500001 0.21941747500000003 0.666299559375 0.0737864078125 0.60682819375 0.07572815468750001 0.60682819375 0.21941747500000003 0.5914096921875001 0.2213592234375 0.5914096921875001 0.23495145625 0.6817180609375 0.236893203125
2 0.7070484578125 0.16504854375 0.680616740625 0.16504854375 0.67951541875 0.1883495140625 0.71585903125 0.1883495140625 0.7213656390625001 0.17475728125 0.7070484578125 0.16504854375
2 0.5640625 0.56328125 0.0140625 0.00390625
2 0.5328125 0.93046875 0.015625 0.00390625
2 0.6134361234375 0.27961165 0.5 0.27961165 0.5 0.357281553125 0.5881057265625 0.357281553125 0.6145374453125 0.3514563109375 0.6134361234375 0.27961165
2 0.501101321875 0.48737864062499997 0.5 0.5067961171875 0.5088105734374999 0.5106796109375 0.513215859375 0.49126213593749996 0.501101321875 0.48737864062499997
2 0.572687225 0.6543689328125 0.572687225 0.72038835 0.585903084375 0.72038835 0.583700440625 0.6582524265624999 0.572687225 0.6543689328125
2 0.261013215625 0.2135922328125 0.2907488984375 0.207766990625 0.29845815 0.1961165046875 0.307268721875 0.16504854375 0.307268721875 0.139805825 0.29845815 0.1106796109375 0.2907488984375 0.0990291265625 0.274229075 0.0912621359375 0.25220264375 0.1009708734375 0.2411894265625 0.12038835 0.23788546249999998 0.13786407812499998 0.23568281875000002 0.15533980625 0.2411894265625 0.1883495140625 0.251101321875 0.20582524218749998 0.261013215625 0.2135922328125
2 0.39647577031250003 0.9572815531250001 0.39757709218750004 0.947572815625 0.40418502187499994 0.9456310671875 0.40528634375 0.9572815531250001 0.4339207046875 0.9611650484375 0.42951541875 0.9514563109375 0.43502202656250005 0.9417475734374999 0.43502202656250005 0.9184466015625 0.4317180609375 0.912621359375 0.4339207046875 0.8990291265625 0.426211453125 0.8990291265625 0.42180616718749997 0.9067961171875 0.41850220312499997 0.8990291265625 0.42290748906250003 0.912621359375 0.41960352500000003 0.9184466015625 0.4074889875 0.9067961171875 0.3843612328125 0.9165048546874999 0.3832599125 0.9436893203125001 0.38876652031250003 0.9456310671875 0.38986784218750004 0.9572815531250001 0.39647577031250003 0.9572815531250001
2 0.5528634359375 0.6990291265625 0.55837004375 0.697087378125 0.559471365625 0.6660194171875 0.5396475765625001 0.6640776703125 0.525330396875 0.6699029125 0.52202643125 0.697087378125 0.5297356828125 0.712621359375 0.54845815 0.7106796109375 0.5528634359375 0.6990291265625
2 0.5 0.2116504859375 0.49779735625 0.2233009703125 0.54625550625 0.2213592234375 0.5396475765625001 0.21553398124999998 0.54625550625 0.207766990625 0.5451541843750001 0.1786407765625 0.520925109375 0.1689320390625 0.5198237890625 0.1766990296875 0.50991189375 0.180582525 0.50991189375 0.16504854375 0.4966960359375 0.16504854375 0.49889867812500005 0.1766990296875 0.4944933921875 0.180582525 0.4933920703125 0.20582524218749998 0.5 0.2116504859375
2 0.6013215859375001 0.667961165625 0.6101321578125 0.6640776703125 0.6013215859375001 0.6543689328125 0.5892070484375 0.6563106796875 0.5881057265625 0.7184466015625001 0.6002202640625 0.72038835 0.605726871875 0.7087378640625001 0.6013215859375001 0.667961165625
2 0.559471365625 0.9242718453125001 0.55837004375 0.932038834375 0.5748898671875 0.932038834375 0.573788546875 0.9242718453125001 0.559471365625 0.9242718453125001
2 0.23898678437499998 0.35533980625 0.3425110125 0.3533980578125 0.3414096921875 0.277669903125 0.2301762109375 0.27961165 0.22797356875000002 0.3417475734375 0.2301762109375 0.3456310671875 0.23568281875000002 0.339805825 0.23898678437499998 0.35533980625