2 0.4266666671875 0.4516666671875 0.43666666718749997 0.44666666718750003 0.44333333281250004 0.4516666671875 0.4516666671875 0.4483333328125 0.44666666718750003 0.44166666718750003 0.43499999999999994 0.44166666718750003 0.44166666718750003 0.43166666718749996 0.45999999999999996 0.43666666718749997 0.46166666718749994 0.4566666671875 0.4716666671875 0.4566666671875 0.4783333328125 0.4483333328125 0.4766666671875 0.44000000000000006 0.465 0.44166666718750003 0.4766666671875 0.4266666671875 0.45999999999999996 0.4016666671875 0.44166666718750003 0.4016666671875 0.4266666671875 0.40833333281249995 0.4183333328125 0.425 0.43 0.43 0.425 0.43666666718749997 0.4166666671875 0.43666666718749997 0.4266666671875 0.4516666671875
2 0.28515625 0.6109375 0.003125 0.0015625
2 0.32 0.6216666671875 0.335 0.605 0.33166666718750004 0.5883333328125 0.3166666671875 0.5783333328125 0.2966666671875 0.5816666671874999 0.2883333328125 0.5916666671875 0.2866666671875 0.6066666671875 0.29333333281249996 0.6166666671875001 0.305 0.6216666671875 0.32 0.6216666671875
2 0.1183333328125 0.7366666671875 0.12166666718750001 0.75 0.1166666671875 0.7666666671875 0.11499999999999999 0.875 0.10833333281249999 0.9316666671875 0.10833333281249999 0.9483333328124999 0.11499999999999999 0.9583333328125001 0.11499999999999999 0.9916666671875 0.1233333328125 0.9816666671875 0.1316666671875 0.9866666671875001 0.125 0.9916666671875 0.135 0.9916666671875 0.1366666671875 0.9616666671875 0.1316666671875 0.9550000000000001 0.1316666671875 0.9383333328125 0.1416666671875 0.9349999999999999 0.14666666718750002 0.9266666671875001 0.14666666718750002 0.9033333328125 0.13999999999999999 0.8816666671875 0.14666666718750002 0.8516666671875001 0.1416666671875 0.8333333328125001 0.1416666671875 0.6433333328125 0.1583333328125 0.6383333328125 0.4566666671875 0.6383333328125 0.46166666718749994 0.6433333328125 0.46166666718749994 0.6799999999999999 0.4566666671875 0.6916666671875 0.4516666671875 0.8 0.44666666718750003 0.8066666671875 0.44333333281250004 0.85 0.44666666718750003 0.9216666671875 0.46666666718750005 0.9216666671875 0.46666666718750005 0.8966666671875 0.48166666718749995 0.8949999999999999 0.48166666718749995 0.9116666671875 0.48666666718749996 0.915 0.48166666718749995 0.9199999999999999 0.48166666718749995 0.9416666671874999 0.48666666718749996 0.9466666671875 0.48166666718749995 0.9666666671874999 0.4916666671875 0.9866666671875001 0.5116666671875 0.9866666671875001 0.5166666671875 0.9666666671874999 0.5133333328125 0.9566666671874999 0.5 0.945 0.5016666671875 0.8866666671875001 0.4966666671875 0.875 0.4766666671875 0.625 0.4766666671875 0.5366666671875 0.4566666671875 0.54 0.4583333328125 0.5866666671874999 0.425 0.5816666671874999 0.3916666671875 0.5866666671874999 0.3266666671875 0.5833333328125 0.3166666671875 0.5783333328125 0.2916666671875 0.585 0.1766666671875 0.5833333328125 0.16499999999999998 0.5866666671874999 0.1583333328125 0.6016666671875 0.15 0.6066666671875 0.1416666671875 0.605 0.1433333328125 0.5366666671875 0.1266666671875 0.5366666671875 0.1266666671875 0.6366666671875 0.12166666718750001 0.6766666671875 0.125 0.6933333328125 0.1183333328125 0.7366666671875
2 0.5 0.40499999999999997 0.4966666671875 0.4166666671875 0.5133333328125 0.4166666671875 0.5133333328125 0.4066666671875 0.5 0.40499999999999997
2 0.07666666718750001 0.465 0.0816666671875 0.46166666718749994 0.0816666671875 0.4483333328125 0.075 0.4183333328125 0.06833333281250001 0.41166666718749995 0.045 0.41166666718749995 0.031666667187500004 0.4183333328125 0.031666667187500004 0.46666666718750005 0.0466666671875 0.4716666671875 0.07666666718750001 0.465
2 0.4483333328125 0.9016666671875001 0.44666666718750003 0.9083333328125001 0.4566666671875 0.9199999999999999 0.4566666671875 0.9066666671875 0.4483333328125 0.9016666671875001
2 0.45499999999999996 0.8833333328125 0.45999999999999996 0.8783333328125 0.4483333328125 0.8783333328125 0.4483333328125 0.8966666671875 0.4533333328125 0.8983333328124999 0.46166666718749994 0.8933333328125 0.45499999999999996 0.8833333328125
2 0.48666666718749996 0.8716666671875 0.48166666718749995 0.8916666671875 0.48666666718749996 0.8949999999999999 0.485 0.9083333328125001 0.49000000000000005 0.915 0.48166666718749995 0.9366666671875 0.49000000000000005 0.9466666671875 0.48666666718749996 0.9800000000000001 0.495 0.9866666671875001 0.505 0.9866666671875001 0.5133333328125 0.9816666671875 0.5133333328125 0.9616666671875 0.5116666671875 0.9533333328125 0.4933333328125 0.9400000000000001 0.5016666671875 0.9366666671875 0.5016666671875 0.9266666671875001 0.4966666671875 0.8566666671875 0.48666666718749996 0.8433333328125 0.4916666671875 0.8283333328125 0.4783333328125 0.8283333328125 0.485 0.845 0.4783333328125 0.8666666671875 0.48666666718749996 0.8716666671875
2 0.5796875 0.46796875 0.003125 0.00703125
2 0.5866666671874999 0.4566666671875 0.5883333328125 0.48166666718749995 0.5916666671875 0.46666666718750005 0.5866666671874999 0.4566666671875
2 0.12 0.5283333328125 0.12833333281249998 0.5349999999999999 0.125 0.6816666671875 0.135 0.6933333328125 0.125 0.6966666671875 0.12166666718750001 0.7083333328125 0.12166666718750001 0.7766666671875 0.1166666671875 0.7933333328125001 0.1183333328125 0.8333333328125001 0.1116666671875 0.8866666671875001 0.1116666671875 0.9766666671875001 0.12166666718750001 0.9866666671875001 0.11499999999999999 0.99 0.12833333281249998 0.985 0.13333333281249998 0.9916666671875 0.1366666671875 0.9866666671875001 0.1366666671875 0.9666666671874999 0.12833333281249998 0.9550000000000001 0.12833333281249998 0.9383333328125 0.13333333281249998 0.93 0.1416666671875 0.9316666671875 0.14666666718750002 0.9216666671875 0.1416666671875 0.8983333328124999 0.1266666671875 0.885 0.135 0.8816666671875 0.135 0.8683333328125 0.1416666671875 0.8666666671875 0.1416666671875 0.8366666671875 0.135 0.8316666671874999 0.1416666671875 0.8233333328124999 0.1416666671875 0.6866666671874999 0.135 0.67 0.13999999999999999 0.6599999999999999 0.1366666671875 0.645 0.1416666671875 0.6383333328125 0.16999999999999998 0.6383333328125 0.1766666671875 0.6333333328124999 0.2066666671875 0.6366666671875 0.20833333281250002 0.6316666671875 0.215 0.6366666671875 0.24500000000000002 0.6366666671875 0.25 0.6266666671875 0.25666666718750003 0.6366666671875 0.2883333328125 0.6366666671875 0.29333333281249996 0.6316666671875 0.2966666671875 0.6366666671875 0.3233333328125 0.6333333328124999 0.3516666671875 0.6383333328125 0.365 0.6333333328124999 0.3883333328125 0.6383333328125 0.4583333328125 0.6383333328125 0.46166666718749994 0.7016666671875 0.4566666671875 0.7166666671875 0.4566666671875 0.775 0.4516666671875 0.7866666671875 0.45499999999999996 0.7975 0.46166666718749994 0.7983333328125 0.4516666671875 0.8099999999999999 0.45499999999999996 0.8133333328125 0.44666666718750003 0.8316666671874999 0.4483333328125 0.8666666671875 0.4566666671875 0.8699999999999999 0.46166666718749994 0.8275 0.4516666671875 0.8266666671875 0.4516666671875 0.8216666671875 0.46166666718749994 0.8133333328125 0.49000000000000005 0.8066666671875 0.48166666718749995 0.8066666671875 0.49000000000000005 0.7958333328125 0.49000000000000005 0.7766666671875 0.4783333328125 0.675 0.4716666671875 0.5366666671875 0.4766666671875 0.5316666671875 0.5866666671874999 0.5316666671875 0.5916666671875 0.5266666671875 0.5883333328125 0.5016666671875 0.545 0.4933333328125 0.545 0.4783333328125 0.5516666671875 0.4716666671875 0.5599999999999999 0.4716666671875 0.5549999999999999 0.47000000000000003 0.5633333328125001 0.4516666671875 0.5716666671875 0.44666666718750003 0.5733333328125 0.4516666671875 0.5866666671874999 0.45499999999999996 0.5916666671875 0.44666666718750003 0.5866666671874999 0.4033333328125 0.5916666671875 0.3783333328125 0.5866666671874999 0.335 0.5866666671874999 0.20166666718749998 0.54 0.1966666671875 0.5116666671875 0.2 0.0166666671875 0.1816666671875 0.0116666671875 0.1866666671875 0.0066666671875 0.315 0.0033333328125 0.5233333328125 0.0066666671875 0.5283333328125 0.031666667187500004 0.5316666671875 0.12 0.5283333328125
2 0.3466666671875 0.3883333328125 0.33166666718750004 0.3916666671875 0.335 0.3966666671875 0.3466666671875 0.3966666671875 0.3466666671875 0.3883333328125
2 0.1433333328125 0.3783333328125 0.1316666671875 0.3966666671875 0.1316666671875 0.4266666671875 0.13999999999999999 0.425 0.1366666671875 0.41166666718749995 0.1516666671875 0.38333333281250004 0.161374696875 0.38564476875000003 0.1583333328125 0.375 0.1433333328125 0.3783333328125
2 0.16999999999999998 0.375 0.17333333281250002 0.3866666671875 0.1656666671875 0.3866666671875 0.1866666671875 0.3916666671875 0.1916666671875 0.3966666671875 0.1933333328125 0.425 0.20166666718749998 0.4266666671875 0.20166666718749998 0.4 0.1816666671875 0.375 0.16999999999999998 0.375
2 0.4716666671875 0.4216666671875 0.46666666718750005 0.43666666718749997 0.476212121875 0.439848484375 0.4716666671875 0.4216666671875
2 0.4683333328125 0.45499999999999996 0.4783333328125 0.4483333328125 0.47637930937500006 0.4405172421875 0.4683333328125 0.45499999999999996
2 0.925 0.46666666718750005 0.9216666671875 0.45499999999999996 0.9333333328125001 0.4533333328125 0.9416666671874999 0.45999999999999996 0.9416666671874999 0.4183333328125 0.8966666671875 0.3916666671875 0.8866666671875001 0.3916666671875 0.8716666671875 0.4016666671875 0.8699999999999999 0.45499999999999996 0.8766666671875001 0.46166666718749994 0.9099999999999999 0.4716666671875 0.925 0.46666666718750005
2 0.29500000000000004 0.6166666671875001 0.3016666671875 0.6216666671875 0.3183333328125 0.6216666671875 0.3266666671875 0.6166666671875001 0.43166666718749996 0.6166666671875001 0.4566666671875 0.61 0.45999999999999996 0.6016666671875 0.4566666671875 0.5883333328125 0.445 0.5816666671874999 0.18 0.5816666671874999 0.1583333328125 0.5916666671875 0.1566666671875 0.605 0.1616666671875 0.6116666671875 0.1866666671875 0.62 0.29500000000000004 0.6166666671875001
2 0.5916666671875 0.32166666718750003 0.585 0.2 0.0166666671875 0.1816666671875 0.0116666671875 0.1866666671875 0.0083333328125 0.2416666671875 0.0033333328125 0.5266666671875 0.0116666671875 0.5316666671875 0.5916666671875 0.5283333328125 0.5916666671875 0.32166666718750003