2 0.284375 0.98671875 0.003125 0.00703125
2 0.2728758171875 0.9901960781250001 0.27777777812500004 0.9926470593750001 0.27450980468749997 0.9828431375 0.2728758171875 0.9901960781250001
2 0.348039215625 0.9975490203125 0.3529411765625 0.9901960781250001 0.35620915000000003 0.9975490203125 0.3594771234375 0.9926470593750001 0.321895425 0.973039215625 0.30228758125 0.9779411765624999 0.2990196078125 0.9975490203125 0.33986928125000004 0.9975490203125 0.3447712421875 0.9877450984375 0.348039215625 0.9975490203125
2 0.5735294125 0.5416666671875 0.560457515625 0.5073529406249999 0.5326797390625 0.509803921875 0.5310457515625 0.5171568625 0.527777778125 0.563725490625 0.5555555562500001 0.5661764703125 0.5686274515624999 0.5416666671875 0.5735294125 0.5416666671875
2 0.5571895421875 0 0.5571895421875 0.0294117640625 0.5245098046875001 0.08823529375 0.5228758171875 0.098039215625 0.5326797390625 0.1127450984375 0.5245098046875001 0.11519607812499999 0.5392156859375 0.169117646875 0.5392156859375 0.188725490625 0.5506535953125 0.188725490625 0.560457515625 0.203431371875 0.560457515625 0.2205882359375 0.5473856203125 0.2279411765625 0.5571895421875 0.2818627453125 0.5686274515624999 0.28431372499999996 0.6045751640625 0.26960784375 0.687908496875 0.1936274515625 0.687908496875 0.1813725484375 0.6764705875 0.1740196078125 0.668300653125 0.14460784375 0.6633986921874999 0.10294117656249999 0.6666666671875 0.098039215625 0.65849673125 0.0759803921875 0.6486928109375001 0 0.5571895421875 0
2 0.0032679734374999997 0 0 0.08333333281250001 0.01633986875 0.10294117656249999 0.014705882812500001 0.11519607812499999 0.0032679734374999997 0.11519607812499999 0 0.125 0 0.223039215625 0.008169934375 0.23039215624999998 0.008169934375 0.2450980390625 0 0.2647058828125 0.0065359484374999995 0.2892156859375 0 0.3063725484375 0.0032679734374999997 0.455882353125 0.10620915 0.4779411765625 0.215686275 0.4779411765625 0.2254901953125 0.46323529375000005 0.2205882359375 0.4509803921875 0.223856209375 0.44362745156249994 0.23529411718749998 0.438725490625 0.24019607812500002 0.44362745156249994 0.23692810468749997 0.4583333328125 0.241830065625 0.46568627500000004 0.26960784375 0.46568627500000004 0.2810457515625 0.4485294125 0.26797385625 0.438725490625 0.2614379078125 0.4240196078125 0.2908496734375 0.4240196078125 0.2908496734375 0.3970588234375 0.2614379078125 0.2818627453125 0.2647058828125 0.25 0.258169934375 0.242647059375 0.2647058828125 0.23039215624999998 0.258169934375 0.2205882359375 0.2483660125 0.134803921875 0.23202614375000002 0.0735294125 0.23202614375000002 0.044117646875 0.223856209375 0.007352940625 0.20588235312499997 0 0.0032679734374999997 0
2 0.48202614375 0.46568627500000004 0.48202614375 0.490196078125 0.490196078125 0.490196078125 0.49509803906250005 0.4705882359375 0.48202614375 0.46568627500000004
2 0.44281045781249995 0.4681372546875 0.44281045781249995 0.49264705937500003 0.46568627500000004 0.49264705937500003 0.46241830000000006 0.4681372546875 0.44281045781249995 0.4681372546875
2 0.544117646875 0.5 0.563725490625 0.5049019609375 0.560457515625 0.48039215625000004 0.542483659375 0.4485294125 0.5114379078125 0.4485294125 0.508169934375 0.490196078125 0.5294117640625 0.48774509843749997 0.5359477125 0.509803921875 0.544117646875 0.5
2 0.60620915 0.47303921562499995 0.6176470593750001 0.4681372546875 0.6176470593750001 0.4240196078125 0.5653594765625 0.421568628125 0.560457515625 0.42892156875 0.578431371875 0.453431371875 0.5931372546875 0.455882353125 0.60620915 0.47303921562499995
2 0.48202614375 0.3700980390625 0.490196078125 0.3700980390625 0.4852941171875 0.33823529375 0.48202614375 0.3700980390625
2 0.671568628125 0.9681372546875 0.6764705875 0.9877450984375 0.671568628125 0.9926470593750001 0.741830065625 0.9950980390625 0.6797385625000001 0.8529411765624999 0.6748366015625 0.85539215625 0.6666666671875 0.8921568625 0.671568628125 0.953431371875 0.6764705875 0.953431371875 0.671568628125 0.9681372546875
2 0.87581699375 0.9926470593750001 0.9068627453125 0.9975490203125 0.9166666671874999 0.9926470593750001 0.9133986921874999 0.7990196078125 0.8921568625 0.7892156859375 0.8856209156249999 0.828431371875 0.8888888890625 0.9044117640625 0.8839869281249999 0.9142156859374999 0.8807189546874999 0.9828431375 0.87581699375 0.9926470593750001
2 0.83986928125 0.955882353125 0.846405228125 0.973039215625 0.84150326875 0.9485294124999999 0.8513071890624999 0.9411764703125 0.8431372546875 0.9289215687500001 0.8545751640624999 0.8897058828125 0.8594771234374999 0.7720588234375 0.83986928125 0.76960784375 0.8349673203125001 0.7745098046875001 0.8349673203125001 0.8088235296875 0.8431372546875 0.9142156859374999 0.83986928125 0.955882353125
2 0.7826797390625 0.9828431375 0.7826797390625 0.9926470593750001 0.810457515625 0.9926470593750001 0.810457515625 0.7745098046875001 0.76960784375 0.759803921875 0.76633986875 0.75 0.7826797390625 0.73039215625 0.7728758171875 0.7279411765625 0.707516340625 0.73039215625 0.6911764703125 0.7720588234375 0.687908496875 0.794117646875 0.6928104578125 0.8088235296875 0.7450980390625 0.9240196078125 0.7826797390625 0.9828431375
2 0.571895425 0.1004901953125 0.5767973859375 0.117647059375 0.580065359375 0.1495098046875 0.544117646875 0.1740196078125 0.560457515625 0.19607843125 0.560457515625 0.2254901953125 0.5490196078125 0.23039215624999998 0.560457515625 0.2794117640625 0.596405228125 0.27450980468749997 0.6127450984375 0.2647058828125 0.6421568625 0.24019607812500002 0.6503267968750001 0.2254901953125 0.687908496875 0.1985294125 0.7009803921875 0.17892156875 0.7271241828125 0.1666666671875 0.8839869281249999 0.0245098046875 0.87418300625 0.0171568625 0.8218954249999999 0.014705882812500001 0.813725490625 0.007352940625 0.758169934375 0 0.5571895421875 0.0024509796875 0.5571895421875 0.0416666671875 0.5245098046875001 0.1004901953125 0.527777778125 0.1078431375 0.571895425 0.1004901953125
2 0.258169934375 0.1004901953125 0.27777777812500004 0.151960784375 0.28431372499999996 0.15441176406249998 0.30228758125 0.188725490625 0.31535947656249996 0.1911764703125 0.3267973859375 0.1838235296875 0.3267973859375 0.1666666671875 0.313725490625 0.132352940625 0.30882352968750004 0.132352940625 0.2892156859375 0.098039215625 0.26797385625 0.0931372546875 0.2647058828125 0.07107843124999999 0.241830065625 0.0735294125 0.25 0.0759803921875 0.25 0.0931372546875 0.258169934375 0.1004901953125
2 0.385620915625 0 0.4052287578125 0.0318627453125 0.42973856250000003 0.117647059375 0.44934640468750003 0.0588235296875 0.45751634062499996 0 0.385620915625 0
2 0.22875817031249998 0 0.22875817031249998 0.014705882812500001 0.2630718953125 0.0294117640625 0.294117646875 0.05392156875 0.3267973859375 0.098039215625 0.3349673203125 0.098039215625 0.33823529375 0.08823529375 0.3267973859375 0.0514705875 0.3267973859375 0.0416666671875 0.3349673203125 0.0318627453125 0.34640522812499996 0.0490196078125 0.3513071890625 0.07107843124999999 0.36274509843749997 0.078431371875 0.37581699375 0.1004901953125 0.3888888890625 0.171568628125 0.39379084999999997 0.1740196078125 0.3888888890625 0.15441176406249998 0.4068627453125 0.1568627453125 0.40849673124999997 0.125 0.3888888890625 0.0490196078125 0.364379084375 0.009803921875 0.367647059375 0 0.22875817031249998 0
2 0.4234375 0.96484375 0.003125 0.00234375
2 0.36274509843749997 0.9485294124999999 0.3513071890625 0.9068627453125 0.348039215625 0.919117646875 0.3545751640625 0.9289215687500001 0.35620915000000003 0.9485294124999999 0.36274509843749997 0.9485294124999999
2 0.348039215625 0.8627450984375 0.34640522812499996 0.875 0.3513071890625 0.8774509796875 0.3513071890625 0.8578431375 0.348039215625 0.8627450984375
2 0.3578125 0.84453125 0.003125 0.00703125
2 0.35620915000000003 0.715686275 0.364379084375 0.7328431375 0.3594771234375 0.71323529375 0.35620915000000003 0.715686275
2 0.2990196078125 0.328431371875 0.30228758125 0.3529411765625 0.310457515625 0.36274509843749997 0.313725490625 0.5073529406249999 0.3071895421875 0.57107843125 0.310457515625 0.6299019609375 0.3071895421875 0.6813725484375001 0.30228758125 0.688725490625 0.30228758125 0.828431371875 0.2973856203125 0.9166666671874999 0.2908496734375 0.9485294124999999 0.2990196078125 0.9583333328125001 0.2908496734375 0.973039215625 0.294117646875 0.9975490203125 0.30228758125 0.9779411765624999 0.30228758125 0.96323529375 0.294117646875 0.9460784312499999 0.3071895421875 0.9411764703125 0.31535947656249996 0.85539215625 0.33169934687499997 0.8235294124999999 0.3267973859375 0.7990196078125 0.33986928125000004 0.7475490203125 0.3431372546875 0.7083333328125 0.3513071890625 0.6911764703125 0.348039215625 0.6764705875 0.3594771234375 0.60539215625 0.3594771234375 0.5661764703125 0.3545751640625 0.48039215625000004 0.3349673203125 0.3578431375 0.313725490625 0.28431372499999996 0.30555555624999997 0.26960784375 0.295751634375 0.27450980468749997 0.292483659375 0.2671568625 0.2973856203125 0.259803921875 0.2908496734375 0.26225490156250003 0.2908496734375 0.25 0.27450980468749997 0.23774509843749997 0.26960784375 0.2450980390625 0.2859477125 0.257352940625 0.30228758125 0.2990196078125 0.2990196078125 0.328431371875
2 0.2254901953125 0 0.23366013125 0.01960784375 0.2630718953125 0.0294117640625 0.2826797390625 0.0490196078125 0.3186274515625 0.044117646875 0.32516339843750003 0.034313725 0.349673203125 0.0245098046875 0.367647059375 0 0.2254901953125 0
2 0.41339869218749997 0.17892156875 0.40849673124999997 0.1764705875 0.4052287578125 0.20588235312499997 0.41339869218749997 0.1936274515625 0.40849673124999997 0.1911764703125 0.41339869218749997 0.17892156875
2 0.364379084375 0.08823529375 0.35620915000000003 0.08823529375 0.35620915000000003 0.098039215625 0.37254902031250003 0.10539215625000001 0.364379084375 0.08823529375
2 0.33169934687499997 0.10539215625000001 0.3349673203125 0.0955882359375 0.34640522812499996 0.10539215625000001 0.3431372546875 0.125 0.349673203125 0.134803921875 0.3594771234375 0.132352940625 0.3594771234375 0.1642156859375 0.367647059375 0.1740196078125 0.385620915625 0.1740196078125 0.3790849671875 0.14460784375 0.36274509843749997 0.15441176406249998 0.36274509843749997 0.1299019609375 0.3513071890625 0.10294117656249999 0.3513071890625 0.08333333281250001 0.34150326875000003 0.09068627500000001 0.328431371875 0.078431371875 0.33169934687499997 0.09068627500000001 0.3267973859375 0.098039215625 0.3333333328125 0.098039215625 0.33169934687499997 0.10539215625000001
2 0.3267973859375 0.2720588234375 0.3529411765625 0.2794117640625 0.3513071890625 0.215686275 0.34640522812499996 0.1985294125 0.3366013078125 0.188725490625 0.33986928125000004 0.17892156875 0.3267973859375 0.1740196078125 0.3202614375 0.1372549015625 0.295751634375 0.11519607812499999 0.2973856203125 0.10539215625000001 0.27777777812500004 0.078431371875 0.2450980390625 0.0661764703125 0.241830065625 0.0759803921875 0.26633986875 0.2205882359375 0.30228758125 0.2279411765625 0.3267973859375 0.2720588234375
2 0.3267973859375 0.0588235296875 0.3235294125 0.0661764703125 0.31535947656249996 0.05392156875 0.310457515625 0.0563725484375 0.310457515625 0.0686274515625 0.330065359375 0.0735294125 0.3267973859375 0.0588235296875
2 0.9346405234375 0.7573529406249999 0.9330065359375 0.7818627453125 0.9248366015625 0.7990196078125 0.921568628125 0.8725490203125 0.9411764703125 0.953431371875 0.9526143796875 0.9681372546875 0.957516340625 0.9068627453125 0.9950980390625 0.8995098046875001 0.9950980390625 0.8823529406249999 0.9918300656250001 0.875 0.9673202609375 0.8700980390625 0.957516340625 0.85539215625 0.954248365625 0.740196078125 0.9460784312499999 0.73039215625 0.9431372546875 0.6470588234375 0.9705882359375 0.64460784375 0.9411764703125 0.5392156859375 0.9411764703125 0.5245098046875001 0.9330065359375 0.5245098046875001 0.9297385625000001 0.534313725 0.9166666671874999 0.6127450984375 0.90849673125 0.6323529406249999 0.901960784375 0.69607843125 0.9264705875000001 0.703431371875 0.9264705875000001 0.7426470593750001 0.9346405234375 0.7573529406249999
2 0.9428104578125 0.5147058828125 0.9509803921875 0.5245098046875001 0.9493464046875 0.5049019609375 0.9428104578125 0.5147058828125
2 0.928125 0.70625 0.003125 0.0046875
2 0.8725490203125 0.6544117640625 0.8807189546874999 0.6200980390625 0.8807189546874999 0.590686275 0.8643790843750001 0.5931372546875 0.8545751640624999 0.598039215625 0.8545751640624999 0.6176470593750001 0.8643790843750001 0.6495098046875001 0.8725490203125 0.6544117640625
2 0.9705882359375 0.6470588234375 0.937908496875 0.5220588234375 0.9297385625000001 0.5318627453125 0.9133986921874999 0.6225490203125 0.90849673125 0.6274509796875 0.9052287578125 0.6666666671875 0.9150326796874999 0.6666666671875 0.9264705875000001 0.6470588234375 0.9705882359375 0.6470588234375
2 0.8839869281249999 0.5171568625 0.8807189546874999 0.526960784375 0.8921568625 0.5318627453125 0.89379085 0.5245098046875001 0.8839869281249999 0.5171568625
2 0.8984375 0.50859375 0.003125 0.0125
2 0.526143790625 0.223039215625 0.5473856203125 0.2205882359375 0.55228758125 0.1985294125 0.5392156859375 0.1985294125 0.5245098046875001 0.2181372546875 0.5049019609375 0.2254901953125 0.5032679734375 0.24019607812500002 0.5147058828125 0.24019607812500002 0.527777778125 0.2279411765625 0.526143790625 0.223039215625
2 0.5735294125 0.1495098046875 0.5702614374999999 0.10539215625000001 0.527777778125 0.12009803906250001 0.49509803906250005 0.14460784375 0.49509803906250005 0.15441176406249998 0.5245098046875001 0.1642156859375 0.5735294125 0.1495098046875
2 0.36274509843749997 0.96323529375 0.348039215625 0.9264705875000001 0.34640522812499996 0.8995098046875001 0.3186274515625 0.8970588234375001 0.31535947656249996 0.9044117640625 0.3235294125 0.965686275 0.35620915000000003 0.9877450984375 0.36274509843749997 0.96323529375
2 0.367647059375 0.8970588234375001 0.3594771234375 0.89460784375 0.35620915000000003 0.9166666671874999 0.3594771234375 0.9289215687500001 0.367647059375 0.9289215687500001 0.367647059375 0.8970588234375001
2 0.37581699375 0.83823529375 0.367647059375 0.83823529375 0.3594771234375 0.8578431375 0.35620915000000003 0.875 0.367647059375 0.8725490203125 0.367647059375 0.8578431375 0.37581699375 0.83823529375
2 0.37581699375 0.8039215687500001 0.37581699375 0.7745098046875001 0.364379084375 0.7745098046875001 0.3594771234375 0.784313725 0.3545751640625 0.7745098046875001 0.3349673203125 0.776960784375 0.3267973859375 0.8039215687500001 0.33169934687499997 0.8161764703125 0.3235294125 0.8431372546875 0.321895425 0.8700980390625 0.3447712421875 0.8774509796875 0.348039215625 0.8529411765624999 0.37581699375 0.8039215687500001
2 0.48366013125 0.348039215625 0.490196078125 0.367647059375 0.4869281046875 0.3431372546875 0.48366013125 0.348039215625
2 0.48202614375 0.1985294125 0.48202614375 0.1813725484375 0.4787581703125 0.1838235296875 0.47385620937499995 0.19607843125 0.48039215625000004 0.19607843125 0.4754901953125 0.21323529375 0.48202614375 0.1985294125
2 0.508169934375 0.30392156875 0.508169934375 0.35049019531250003 0.5130718953125 0.3529411765625 0.527777778125 0.330882353125 0.5408496734375 0.3235294125 0.55228758125 0.3014705875 0.55228758125 0.26960784375 0.544117646875 0.2450980390625 0.544117646875 0.2254901953125 0.5555555562500001 0.2181372546875 0.5571895421875 0.20098039218750002 0.5375816999999999 0.1985294125 0.5310457515625 0.169117646875 0.5114379078125 0.169117646875 0.5 0.1838235296875 0.4983660125 0.215686275 0.5065359484374999 0.2450980390625 0.5032679734375 0.2990196078125 0.508169934375 0.30392156875
2 0.4869281046875 0.169117646875 0.509803921875 0.1568627453125 0.527777778125 0.1642156859375 0.5375816999999999 0.15441176406249998 0.5735294125 0.14460784375 0.5686274515624999 0.1078431375 0.5245098046875001 0.12254902031249999 0.51633986875 0.1004901953125 0.5 0.08333333281250001 0.4983660125 0.10294117656249999 0.490196078125 0.11519607812499999 0.491830065625 0.13970588281250002 0.4869281046875 0.151960784375 0.49509803906250005 0.1568627453125 0.4869281046875 0.169117646875
2 0.490196078125 0.080882353125 0.49509803906250005 0.08333333281250001 0.491830065625 0.0735294125 0.490196078125 0.080882353125
2 0.3235294125 0.2647058828125 0.3431372546875 0.2794117640625 0.3513071890625 0.27450980468749997 0.3431372546875 0.257352940625 0.348039215625 0.24019607812500002 0.33986928125000004 0.24019607812500002 0.3349673203125 0.20588235312499997 0.33986928125000004 0.19607843125 0.3267973859375 0.1740196078125 0.3186274515625 0.134803921875 0.2647058828125 0.0661764703125 0.241830065625 0.063725490625 0.24019607812500002 0.0759803921875 0.26633986875 0.2181372546875 0.2990196078125 0.223039215625 0.3235294125 0.2647058828125
2 0.3888888890625 0 0.4052287578125 0.0318627453125 0.42973856250000003 0.12009803906250001 0.44607843125 0.07107843124999999 0.45751634062499996 0 0.3888888890625 0
2 0.22875817031249998 0 0.22875817031249998 0.009803921875 0.292483659375 0.05392156875 0.3186274515625 0.0931372546875 0.33823529375 0.1078431375 0.3431372546875 0.125 0.3611111109375 0.1495098046875 0.3594771234375 0.12254902031249999 0.348039215625 0.1078431375 0.348039215625 0.098039215625 0.3594771234375 0.080882353125 0.3807189546875 0.132352940625 0.383986928125 0.15931372500000002 0.37745097968749997 0.1764705875 0.383986928125 0.1838235296875 0.385620915625 0.2279411765625 0.3954248359375 0.2450980390625 0.41339869218749997 0.1985294125 0.40849673124999997 0.12254902031249999 0.3921568625 0.0563725484375 0.3807189546875 0.0294117640625 0.364379084375 0.009803921875 0.366013071875 0 0.22875817031249998 0
2 0.27450980468749997 0.25 0.276143790625 0.28676470625 0.2973856203125 0.2892156859375 0.2990196078125 0.276960784375 0.27450980468749997 0.25
2 0.3186274515625 0.294117646875 0.33986928125000004 0.2916666671875 0.33823529375 0.2794117640625 0.32516339843750003 0.26960784375 0.2990196078125 0.223039215625 0.2728758171875 0.2205882359375 0.26633986875 0.223039215625 0.26960784375 0.23284313750000002 0.2892156859375 0.2475490203125 0.3186274515625 0.294117646875
2 0.47385620937499995 0 0.47385620937499995 0.007352940625 0.48202614375 0.0416666671875 0.5245098046875001 0.1004901953125 0.5245098046875001 0.1127450984375 0.560457515625 0.10294117656249999 0.5735294125 0.1078431375 0.580065359375 0.1495098046875 0.5359477125 0.169117646875 0.5408496734375 0.1911764703125 0.55392156875 0.188725490625 0.560457515625 0.1985294125 0.560457515625 0.2181372546875 0.5490196078125 0.2254901953125 0.5490196078125 0.2450980390625 0.5571895421875 0.276960784375 0.5653594765625 0.28431372499999996 0.6013071890624999 0.2720588234375 0.6388888890625 0.242647059375 0.6503267968750001 0.2254901953125 0.687908496875 0.1985294125 0.7009803921875 0.17892156875 0.7271241828125 0.1666666671875 0.8709150328125 0.0392156859375 0.8986928109375001 0 0.83986928125 0 0.8376911765624999 0.009803921875 0.76960784375 0 0.47385620937499995 0
2 0.9330065359375 0.7524509796875 0.9346405234375 0.7720588234375 0.9248366015625 0.7990196078125 0.921568628125 0.8700980390625 0.9411764703125 0.953431371875 0.9509803921875 0.9681372546875 0.957516340625 0.909313725 0.9624183000000001 0.901960784375 0.9950980390625 0.8995098046875001 0.9983660125 0.8921568625 0.9934640515625001 0.875 0.9624183000000001 0.8651960781250001 0.957516340625 0.85539215625 0.954248365625 0.7426470593750001 0.9460784312499999 0.73039215625 0.9460784312499999 0.67892156875 0.9052287578125 0.669117646875 0.901960784375 0.6936274515624999 0.9297385625000001 0.705882353125 0.9264705875000001 0.7426470593750001 0.9330065359375 0.7524509796875
2 0.668300653125 0.5563725484375001 0.6666666671875 0.5490196078125 0.64379085 0.5416666671875 0.6421568625 0.5563725484375001 0.6470588234375 0.563725490625 0.6633986921874999 0.563725490625 0.668300653125 0.5563725484375001
2 0.596405228125 0.509803921875 0.5931372546875 0.5245098046875001 0.6013071890624999 0.546568628125 0.6127450984375 0.5171568625 0.596405228125 0.509803921875
2 0.527777778125 0.5833333328125 0.5392156859375 0.580882353125 0.5408496734375 0.5931372546875 0.5473856203125 0.590686275 0.5653594765625 0.5490196078125 0.5735294125 0.546568628125 0.571895425 0.5220588234375 0.563725490625 0.5073529406249999 0.5326797390625 0.5073529406249999 0.527777778125 0.5661764703125 0.51633986875 0.5735294125 0.5147058828125 0.580882353125 0.5228758171875 0.5735294125 0.5294117640625 0.578431371875 0.527777778125 0.5833333328125
2 0.6013071890624999 0.46568627500000004 0.6127450984375 0.46568627500000004 0.60620915 0.455882353125 0.6013071890624999 0.46568627500000004
2 0.4591503265625 0.8970588234375001 0.46568627500000004 0.9166666671874999 0.490196078125 0.919117646875 0.4983660125 0.875 0.5032679734375 0.776960784375 0.47385620937499995 0.7818627453125 0.46568627500000004 0.7916666671875 0.45751634062499996 0.8088235296875 0.45751634062499996 0.8774509796875 0.46241830000000006 0.8897058828125 0.4591503265625 0.8970588234375001
2 0.508169934375 0.8186274515624999 0.5065359484374999 0.8602941171875 0.516013071875 0.8602941171875 0.527777778125 0.8235294124999999 0.5228758171875 0.7916666671875 0.5147058828125 0.7745098046875001 0.508169934375 0.8186274515624999
2 0.6045751640625 0.919117646875 0.6388888890625 0.7745098046875001 0.6307189546874999 0.75 0.62581699375 0.759803921875 0.6045751640625 0.828431371875 0.560457515625 0.9044117640625 0.560457515625 0.9240196078125 0.6045751640625 0.919117646875
2 0.5 0.7524509796875 0.5014111703124999 0.758801246875 0.508169934375 0.7549019609375 0.5 0.7524509796875
2 0.5014111703124999 0.758801246875 0.4869281046875 0.7671568625 0.5016339875 0.759803921875 0.5014111703124999 0.758801246875
2 0.5392156859375 0.7426470593750001 0.5326797390625 0.7450980390625 0.527777778125 0.75 0.527777778125 0.7647058828125 0.5359477125 0.7745098046875001 0.5392156859375 0.7426470593750001
2 0.598039215625 0.8014705875000001 0.6127450984375 0.7745098046875001 0.614379084375 0.7549019609375 0.6225490203125 0.7426470593750001 0.616013071875 0.723039215625 0.6013071890624999 0.723039215625 0.596405228125 0.7647058828125 0.581699346875 0.7892156859375 0.5849673203125 0.8063725484375001 0.5735294125 0.848039215625 0.596405228125 0.8161764703125 0.598039215625 0.8014705875000001
2 0.5032679734375 0.7205882359375 0.5 0.715686275 0.4591503265625 0.75 0.4591503265625 0.7573529406249999 0.4705882359375 0.759803921875 0.49509803906250005 0.7377450984375 0.5032679734375 0.7205882359375
2 0.5245098046875001 0.71323529375 0.5245098046875001 0.7377450984375 0.5408496734375 0.7181372546875 0.5392156859375 0.6985294125 0.5245098046875001 0.71323529375
2 0.5849673203125 0.6838235296875 0.5767973859375 0.6985294125 0.581699346875 0.6911764703125 0.5931372546875 0.6985294125 0.5849673203125 0.6838235296875
2 0.5555555562500001 0.6813725484375001 0.55228758125 0.7009803921875 0.560457515625 0.705882353125 0.5686274515624999 0.6838235296875 0.5555555562500001 0.6813725484375001
2 0.5032679734375 0.6323529406249999 0.4787581703125 0.6299019609375 0.47222222187499996 0.6421568625 0.46568627500000004 0.6299019609375 0.46568627500000004 0.715686275 0.4771241828125 0.715686275 0.5065359484374999 0.688725490625 0.5032679734375 0.6323529406249999
2 0.5849673203125 0.6299019609375 0.5686274515624999 0.634803921875 0.560457515625 0.651960784375 0.560457515625 0.6666666671875 0.5735294125 0.6666666671875 0.5849673203125 0.6299019609375
2 0.65849673125 0.6299019609375 0.633986928125 0.6299019609375 0.6307189546874999 0.6666666671875 0.6388888890625 0.6813725484375001 0.6503267968750001 0.6642156859375 0.65849673125 0.6299019609375
2 0.526143790625 0.67892156875 0.5359477125 0.6740196078125 0.55228758125 0.6323529406249999 0.5228758171875 0.625 0.51633986875 0.6274509796875 0.51633986875 0.6495098046875001 0.51960784375 0.6740196078125 0.526143790625 0.67892156875
2 0.47385620937499995 0 0.48202614375 0.044117646875 0.5245098046875001 0.10294117656249999 0.5245098046875001 0.11519607812499999 0.563725490625 0.10294117656249999 0.571895425 0.10294117656249999 0.5767973859375 0.11519607812499999 0.5767973859375 0.151960784375 0.5359477125 0.169117646875 0.5408496734375 0.1936274515625 0.55392156875 0.1911764703125 0.560457515625 0.20098039218750002 0.560457515625 0.2181372546875 0.5490196078125 0.223039215625 0.5473856203125 0.23774509843749997 0.5571895421875 0.2818627453125 0.5653594765625 0.2892156859375 0.5767973859375 0.27450980468749997 0.598039215625 0.2720588234375 0.6372549015625 0.242647059375 0.6633986921874999 0.215686275 0.6552287578125 0.1985294125 0.671568628125 0.188725490625 0.671568628125 0.1764705875 0.6633986921874999 0.1666666671875 0.6666666671875 0.12745097968750002 0.653594771875 0.0759803921875 0.6503267968750001 0.0294117640625 0.6454248359375 0.0245098046875 0.6470588234375 0 0.571895425 0 0.5669934640625 0.007352940625 0.55392156875 0 0.47385620937499995 0
2 0.47385620937499995 0 0.47385620937499995 0.0245098046875 0.5 0.0735294125 0.51960784375 0.0955882359375 0.5555555562500001 0.026960784375 0.55228758125 0 0.47385620937499995 0
2 0.26633986875 0.215686275 0.2973856203125 0.2205882359375 0.31535947656249996 0.25 0.33986928125000004 0.2720588234375 0.3349673203125 0.257352940625 0.33823529375 0.23039215624999998 0.330065359375 0.20833333281250002 0.321895425 0.151960784375 0.2728758171875 0.078431371875 0.2450980390625 0.0686274515625 0.241830065625 0.0735294125 0.25 0.0955882359375 0.25 0.125 0.26633986875 0.215686275
2 0.47385620937499995 0 0.47385620937499995 0.014705882812500001 0.48202614375 0.0416666671875 0.5245098046875001 0.10294117656249999 0.5245098046875001 0.1127450984375 0.5735294125 0.10539215625000001 0.580065359375 0.1495098046875 0.5359477125 0.169117646875 0.5408496734375 0.1911764703125 0.5555555562500001 0.188725490625 0.560457515625 0.19607843125 0.560457515625 0.2205882359375 0.5490196078125 0.223039215625 0.5473856203125 0.23529411718749998 0.5571895421875 0.2794117640625 0.5702614374999999 0.2818627453125 0.5996732031249999 0.2720588234375 0.6421568625 0.24019607812500002 0.6470588234375 0.2279411765625 0.6666666671875 0.215686275 0.69607843125 0.1813725484375 0.7287581703125 0.1642156859375 0.8676470593750001 0.0416666671875 0.901960784375 0 0.8843954249999999 0 0.87581699375 0.009803921875 0.8756127453125 0 0.831699346875 0 0.8267973859375 0.009803921875 0.75 0 0.47385620937499995 0
2 0.40032679687500006 0 0.3970588234375 0.009803921875 0.3921568625 0 0.41339869218749997 0.0490196078125 0.42973856250000003 0.11519607812499999 0.454248365625 0.0294117640625 0.455882353125 0 0.43300653593750005 0.0024509796875 0.42973856250000003 0.014705882812500001 0.4166666671875 0 0.40032679687500006 0
2 0.22875817031249998 0 0.23202614375000002 0.014705882812500001 0.2647058828125 0.026960784375 0.292483659375 0.0490196078125 0.3267973859375 0.0955882359375 0.3333333328125 0.098039215625 0.33823529375 0.08333333281250001 0.36274509843749997 0.078431371875 0.3807189546875 0.125 0.385620915625 0.171568628125 0.3970588234375 0.1911764703125 0.385620915625 0.203431371875 0.3921568625 0.242647059375 0.40849673124999997 0.20833333281250002 0.40849673124999997 0.134803921875 0.3970588234375 0.078431371875 0.382352940625 0.0686274515625 0.385620915625 0.0588235296875 0.37581699375 0.0245098046875 0.3594771234375 0.0171568625 0.35620915000000003 0 0.22875817031249998 0
2 0.64379085 0.4705882359375 0.6503267968750001 0.4754901953125 0.6470588234375 0.49754902031250003 0.6813725484375001 0.5024509796875 0.69607843125 0.4828431375 0.6911764703125 0.4779411765625 0.69607843125 0.4485294125 0.686274509375 0.43382352968750004 0.6928104578125 0.43137254843750006 0.689542484375 0.3970588234375 0.6633986921874999 0.39950980468749997 0.6274509796875 0.4166666671875 0.62581699375 0.44117647031249996 0.6405228765625 0.44607843125 0.6470588234375 0.46568627500000004 0.64379085 0.4705882359375
2 0.73202614375 0.723039215625 0.8071895421875 0.723039215625 0.813725490625 0.5245098046875001 0.7990196078125 0.5171568625 0.7532679734375 0.51960784375 0.7532679734375 0.5416666671875 0.7450980390625 0.5514705875 0.7369281046875 0.5955882359375 0.73202614375 0.6004901953124999 0.73202614375 0.6176470593750001 0.7254901953124999 0.6323529406249999 0.73202614375 0.6666666671875 0.73202614375 0.723039215625
2 0.8513071890624999 0.6127450984375 0.85620915 0.6176470593750001 0.8594771234374999 0.64460784375 0.85620915 0.6740196078125 0.83986928125 0.6985294125 0.846405228125 0.703431371875 0.846405228125 0.715686275 0.8594771234374999 0.715686275 0.8611111109375 0.6740196078125 0.8643790843750001 0.6568627453125 0.87581699375 0.6421568625 0.8807189546874999 0.615196078125 0.8774509796875 0.590686275 0.8839869281249999 0.578431371875 0.8970588234375001 0.5073529406249999 0.8513071890624999 0.5024509796875 0.8431372546875 0.5245098046875001 0.848039215625 0.53676470625 0.8431372546875 0.5735294125 0.8545751640624999 0.5955882359375 0.8513071890624999 0.6127450984375
2 0.8709150328125 0.6274509796875 0.8807189546874999 0.60539215625 0.87581699375 0.60539215625 0.8709150328125 0.6274509796875
2 0.9166666671874999 0.659313725 0.9248366015625 0.6470588234375 0.9705882359375 0.6470588234375 0.937908496875 0.5220588234375 0.9248366015625 0.5514705875 0.9166666671874999 0.6127450984375 0.90849673125 0.6323529406249999 0.90849673125 0.6544117640625 0.9166666671874999 0.659313725
2 0.6470588234375 0.4754901953125 0.64379085 0.490196078125 0.6503267968750001 0.5024509796875 0.7271241828125 0.5 0.7369281046875 0.49264705937500003 0.740196078125 0.39950980468749997 0.7352941171875 0.39460784375 0.6830065359375 0.39460784375 0.6388888890625 0.4068627453125 0.6274509796875 0.4166666671875 0.62581699375 0.44117647031249996 0.6421568625 0.4509803921875 0.6421568625 0.47303921562499995 0.6470588234375 0.4754901953125