1 0.675 0.8301587296875 0.6791666671875001 0.83174603125 0.6768333328125 0.8380952374999999 0.6815 0.8380952374999999 0.6799999999999999 0.8301587296875 0.6849999999999999 0.825396825 0.6891666671875 0.825396825 0.6861666671875 0.8380952374999999 0.6991666671875 0.8333333328125001 0.7025 0.8269841265625001 0.7016666671875 0.809523809375 0.7041666671875 0.803174603125 0.6891666671875 0.803174603125 0.6900000000000001 0.8079365078125 0.6991666671875 0.8111111109375001 0.6983333328125 0.8206349203125001 0.6900000000000001 0.8238095234375 0.6541666671875 0.8142857140625 0.6541666671875 0.8079365078125 0.6491666671874999 0.8079365078125 0.6481481484375 0.8063844796874999 0.64 0.8079365078125 0.64 0.8126984125 0.655 0.8301587296875 0.6675 0.8380952374999999 0.6721666671875 0.8380952374999999 0.675 0.8301587296875
1 0.6799999999999999 0.80634920625 0.6841666671875 0.803174603125 0.675 0.8 0.6799999999999999 0.80634920625
1 0.67421875 0.78828125 0.00078125 0.0046875
1 0.6616666671875 0.790476190625 0.6591666671875 0.7825396828125 0.6516666671875 0.7841269843750001 0.6491666671874999 0.790476190625 0.6616666671875 0.790476190625
1 0.6691666671875 0.7825396828125 0.6641666671875 0.7825396828125 0.6616666671875 0.790476190625 0.67 0.790476190625 0.6691666671875 0.7825396828125
1 0.2975 0.9015873015625001 0.32999999999999996 0.9444444437499999 0.36583333281249997 0.9380952375 0.39 0.9269841265625001 0.4441666671875 0.9142857140625 0.44749999999999995 0.909523809375 0.4683333328125 0.9079365078125001 0.51 0.8920634921874999 0.5666666671875 0.8793650796874999 0.5700000000000001 0.8746031750000001 0.6266666671875 0.8603174609375 0.6366666671875 0.85555555625 0.6391666671875 0.8492063484375001 0.6366666671875 0.825396825 0.6316666671875 0.8142857140625 0.6275000000000001 0.8142857140625 0.62 0.8015873015625001 0.615 0.8 0.6125 0.7952380953125 0.615 0.7825396828125 0.6116666671875 0.7793650796875 0.6041666671875 0.7793650796875 0.6 0.771428571875 0.5941666671875 0.771428571875 0.5841666671875 0.7603174609375001 0.5375 0.7571428578125 0.5325 0.7571428578125 0.5291666671875 0.7666666671875 0.515 0.7682539687500001 0.5133333328125 0.7730158734375 0.4925 0.7730158734375 0.4841666671875 0.7793650796875 0.4716666671875 0.7793650796875 0.47000000000000003 0.7730158734375 0.4683333328125 0.7793650796875 0.445 0.7793650796875 0.43166666718749996 0.7666666671875 0.43833333281250003 0.774603175 0.4325 0.7825396828125 0.42750000000000005 0.777777778125 0.4266666671875 0.7666666671875 0.4233333328125 0.7952380953125 0.3866666671875 0.8015873015625001 0.3783333328125 0.809523809375 0.3616666671875 0.8079365078125 0.35750000000000004 0.8126984125 0.33166666718750004 0.8142857140625 0.30416666718749996 0.83174603125 0.2916666671875 0.8269841265625001 0.2816666671875 0.8380952374999999 0.27749999999999997 0.8492063484375001 0.2791666671875 0.8793650796874999 0.2891666671875 0.896825396875 0.2975 0.9015873015625001
1 0.5241666671874999 0.7492063484375 0.5116666671875 0.7492063484375 0.5166666671875 0.7571428578125 0.5266666671875 0.75555555625 0.5241666671874999 0.7492063484375
1 0.4016666671875 0.7365079359375 0.40499999999999997 0.7380952375 0.40416666718750005 0.7333333328125 0.4016666671875 0.7365079359375
1 0.40078125 0.7296875 0.0015625 0.0046875
1 0.08499999999999999 0.47142857187500004 0.0891666671875 0.5952380953125 0.0875 0.6015873015625 0.09 0.609523809375 0.09 0.7015873015625 0.0941666671875 0.771428571875 0.1116666671875 0.7730158734375 0.1808333328125 0.7492063484375 0.1825 0.75555555625 0.1933333328125 0.7603174609375001 0.195 0.765079365625 0.2033333328125 0.7666666671875 0.2166666671875 0.7793650796875 0.2541666671875 0.8015873015625001 0.2916666671875 0.8 0.3366666671875 0.7841269843750001 0.3691666671875 0.7793650796875 0.37666666718749997 0.7730158734375 0.3975 0.771428571875 0.40499999999999997 0.7539682546875001 0.41 0.7571428578125 0.4091666671875 0.7666666671875 0.41166666718749995 0.765079365625 0.41166666718749995 0.7571428578125 0.40416666718750005 0.7507936515625 0.4016666671875 0.7428571421875 0.39416666718750004 0.741269840625 0.3791666671875 0.7206349203125 0.36833333281249997 0.7126984125 0.365 0.70634920625 0.36666666718749996 0.703174603125 0.3958333328125 0.703174603125 0.4125 0.6952380953125 0.45 0.6952380953125 0.4875 0.6793650796875 0.5291666671875 0.6730158734375 0.5341666671875 0.6539682546875001 0.5325 0.6396825390624999 0.55 0.6253968249999999 0.5541666671875001 0.6079365078125 0.5516666671875 0.5349206343749999 0.5525 0.45555555625000005 0.55 0.44603174531249995 0.5516666671875 0.41904761874999996 0.5475 0.3825396828125 0.55 0.371428571875 0.5475 0.3333333328125 0.5491666671875 0.2952380953125 0.5466666671875 0.2825396828125 0.545 0.11428571406250002 0.5425 0.1079365078125 0.5266666671875 0.103174603125 0.4108333328125 0.11428571406250002 0.35 0.11428571406250002 0.3358333328125 0.11904761875 0.2625 0.11904761875 0.23583333281250002 0.1238095234375 0.2266666671875 0.1206349203125 0.1025 0.1301587296875 0.08499999999999999 0.1269841265625 0.0791666671875 0.13174603125 0.0775 0.1730158734375 0.08 0.30634920625 0.0866666671875 0.4571428578125 0.08499999999999999 0.47142857187500004
1 0.5716666671875 0.31904761875 0.5691666671875 0.33809523750000003 0.5691666671875 0.43809523749999996 0.5666666671875 0.44126984062499996 0.5666666671875 0.45555555625000005 0.5691666671875 0.46031746093750003 0.5691666671875 0.5412698406249999 0.5641666671875 0.5698412703125 0.5700000000000001 0.6015873015625 0.5858333328125 0.6015873015625 0.5891666671875 0.6079365078125 0.5958333328125 0.609523809375 0.6075 0.6380952375 0.6133333328125 0.6380952375 0.6183333328125 0.64444444375 0.62 0.6666666671875 0.6391666671875 0.6825396828125 0.6658333328125 0.690476190625 0.6716666671875 0.6984126984375 0.6725 0.7126984125 0.6766666671875 0.71904761875 0.6816666671875 0.74444444375 0.6516666671875 0.7539682546875001 0.6808333328125 0.7476190468749999 0.6891666671875 0.7571428578125 0.6916666671875 0.771428571875 0.7458333328125 0.8015873015625001 0.8941666671874999 0.75555555625 0.9241666671875001 0.7015873015625 0.9291666671875 0.425396825 0.9275 0.4 0.9316666671875 0.36666666718749996 0.93 0.3460317453125 0.9324999999999999 0.3015873015625 0.9316666671875 0.2428571421875 0.9341666671875 0.2301587296875 0.9324999999999999 0.1984126984375 0.9349999999999999 0.1825396828125 0.9349999999999999 0.11269841249999998 0.9316666671875 0.1079365078125 0.9133333328125 0.1079365078125 0.905 0.103174603125 0.8683333328125 0.1015873015625 0.7991666671875 0.0857142859375 0.6174999999999999 0.0571428578125 0.5925 0.0666666671875 0.5766666671875 0.07936507968749999 0.5716666671875 0.090476190625 0.5725 0.22539682499999997 0.5691666671875 0.2666666671875 0.5716666671875 0.27460317500000003 0.5716666671875 0.31904761875
2 0.6825 0.774603175 0.6900000000000001 0.7793650796875 0.6841666671875 0.7730158734375 0.6825 0.774603175
2 0.6516666671875 0.7539682546875001 0.6849999999999999 0.7492063484375 0.6641666671875 0.7492063484375 0.6516666671875 0.7539682546875001
2 0.6900000000000001 0.7492063484375 0.7066666671874999 0.7476190468749999 0.6991666671875 0.74444444375 0.6900000000000001 0.7492063484375
2 0.43166666718749996 0.915873015625 0.45499999999999996 0.9126984125 0.475 0.903174603125 0.5325 0.890476190625 0.5408333328125 0.884126984375 0.5708333328124999 0.8793650796874999 0.575 0.8746031750000001 0.6391666671875 0.85555555625 0.6391666671875 0.8380952374999999 0.6341666671875 0.8206349203125001 0.6133333328125 0.7984126984375 0.6125 0.79365079375 0.6174999999999999 0.7888888890625 0.6174999999999999 0.7793650796875 0.6066666671875 0.765079365625 0.5900000000000001 0.7682539687500001 0.5816666671874999 0.75555555625 0.5391666671875 0.7603174609375001 0.5266666671875 0.7492063484375 0.5041666671875 0.7476190468749999 0.4766666671875 0.75555555625 0.47000000000000003 0.765079365625 0.46666666718750005 0.7793650796875 0.4425 0.777777778125 0.41 0.7380952375 0.40416666718750005 0.7380952375 0.40416666718750005 0.725396825 0.4025 0.7380952375 0.3975 0.7317460312499999 0.39249999999999996 0.722222221875 0.3975 0.7142857140625 0.3958333328125 0.7126984125 0.3863891671875 0.7126984125 0.3854065765625 0.7160666234375 0.3916666671875 0.71904761875 0.3983333328125 0.8015873015625001 0.3825 0.803174603125 0.3758333328125 0.8142857140625 0.365 0.8079365078125 0.3566666671875 0.8142857140625 0.31916666718750003 0.81904761875 0.3091666671875 0.83174603125 0.2916666671875 0.8269841265625001 0.2791666671875 0.8460317453125 0.27749999999999997 0.877777778125 0.2841666671875 0.884126984375 0.2875 0.896825396875 0.2975 0.9015873015625001 0.33166666718750004 0.947619046875 0.43166666718749996 0.915873015625
2 0.6191666671875 0.7857142859375 0.6191666671875 0.7793650796875 0.615 0.7730158734375 0.6083333328125 0.7666666671875 0.6016666671875 0.7682539687500001 0.6 0.774603175 0.6075 0.7888888890625 0.6166666671875001 0.790476190625 0.6191666671875 0.7857142859375
2 0.3116666671875 0.9206349203125 0.32999999999999996 0.947619046875 0.5708333328124999 0.8793650796874999 0.575 0.8746031750000001 0.5916666671875 0.8730158734375 0.6391666671875 0.85555555625 0.6391666671875 0.8333333328125001 0.6308333328125 0.8142857140625 0.6141666671875 0.8 0.5966666671875 0.771428571875 0.5875 0.7666666671875 0.5816666671874999 0.7571428578125 0.5125 0.7682539687500001 0.47583333281250006 0.7825396828125 0.45 0.7825396828125 0.4408333328125 0.790476190625 0.3866666671875 0.8015873015625001 0.3783333328125 0.809523809375 0.335 0.8142857140625 0.32999999999999996 0.81904761875 0.31916666718750003 0.81904761875 0.3166666671875 0.825396825 0.3066666671875 0.83174603125 0.2916666671875 0.8269841265625001 0.27999999999999997 0.841269840625 0.27749999999999997 0.8492063484375001 0.27749999999999997 0.8793650796874999 0.2875 0.896825396875 0.3116666671875 0.9206349203125
2 0.7625 0.53174603125 0.7666666671875 0.5428571421874999 0.7625 0.547619046875 0.76 0.5619047625 0.7666666671875 0.56825396875 0.7666666671875 0.5825396828125 0.7616666671875 0.5873015875 0.7616666671875 0.5984126984375 0.7541666671875 0.6079365078125 0.7541666671875 0.61904761875 0.7566666671875 0.622222221875 0.7575000000000001 0.6365079359375 0.7616666671875 0.6412698406249999 0.7766666671875 0.6428571421875 0.78 0.63174603125 0.7891666671875 0.6253968249999999 0.7875 0.622222221875 0.79 0.61904761875 0.7925 0.5888888890625 0.8 0.5793650796875001 0.7991666671875 0.5619047625 0.7925 0.547619046875 0.7925 0.53174603125 0.7891666671875 0.528571428125 0.7916666671875 0.4952380953125 0.7975 0.496825396875 0.7975 0.49047619062500003 0.795 0.484126984375 0.7866666671875 0.48253968281250004 0.7825 0.46031746093750003 0.7716666671875 0.447619046875 0.7641666671875 0.447619046875 0.7641666671875 0.47142857187500004 0.7616666671875 0.47936507968750003 0.7641666671875 0.496825396875 0.7616666671875 0.5126984125 0.7666666671875 0.5190476187499999 0.7625 0.53174603125
2 0.69453125 0.3609375 0.0046875 0.0015625
2 0.7375 0.31904761875 0.7341666671875 0.3142857140625 0.7166666671875 0.31904761875 0.7016666671875 0.3428571421875 0.6991666671875 0.347619046875 0.7016666671875 0.35555555625 0.7108333328125 0.35555555625 0.7375 0.31904761875
2 0.7341666671875 0.284126984375 0.7366666671875 0.27777777812500004 0.7316666671875 0.2666666671875 0.71 0.265079365625 0.6941666671875 0.26825396874999996 0.6849999999999999 0.2825396828125 0.6841666671875 0.31269841249999997 0.6925 0.3142857140625 0.705 0.296825396875 0.7341666671875 0.284126984375
2 0.8400000000000001 0.23174603125 0.8391666671875001 0.2428571421875 0.8316666671874999 0.2571428578125 0.8316666671874999 0.2730158734375 0.8366666671875 0.28571428593750003 0.8366666671875 0.2952380953125 0.845 0.3142857140625 0.8625 0.325396825 0.875 0.315873015625 0.8866666671875001 0.290476190625 0.8891666671875 0.27142857187499997 0.8891666671875 0.2015873015625 0.8816666671875 0.171428571875 0.875 0.16190476250000002 0.8574999999999999 0.1603174609375 0.8541666671874999 0.165079365625 0.8541666671874999 0.177777778125 0.8474999999999999 0.2015873015625 0.8491666671875 0.20634920625 0.8400000000000001 0.23174603125
2 0.5716666671875 0.4730158734375 0.5691666671875 0.484126984375 0.5675 0.5793650796875001 0.5700000000000001 0.6 0.5858333328125 0.596825396875 0.5891666671875 0.60634920625 0.6025 0.6142857140625 0.6091666671875 0.6365079359375 0.6183333328125 0.64444444375 0.62 0.665079365625 0.625 0.671428571875 0.67 0.6952380953125 0.6825 0.7428571421875 0.6966666671875 0.74444444375 0.6975 0.75555555625 0.6900000000000001 0.7603174609375001 0.6925 0.7730158734375 0.71 0.7793650796875 0.74 0.8 0.7516666671875 0.8 0.7925 0.7841269843750001 0.8616666671875001 0.7666666671875 0.8966666671875 0.7539682546875001 0.9241666671875001 0.7015873015625 0.9291666671875 0.4619047625 0.9275 0.4571428578125 0.9366666671875 0.13333333281249998 0.9349999999999999 0.10952380937499999 0.6216666671875 0.0571428578125 0.6075 0.0571428578125 0.5900000000000001 0.06825396875 0.5725 0.084126984375 0.5725 0.23650793593750002 0.5700000000000001 0.27142857187499997 0.5716666671875 0.29365079375 0.5775 0.30634920625 0.5716666671875 0.3111111109375 0.5691666671875 0.3634920640625 0.5691666671875 0.390476190625 0.5716666671875 0.4 0.5691666671875 0.45555555625000005 0.5716666671875 0.4730158734375
2 0.6950000000000001 0.741269840625 0.6725 0.7476190468749999 0.6683333328125001 0.7539682546875001 0.6666666671875 0.7492063484375 0.6616666671875 0.7492063484375 0.663125 0.75555555625 0.6587500000000001 0.75555555625 0.6566666671875 0.7492063484375 0.654375 0.75555555625 0.65 0.75555555625 0.65 0.7507936515625 0.6447190578125 0.756983765625 0.6870833328125 0.75555555625 0.6900000000000001 0.74444444375 0.6916666671875 0.75555555625 0.7008333328125 0.75555555625 0.7083333328125 0.7507936515625 0.7091666671875 0.74444444375 0.6950000000000001 0.741269840625
2 0.6305 0.75555555625 0.6275000000000001 0.7603174609375001 0.6261666671875 0.75555555625 0.6218333328125001 0.75555555625 0.6191666671875 0.765079365625 0.6330253625 0.7597998625 0.6305 0.75555555625
2 0.6174999999999999 0.75555555625 0.6116666671875 0.7682539687500001 0.6091666671875 0.7603174609375001 0.6 0.7619047625 0.595 0.7682539687500001 0.6075 0.7888888890625 0.6166666671875001 0.790476190625 0.6191666671875 0.7825396828125 0.6133333328125 0.771428571875 0.615 0.7666666671875 0.6191666671875 0.765079365625 0.6174999999999999 0.75555555625
2 0.7341666671875 0.7666666671875 0.7375 0.7730158734375 0.7366666671875 0.765079365625 0.7341666671875 0.7666666671875
2 0.71875 0.75859375 0.00234375 0.003125
2 0.7166666671875 0.74444444375 0.7150000000000001 0.7380952375 0.7166666671875 0.7492063484375 0.7216666671875 0.741269840625 0.72 0.7380952375 0.7166666671875 0.74444444375
2 0.7091666671875 0.7317460312499999 0.6908333328125 0.734920634375 0.6900000000000001 0.7492063484375 0.6966666671875 0.7492063484375 0.7066666671874999 0.7428571421875 0.7091666671875 0.7317460312499999
2 0.6383333328125 0.6428571421875 0.65 0.6539682546875001 0.6633333328125001 0.6555555562500001 0.6966666671875 0.6793650796875 0.7166666671875 0.684126984375 0.7424999999999999 0.7015873015625 0.7758333328125 0.7015873015625 0.7791666671875 0.7079365078125 0.8225 0.70634920625 0.8275 0.6777777781250001 0.8275 0.6730158734375 0.8025 0.665079365625 0.7983333328125 0.6555555562500001 0.7691666671874999 0.6476190468749999 0.7441666671875 0.6269841265625 0.72 0.6253968249999999 0.7091666671875 0.6142857140625 0.705 0.61904761875 0.7041666671875 0.6142857140625 0.7 0.6253968249999999 0.7008333328125 0.6333333328124999 0.6841666671875 0.6365079359375 0.6516666671875 0.615873015625 0.6341666671875 0.6126984125 0.6325000000000001 0.6079365078125 0.6075 0.6079365078125 0.6075 0.6253968249999999 0.61 0.6301587296875 0.63 0.6428571421875 0.6383333328125 0.6428571421875
2 0.6953125 0.6046875 0.00234375 0.003125
2 0.5466666671875 0.7492063484375 0.5558333328125 0.7492063484375 0.5599999999999999 0.75555555625 0.6075 0.75555555625 0.6116666671875 0.741269840625 0.6125 0.709523809375 0.6166666671875001 0.6825396828125 0.6158333328125 0.6460317453125 0.5974999999999999 0.6380952375 0.5900000000000001 0.615873015625 0.5791666671875 0.6079365078125 0.5741666671875 0.609523809375 0.5666666671875 0.6238095234375 0.5599999999999999 0.61904761875 0.5566666671875 0.6301587296875 0.5375 0.6380952375 0.5416666671875 0.7428571421875 0.5466666671875 0.7492063484375
2 0.5866666671874999 0.2396825390625 0.5866666671874999 0.2730158734375 0.5900000000000001 0.2888888890625 0.5866666671874999 0.2984126984375 0.5891666671875 0.309523809375 0.5875 0.32063492031249996 0.5933333328125 0.32063492031249996 0.605 0.3333333328125 0.62 0.3333333328125 0.6333333328124999 0.33174603125 0.6425 0.31904761875 0.65 0.31904761875 0.6491666671874999 0.3047619046875 0.6541666671875 0.2793650796875 0.6541666671875 0.2666666671875 0.6516666671875 0.2634920640625 0.6541666671875 0.23650793593750002 0.6516666671875 0.215873015625 0.645 0.2 0.6441666671874999 0.190476190625 0.6383333328125 0.184126984375 0.5900000000000001 0.1857142859375 0.5866666671874999 0.19206349218750002 0.5925 0.2047619046875 0.5891666671875 0.23650793593750002 0.5866666671874999 0.2396825390625
2 0.7341666671875 0.6539682546875001 0.7391666671875 0.6492063484374999 0.7508333328125001 0.6492063484374999 0.7541666671875 0.6428571421875 0.7491666671874999 0.63174603125 0.7383333328125 0.6253968249999999 0.7166666671875 0.6238095234375 0.7083333328125 0.63174603125 0.6900000000000001 0.6365079359375 0.6716666671875 0.6333333328124999 0.67 0.6365079359375 0.6766666671875 0.6476190468749999 0.6975 0.6555555562500001 0.7341666671875 0.6539682546875001
2 0.6599999999999999 0.6301587296875 0.6675 0.6301587296875 0.6625 0.6269841265625 0.6599999999999999 0.6301587296875
2 0.6341666671875 0.6428571421875 0.6383333328125 0.6428571421875 0.6425 0.6333333328124999 0.6566666671875 0.6206349203125 0.64 0.609523809375 0.6141666671875 0.6079365078125 0.6116666671875 0.6126984125 0.6141666671875 0.615873015625 0.615 0.63174603125 0.6341666671875 0.6428571421875
2 0.6075 0.5793650796875001 0.6091666671875 0.5825396828125 0.6125 0.577777778125 0.6075 0.5793650796875001
2 0.5983333328125 0.5603174609375 0.595 0.5603174609375 0.595 0.5666666671875 0.5991666671875 0.5666666671875 0.5983333328125 0.5603174609375
2 0.7625 0.6777777781250001 0.7841666671875 0.6888888890625 0.7891666671875 0.684126984375 0.8099999999999999 0.684126984375 0.8125 0.6793650796875 0.8116666671875 0.66825396875 0.8 0.6571428578125 0.7808333328125 0.6492063484374999 0.7466666671875 0.6492063484374999 0.7275 0.6571428578125 0.7275 0.674603175 0.7474999999999999 0.684126984375 0.7575000000000001 0.684126984375 0.7625 0.6777777781250001
2 0 0.6380952375 0.0141666671875 0.6380952375 0.034999999999999996 0.6238095234375 0.058333332812500006 0.5825396828125 0.0675 0.5428571421874999 0.0675 0.4888888890625 0.057499999999999996 0.44920634843749996 0.0366666671875 0.41904761874999996 0.0191666671875 0.4079365078125 0.0041666671875 0.40634920625 0 0.40634920625 0 0.6380952375
2 0.4516666671875 0.7793650796875 0.45499999999999996 0.7793650796875 0.4533333328125 0.777777778125 0.4516666671875 0.7793650796875
2 0.4441666671875 0.7841269843750001 0.4441666671875 0.777777778125 0.4216666671875 0.7539682546875001 0.41916666718749995 0.75555555625 0.4225 0.765079365625 0.4325 0.7825396828125 0.4441666671875 0.7841269843750001
2 0.5286342203125 0.7613704828125 0.5475 0.7571428578125 0.5291666671875 0.7492063484375 0.5286342203125 0.7613704828125
2 0.5241666671874999 0.7619047625 0.5208333328125 0.7476190468749999 0.5075000000000001 0.74444444375 0.475 0.75555555625 0.4691666671875 0.765079365625 0.46749999999999997 0.7793650796875 0.47416666718749995 0.7793650796875 0.47583333281250006 0.7730158734375 0.4966666671875 0.7730158734375 0.505 0.7666666671875 0.52625 0.7619047625 0.5241666671874999 0.7619047625
2 0.40234375 0.72890625 0.00390625 0.003125
2 0.3983333328125 0.7206349203125 0.3975 0.7238095234374999 0.4 0.7238095234374999 0.4 0.71904761875 0.3983333328125 0.7206349203125
2 0.8266666671875 0.6015873015625 0.8300000000000001 0.6206349203125 0.8341666671875 0.6269841265625 0.835 0.6365079359375 0.8425 0.6476190468749999 0.8574999999999999 0.6555555562500001 0.8699999999999999 0.6539682546875001 0.8825 0.6142857140625 0.8825 0.5888888890625 0.8791666671874999 0.58095238125 0.8825 0.5761904765625 0.8816666671875 0.5365079359375 0.8716666671875 0.509523809375 0.8591666671875 0.496825396875 0.8416666671874999 0.4920634921875 0.8300000000000001 0.509523809375 0.8266666671875 0.5206349203125 0.8266666671875 0.5619047625 0.8291666671875 0.5666666671875 0.8266666671875 0.6015873015625
2 0.6166666671875001 0.5206349203125 0.615 0.525396825 0.635 0.5333333328125 0.6491666671874999 0.496825396875 0.6525000000000001 0.46825396875 0.6575 0.46031746093750003 0.6599999999999999 0.43174603125 0.6525000000000001 0.41904761874999996 0.6325000000000001 0.41904761874999996 0.6224999999999999 0.43333333281249997 0.6191666671875 0.45079365156250006 0.615 0.4571428578125 0.6116666671875 0.4888888890625 0.6091666671875 0.4920634921875 0.6125 0.5142857140625 0.6166666671875001 0.5206349203125
2 0.8025 0.3888888890625 0.8 0.38412698437500004 0.7958333328125 0.3888888890625 0.7875 0.3857142859375 0.7858333328125 0.3952380953125 0.7791666671875 0.390476190625 0.7675 0.39206349218750003 0.7675 0.40634920625 0.7791666671875 0.4079365078125 0.8 0.396825396875 0.8025 0.3888888890625
2 0.79375 0.37890625 0.00234375 0.0015625
2 0.7941666671875 0.36825396875 0.79 0.3730158734375 0.7975 0.3730158734375 0.7975 0.36825396875 0.7941666671875 0.36825396875
2 0.7616666671875 0.371428571875 0.7575000000000001 0.3619047625 0.7541666671875 0.36825396875 0.7433333328125 0.3634920640625 0.7424999999999999 0.3857142859375 0.7474999999999999 0.396825396875 0.7516666671875 0.3793650796875 0.7616666671875 0.371428571875
2 0.7825 0.3603174609375 0.7849999999999999 0.365079365625 0.7891666671875 0.3603174609375 0.7825 0.3603174609375
2 0.7716666671875 0.3571428578125 0.7658333328125 0.36984127031249997 0.7675 0.3793650796875 0.7866666671875 0.3730158734375 0.7816666671875 0.3603174609375 0.7716666671875 0.3571428578125
2 0.8191666671875 0.38412698437500004 0.8216666671875 0.3793650796875 0.8216666671875 0.365079365625 0.8175000000000001 0.3603174609375 0.82 0.35555555625 0.8016666671875001 0.365079365625 0.8 0.371428571875 0.8025 0.374603175 0.8025 0.38412698437500004 0.8191666671875 0.38412698437500004
2 0.7541666671875 0.32063492031249996 0.7466666671875 0.31904761875 0.745 0.32698412656250003 0.7474999999999999 0.3428571421875 0.7541666671875 0.33174603125 0.7541666671875 0.32063492031249996
2 0.7575000000000001 0.3492063484375 0.8166666671874999 0.35555555625 0.8266666671875 0.3492063484375 0.8291666671875 0.3428571421875 0.8266666671875 0.32380952343749997 0.8291666671875 0.3142857140625 0.8291666671875 0.284126984375 0.8241666671875001 0.2793650796875 0.8066666671875 0.290476190625 0.79 0.2920634921875 0.7666666671875 0.303174603125 0.7658333328125 0.322222221875 0.755 0.33015872968750004 0.7591666671875 0.3365079359375 0.7575000000000001 0.3492063484375
2 0.60859375 0.3171875 0.0015625 0.003125
2 0.08249999999999999 0.425396825 0.08499999999999999 0.4365079359375 0.09 0.7492063484375 0.0941666671875 0.7730158734375 0.11333333281249999 0.7730158734375 0.1816666671875 0.7492063484375 0.195 0.765079365625 0.2033333328125 0.7666666671875 0.24500000000000002 0.796825396875 0.255 0.8015873015625001 0.2783333328125 0.8015873015625001 0.3158333328125 0.790476190625 0.31916666718750003 0.7857142859375 0.3966666671875 0.771428571875 0.3991666671875 0.7666666671875 0.41 0.765079365625 0.41 0.7571428578125 0.39249999999999996 0.7317460312499999 0.3866666671875 0.7317460312499999 0.3791666671875 0.7206349203125 0.3725 0.71904761875 0.3675 0.7079365078125 0.37 0.703174603125 0.3958333328125 0.703174603125 0.4141666671875 0.6952380953125 0.4491666671875 0.696825396875 0.475 0.6857142859375001 0.5291666671875 0.6730158734375 0.5349999999999999 0.6666666671875 0.5349999999999999 0.6365079359375 0.5383333328125001 0.63174603125 0.5458333328125 0.63174603125 0.5508333328125 0.6238095234375 0.5541666671875001 0.5857142859375 0.55 0.5301587296875 0.5516666671875 0.465079365625 0.5491666671875 0.45238095312500004 0.55 0.4079365078125 0.5475 0.3888888890625 0.5475 0.19206349218750002 0.545 0.1079365078125 0.5425 0.103174603125 0.2916666671875 0.115873015625 0.22000000000000003 0.1238095234375 0.1941666671875 0.1206349203125 0.1691666671875 0.125396825 0.0816666671875 0.1269841265625 0.0775 0.13174603125 0.0775 0.23174603125 0.0841666671875 0.403174603125 0.08249999999999999 0.425396825
2 0.61 0.5603174609375 0.615 0.5603174609375 0.6174999999999999 0.5714285718750001 0.6341666671875 0.5730158734375 0.6391666671875 0.584126984375 0.64 0.5793650796875001 0.6475 0.574603175 0.6541666671875 0.5793650796875001 0.6641666671875 0.56825396875 0.6833333328125 0.577777778125 0.7066666671874999 0.6015873015625 0.73 0.6079365078125 0.7325 0.6142857140625 0.7416666671875001 0.61904761875 0.7491666671874999 0.609523809375 0.7541666671875 0.5730158734375 0.7716666671875 0.5142857140625 0.7716666671875 0.5079365078125 0.765 0.50634920625 0.7591666671875 0.496825396875 0.76 0.484126984375 0.7666666671875 0.4619047625 0.7766666671875 0.46031746093750003 0.7716666671875 0.45079365156250006 0.7666666671875 0.4539682546875 0.7625 0.44444444375 0.7474999999999999 0.447619046875 0.745 0.44285714218749994 0.7275 0.44126984062499996 0.6616666671875 0.403174603125 0.6316666671875 0.4015873015625 0.6241666671874999 0.4142857140625 0.6174999999999999 0.45079365156250006 0.6125 0.4619047625 0.6141666671875 0.46825396875 0.6116666671875 0.48253968281250004 0.6025 0.503174603125 0.6 0.5190476187499999 0.6016666671875 0.528571428125 0.595 0.53174603125 0.5925 0.5412698406249999 0.5941666671875 0.54444444375 0.5916666671875 0.5555555562500001 0.6083333328125 0.5555555562500001 0.61 0.5603174609375
2 0.71 0.215873015625 0.7166666671875 0.22539682499999997 0.7266666671875 0.2301587296875 0.7474999999999999 0.2301587296875 0.7525000000000001 0.2126984125 0.7516666671875 0.203174603125 0.7408333328125 0.2015873015625 0.735 0.190476190625 0.7241666671875 0.184126984375 0.6941666671875 0.184126984375 0.6941666671875 0.2047619046875 0.6966666671875 0.2126984125 0.71 0.215873015625
2 0.6641666671875 0.547619046875 0.6799999999999999 0.5380952375 0.6891666671875 0.5190476187499999 0.6916666671875 0.4920634921875 0.6991666671875 0.4730158734375 0.6991666671875 0.44920634843749996 0.6916666671875 0.43333333281249997 0.675 0.43809523749999996 0.67 0.44285714218749994 0.6516666671875 0.49047619062500003 0.65 0.5142857140625 0.655 0.5396825390625 0.6599999999999999 0.547619046875 0.6641666671875 0.547619046875
2 0.8574999999999999 0.49047619062500003 0.8691666671875 0.4888888890625 0.8816666671875 0.46666666718750005 0.8841666671875 0.4539682546875 0.8866666671875001 0.43333333281249997 0.8841666671875 0.36666666718749996 0.8791666671874999 0.3603174609375 0.8716666671875 0.33809523750000003 0.86 0.32698412656250003 0.8466666671875 0.32698412656250003 0.8366666671875 0.33809523750000003 0.8291666671875 0.3571428578125 0.8275 0.4365079359375 0.8300000000000001 0.44920634843749996 0.845 0.48253968281250004 0.8574999999999999 0.49047619062500003
2 0.72 0.74444444375 0.7224999999999999 0.741269840625 0.7150000000000001 0.7380952375 0.7141666671875 0.7603174609375001 0.7166666671875 0.765079365625 0.72 0.7619047625 0.72 0.74444444375
2 0.8241666671875001 0.70634920625 0.8275 0.674603175 0.8091666671875 0.6666666671875 0.8 0.6555555562500001 0.7675 0.6476190468749999 0.7641666671875 0.6428571421875 0.7275 0.6571428578125 0.7216666671875 0.6730158734375 0.72 0.684126984375 0.7325 0.6952380953125 0.7775000000000001 0.7079365078125 0.8241666671875001 0.70634920625
2 0.6900000000000001 0.841269840625 0.6991666671875 0.8380952374999999 0.7041666671875 0.8301587296875 0.705 0.8 0.7016666671875 0.7841269843750001 0.6891666671875 0.7730158734375 0.6625 0.7730158734375 0.6425 0.790476190625 0.6391666671875 0.796825396875 0.6391666671875 0.8142857140625 0.6599999999999999 0.8380952374999999 0.6900000000000001 0.841269840625
2 0.6991666671875 0.8380952374999999 0.7041666671875 0.8301587296875 0.705 0.8 0.7008333328125 0.7888888890625 0.7016666671875 0.7841269843750001 0.6916666671875 0.777777778125 0.6866666671874999 0.7682539687500001 0.6616666671875 0.7730158734375 0.6375 0.796825396875 0.6375 0.8142857140625 0.6599999999999999 0.8380952374999999 0.6900000000000001 0.841269840625 0.6991666671875 0.8380952374999999
2 0.6166666671875001 0.790476190625 0.6191666671875 0.7841269843750001 0.61 0.7682539687500001 0.61 0.7619047625 0.5991666671875 0.765079365625 0.5966666671875 0.7666666671875 0.5974999999999999 0.7730158734375 0.6075 0.7888888890625 0.6166666671875001 0.790476190625
2 0.6891666671875 0.7603174609375001 0.6900000000000001 0.7571428578125 0.7008333328125 0.7619047625 0.705 0.7571428578125 0.71 0.7603174609375001 0.7191666671875 0.7492063484375 0.7166666671875 0.7428571421875 0.6925 0.7380952375 0.6891666671875 0.7476190468749999 0.6816666671875 0.74444444375 0.671875 0.7492063484375 0.6716666671875 0.7539682546875001 0.6670833328125 0.7492063484375 0.6658333328125 0.75555555625 0.6622916671875 0.7492063484375 0.6605558328125001 0.75555555625 0.6575 0.7492063484375 0.6552775 0.75555555625 0.6516666671875 0.7507936515625 0.6391666671875 0.7571428578125 0.6289583328125 0.75555555625 0.6258333328125001 0.7603174609375001 0.6241666671874999 0.75555555625 0.6174999999999999 0.7571428578125 0.6125 0.7603174609375001 0.6174999999999999 0.765079365625 0.65 0.75555555625 0.6891666671875 0.7603174609375001
2 0.7150000000000001 0.5603174609375 0.72 0.5603174609375 0.74 0.5190476187499999 0.7375 0.4984126984375 0.7416666671875001 0.484126984375 0.7416666671875001 0.47142857187500004 0.7366666671875 0.45555555625000005 0.7275 0.44920634843749996 0.71 0.45555555625000005 0.7091666671875 0.46666666718750005 0.7025 0.477777778125 0.6975 0.47936507968750003 0.6925 0.503174603125 0.6941666671875 0.558730159375 0.7016666671875 0.5666666671875 0.7116666671874999 0.5666666671875 0.7150000000000001 0.5603174609375