3 0.5248508953125001 0.7727717921874999 0.552683896875 0.7727717921874999 0.5606361828125 0.774240940625 0.577534790625 0.7732615078125 0.5984095421875 0.7766895203125 0.7047713718749999 0.769833496875 0.711729621875 0.7683643484375 0.715705765625 0.765426053125 0.711729621875 0.757590596875 0.7017892640625 0.7546523015625 0.6699801187500001 0.755631734375 0.6510934390625 0.7595494609375 0.636182903125 0.76052889375 0.5735586484375 0.761998040625 0.543737575 0.76052889375 0.5357852875 0.75710088125 0.50397614375 0.7566111656250001 0.4900596421875 0.7507345734374999 0.480119284375 0.7492654265625001 0.4721669984375 0.753183153125 0.4701789265625 0.7590597453125 0.48508946249999996 0.766405484375 0.51789264375 0.7703232125 0.5248508953125001 0.7727717921874999
3 0.0119284296875 0.936336925 0.006958250000000001 0.9392752203124999 0.0218687875 0.9368266406249999 0.019880715625 0.942213515625 0.028827037500000003 0.9554358468749999 0.0427435390625 0.9662095984375 0.055666004687500006 0.9701273265625 0.023856859375 0.9941234078125 0.030815109375 0.99902056875 0.053677932812499995 0.99902056875 0.0586481109375 0.9926542609375 0.0715705765625 0.9838393734374999 0.08349900625 0.9877571015625 0.0785288265625 0.9931439765625001 0.0805168984375 0.99902056875 0.10536779375000001 0.99902056875 0.14115308124999998 0.9794319296875 0.150099403125 0.9755142015624999 0.1669980125 0.972086190625 0.1888667984375 0.96033300625 0.20576540781250002 0.954456415625 0.21371769375 0.9490695390624999 0.2504970171875 0.932419196875 0.2564612328125 0.9275220375 0.277335984375 0.9177277171875 0.288270378125 0.9094025468750001 0.3001988078125 0.9045053875000001 0.310139165625 0.8956905000000001 0.35685884687499997 0.868756121875 0.35884691874999997 0.86483839375 0.38071570625 0.8496571984375001 0.3906560640625 0.8374143000000001 0.403578528125 0.8310479921875 0.40556660000000005 0.8261508328125 0.4155069578125 0.8183153765625001 0.43240556718749995 0.798237021875 0.45228628281249994 0.7668952015625 0.4572564609375 0.753183153125 0.45526838906249995 0.7458374140624999 0.43836978125000003 0.7448579828125 0.4284294234375 0.746816846875 0.4174950296875 0.74387855 0.40656063593749997 0.74387855 0.3996023859375 0.748775709375 0.3936381703125 0.7448579828125 0.3707753484375 0.7414299703125 0.35884691874999997 0.74387855 0.3489065609375 0.748775709375 0.3379721671875 0.7433888343749999 0.3200795234375 0.74387855 0.2783300203125 0.7639569046875 0.2584493046875 0.7683643484375 0.2564612328125 0.770812928125 0.24254473124999998 0.774240940625 0.22862823125 0.7752203718749999 0.22365805156250002 0.77815866875 0.20576540781250002 0.7815866796875001 0.154075546875 0.7855044078125 0.14115308124999998 0.7879529875 0.1003976140625 0.7894221359375 0.0944334 0.791870715625 0.0735586484375 0.79236043125 0.0656063625 0.7952987265625 0.04671968125 0.797257590625 0.045725646875 0.7992164546875 0.0387673953125 0.8001958859375 0.037773359374999996 0.80215475 0.0248508953125 0.8065621937499999 0.008946321875 0.8271302640625 0.006958250000000001 0.8374143000000001 0.014910537500000001 0.85602350625 0.001988071875 0.8834476 0 0.9074436828125 0.00397614375 0.9333986281250001 0.0049701796875 0.9353574921875 0.0119284296875 0.936336925
3 0.50397614375 0.6958863859375 0.5079522859375001 0.6978452500000001 0.50695825 0.6953966703125001 0.50397614375 0.6958863859375
3 0.33200795156249996 0.6998041140625 0.3339960234375 0.7015181187499999 0.3290258453125 0.703232125 0.3339960234375 0.7042115578125 0.33697813125 0.6944172375 0.33200795156249996 0.6909892265625001 0.33001988125000004 0.684133203125 0.32703777343749996 0.6949069546875 0.3339960234375 0.69882468125 0.3290258453125 0.7002938296875 0.33200795156249996 0.6998041140625
3 0.31212723593749997 0.671890303125 0.31510934375 0.671890303125 0.31411530781249997 0.6699314390625 0.31212723593749997 0.671890303125
3 0.3200795234375 0.6836434875 0.32703777343749996 0.67923604375 0.32703777343749996 0.6694417234375 0.3200795234375 0.6640548484375 0.317097415625 0.666503428125 0.317097415625 0.6767874625 0.32206759375 0.6777668953125 0.3200795234375 0.6836434875
3 0.33001988125000004 0.652301665625 0.324055665625 0.6537708125 0.33001988125000004 0.656709109375 0.3339960234375 0.654260528125 0.33001988125000004 0.652301665625
3 0.5278330015625 0.69882468125 0.5497017890625 0.6929480906250001 0.552683896875 0.6895200781249999 0.5586481109375 0.688540646875 0.5576540750000001 0.6846229187499999 0.5705765406250001 0.6826640546875 0.581510934375 0.67580803125 0.59045725625 0.675318315625 0.59045725625 0.6733594515625 0.585487078125 0.6714005875 0.5874751484375 0.6699314390625 0.5954274359375 0.670910871875 0.5984095421875 0.6689520078125 0.6153081515625 0.667482859375 0.6282306156249999 0.6616062687500001 0.6351888671875 0.6611165531250001 0.6381709734375 0.65817825625 0.6471172968750001 0.6557296765625 0.6471172968750001 0.6498530859375 0.6401590453125 0.6498530859375 0.6371769390625001 0.6464250734375 0.632206759375 0.6498530859375 0.632206759375 0.653281096875 0.62723658125 0.6518119484375 0.6262425453125 0.648873653125 0.6182902578125 0.6503428015625 0.61232604375 0.654260528125 0.610337971875 0.6591576890625 0.5984095421875 0.6576885406249999 0.6003976140625 0.6596474046874999 0.5934393640625 0.6606268359375 0.5914512921874999 0.6635651328125001 0.5765407546875 0.6645445640625 0.5656063625 0.670910871875 0.563618290625 0.6767874625 0.559642146875 0.6772771796875 0.5556660046874999 0.6743388828125 0.5516898609374999 0.6777668953125 0.545725646875 0.6782566109375 0.5407554671875 0.6865817828125 0.53280318125 0.6880509296875 0.5288270374999999 0.684133203125 0.5168986078125 0.6924583734375 0.5149105375 0.6968658171875 0.5188866796875 0.703232125 0.5228628234375 0.702742409375 0.5278330015625 0.69882468125
3 0.6669980125 0.6537708125 0.6689860828125 0.647894221875 0.678926440625 0.6503428015625 0.6819085484375 0.647894221875 0.6868787281250001 0.6483839375 0.7057654078125 0.644955925 0.7107355859375 0.640058765625 0.708747515625 0.6366307546875001 0.6968190859375001 0.63516160625 0.6769383703125 0.6366307546875001 0.6769383703125 0.6390793343750001 0.6729622265625 0.6410381984375 0.665009940625 0.6420176296875 0.6640159046874999 0.64054848125 0.6600397609375 0.6454456421875 0.6550695828124999 0.6474045046875 0.6570576546875 0.6552399609374999 0.6669980125 0.6537708125
3 0.3546875 0.40078125 0.00078125 0.0015625
3 0.34393638125 0.3997061703125 0.3489065609375 0.400587659375 0.34393638125 0.40244857968750003 0.34393638125 0.40793339843750004 0.35188866875 0.4069539671875 0.35188866875 0.4113614109375 0.35685884687499997 0.4074436828125 0.3508946328125 0.40646424999999997 0.35188866875 0.40254652343749997 0.34393638125 0.39422135156250004 0.34393638125 0.3997061703125
3 0.5755467203125 0.37610186093750003 0.588469184375 0.3800195890625 0.603379721875 0.3809990203125 0.6232604375 0.38981390781249997 0.6401590453125 0.3903036234375 0.645129225 0.3844270328125 0.6441351890625 0.3809990203125 0.6312127234375 0.3756121453125 0.5954274359375 0.36826640624999996 0.56858846875 0.3584720859375 0.5357852875 0.3530852109375 0.5248508953125001 0.3535749265625 0.5218687875 0.355533790625 0.5168986078125 0.352105778125 0.50397614375 0.351126346875 0.50397614375 0.36483839375 0.5159045718749999 0.3638589625 0.5705765406250001 0.3726738484375 0.5755467203125 0.37610186093750003
3 0.3866799203125 0.48677766875 0.4204771375 0.5014691484375 0.45526838906249995 0.5083251718749999 0.49701789218750003 0.5112634671875 0.53976143125 0.509304603125 0.5417495031249999 0.5083251718749999 0.5367793234375 0.500489715625 0.5357852875 0.48677766875 0.530815109375 0.481880509375 0.5188866796875 0.4794319296875 0.49801192812500006 0.4794319296875 0.440357853125 0.468658178125 0.4105367796875 0.454456415625 0.40556660000000005 0.446620959375 0.40556660000000005 0.437806071875 0.4155069578125 0.42703232187499995 0.4274353875 0.4221351609375 0.45228628281249994 0.41772771718749996 0.4632206765625 0.41283055781250005 0.4940357859375 0.404995103125 0.5019880718749999 0.3981390796875 0.50397614375 0.3888344765625 0.5019880718749999 0.3849167484375 0.49801192812500006 0.3834476 0.480119284375 0.3834476 0.4701789265625 0.39520078281250004 0.458250496875 0.397159646875 0.44532803125 0.40254652343749997 0.4085487078125 0.4098922625 0.3996023859375 0.414789421875 0.39860835 0.4074436828125 0.4085487078125 0.3981390796875 0.4105367796875 0.3922624875 0.41848906562500005 0.3844270328125 0.440357853125 0.37365328125 0.458250496875 0.368756121875 0.4711729625 0.3677766890625 0.4791252484375 0.36483839375 0.4940357859375 0.364348678125 0.4950298203125 0.3545543578125 0.5 0.352105778125 0.48210735624999995 0.351126346875 0.44731610312500003 0.3530852109375 0.4204771375 0.36043094999999997 0.3916501 0.37610186093750003 0.385685884375 0.3834476 0.37176938437499996 0.3937316359375 0.3667992046875 0.3996082265625 0.3667992046875 0.40401567031249996 0.35685884687499997 0.41429970625 0.3538767390625 0.43192948124999997 0.35884691874999997 0.45788442656250006 0.36381709687499997 0.46669931406250004 0.3866799203125 0.48677766875
3 0.8956262421875 0.332517140625 0.903578528125 0.3545543578125 0.9284294234375 0.40009794374999996 0.9383697812499999 0.4250734578125 0.940357853125 0.4402546515625 0.9473161031249999 0.44613124375 0.9662027828124999 0.44613124375 0.96719681875 0.43339862812499996 0.96023856875 0.419196865625 0.96023856875 0.41283055781250005 0.925447315625 0.34133202812499996 0.9174950296875 0.33055827656250003 0.9105367796875001 0.328109696875 0.9135188859375001 0.3178256609375 0.9105367796875001 0.31390793281249996 0.8936381703125 0.3173359453125 0.8956262421875 0.319294809375 0.8916501 0.3222331046875 0.8906560640625001 0.3276199796875 0.8956262421875 0.332517140625
3 0.6739562625 0.459353575 0.7127236578125 0.4524975515625 0.7306163015625 0.45298726718750004 0.7475149109375 0.45102840312500003 0.75745526875 0.4485798234375 0.7614314109375 0.445641528125 0.773359840625 0.44906953906249997 0.7952286281250001 0.445641528125 0.8001988078125001 0.43486777656250003 0.8021868781249999 0.418217434375 0.810139165625 0.41527913749999995 0.8389662031249999 0.397159646875 0.8389662031249999 0.39520078281250004 0.85188866875 0.3868756125 0.8687872765625 0.36826640624999996 0.8787276343749999 0.35063663125 0.8817097421875 0.33398628750000003 0.863817096875 0.3315377078125 0.8757455265624999 0.3266405484375 0.8817097421875 0.3285994125 0.8836978125 0.3276199796875 0.8856858843750001 0.3232125375 0.8817097421875 0.3173359453125 0.8767395625000001 0.3173359453125 0.87276341875 0.320274240625 0.86580516875 0.319294809375 0.8578528828125 0.31537708124999997 0.85188866875 0.31537708124999997 0.8489065609375 0.3173359453125 0.8369781312500001 0.3173359453125 0.8339960234375001 0.320274240625 0.8091451296875001 0.31831537656250003 0.8051689859375 0.3168462296875 0.8051689859375 0.310479921875 0.8001988078125001 0.306072478125 0.7972167 0.30656219375 0.7952286281250001 0.31194907031249997 0.788270378125 0.314887365625 0.770377734375 0.31390793281249996 0.7634194828124999 0.3222331046875 0.7634194828124999 0.3285994125 0.760437375 0.3315377078125 0.760437375 0.364348678125 0.7673956265624999 0.3868756125 0.7634194828124999 0.40009794374999996 0.7385685890625 0.4074436828125 0.733598409375 0.4118511265625 0.726640159375 0.41087169375 0.7196819078125001 0.41429970625 0.7137176937499999 0.414789421875 0.70974155 0.4206660140625 0.6968190859375001 0.42164544531250003 0.6958250500000001 0.42409402500000004 0.678926440625 0.4304603328125 0.6739562625 0.42899118437499995 0.652087475 0.43486777656250003 0.650099403125 0.437806071875 0.6282306156249999 0.44955925625 0.625248509375 0.459353575 0.6351888671875 0.4618021546875 0.6600397609375 0.4573947109375 0.6739562625 0.459353575
3 0.856858846875 0.288442703125 0.86580516875 0.2908912828125 0.8667992046874999 0.2879529875 0.8717693843750001 0.28599412343749997 0.8707753484375 0.2810969640625 0.86580516875 0.27522037187500004 0.8538767390625001 0.27522037187500004 0.8449304171875 0.279627815625 0.8449304171875 0.2825661109375 0.8558648109375 0.2855044078125 0.856858846875 0.288442703125
3 0.145129225 0.4387855046875 0.1491053671875 0.4417238 0.16500994062500002 0.4735553375 0.1888667984375 0.5063663078125 0.19184890625 0.5142017625 0.2186878734375 0.544564153125 0.2256461234375 0.5563173359375 0.2415506953125 0.5714985312499999 0.277335984375 0.5959843296875 0.288270378125 0.6057786484375 0.3339960234375 0.6322233109375001 0.33697813125 0.6425073453125 0.341948309375 0.6464250734375 0.34393638125 0.653281096875 0.3489065609375 0.656709109375 0.3489065609375 0.6625856999999999 0.35188866875 0.6640548484375 0.35188866875 0.6694417234375 0.34393638125 0.67042115625 0.3469184890625 0.670910871875 0.34393638125 0.673065621875 0.3489065609375 0.6738491671875 0.34393638125 0.6757100875 0.3469184890625 0.676297746875 0.34393638125 0.6777668953125 0.3449304171875 0.6904995109375001 0.341948309375 0.6944172375 0.34791252500000003 0.6958863859375 0.34393638125 0.6974534765625 0.34393638125 0.7144955921875 0.36580516875 0.7135161609375 0.3737574546875 0.716944171875 0.3866799203125 0.7179236046875 0.39860835 0.7174338890625 0.40258449374999994 0.715475025 0.4155069578125 0.7184133203124999 0.43240556718749995 0.7164544562499999 0.4433399609375 0.7203721843750001 0.45526838906249995 0.7203721843750001 0.4642147125 0.7164544562499999 0.46719681875 0.7198824687500001 0.48210735624999995 0.7198824687500001 0.4950298203125 0.7105778640625 0.5019880718749999 0.71106758125 0.5049701796875 0.7095984328125 0.4940357859375 0.7051909890625 0.4990059640625 0.702742409375 0.5049701796875 0.703721840625 0.5009940359375 0.69882468125 0.4990059640625 0.7012732609375 0.4940357859375 0.699314396875 0.49701789218750003 0.679725759375 0.5019880718749999 0.6689520078125 0.5168986078125 0.6625856999999999 0.530815109375 0.6527913812499999 0.5606361828125 0.6371204703125 0.639165009375 0.6155729671875 0.6829025843750001 0.61214495625 0.6948310140625 0.6096963765625001 0.7017892640625 0.6101860921875 0.72862823125 0.6043095 0.7435387671875 0.603819784375 0.8161033796874999 0.5925563171875 0.85188866875 0.5847208625 0.8956262421875 0.5714985312499999 0.9324055671875 0.553379040625 0.9522862828124999 0.53623898125 0.96719681875 0.5166503421875001 0.9701789265625 0.50440744375 0.96719681875 0.5014691484375 0.96023856875 0.5 0.9453280312500001 0.50097943125 0.933399603125 0.5235063656250001 0.9085487078125001 0.5440744375000001 0.88071570625 0.558765915625 0.854870775 0.566601371875 0.85188866875 0.5690499515624999 0.8250497015624999 0.5739471109375 0.8180914515625 0.57688540625 0.7753479125 0.5827619984375 0.7365805171875001 0.5107737515624999 0.73558648125 0.5122428984375 0.7216699796875 0.5083251718749999 0.7186878734375 0.5102840359374999 0.708747515625 0.5112634671875 0.708747515625 0.5127326156249999 0.7017892640625 0.5146914796875001 0.6868787281250001 0.526934378125 0.6799204765625 0.5288932421875 0.6669980125 0.540646425 0.6570576546875 0.5430950046875 0.6461232609375 0.5509304609375001 0.632206759375 0.5558276203125 0.6292246515625 0.55925563125 0.6003976140625 0.5705190984375 0.5954274359375 0.5744368265625 0.59045725625 0.5749265421875001 0.5755467203125 0.5822722828125 0.563618290625 0.58570029375 0.563618290625 0.581782565625 0.5785288265624999 0.5719882468749999 0.585487078125 0.563173359375 0.6053677937499999 0.5509304609375001 0.610337971875 0.5440744375000001 0.6351888671875 0.531341821875 0.6471172968750001 0.5186092062500001 0.6222664015625 0.5186092062500001 0.6023856859375 0.525954946875 0.592445328125 0.522526934375 0.5834990062500001 0.5254652296875 0.563618290625 0.5254652296875 0.5556660046874999 0.5210577859375001 0.550695825 0.5151811953125 0.54671968125 0.5146914796875001 0.5357852875 0.526934378125 0.5248508953125001 0.532321253125 0.5218687875 0.541136140625 0.5139165015625 0.5460333 0.5119284296875 0.5519098921875 0.50695825 0.5553379046875 0.50695825 0.55925563125 0.5 0.566601371875 0.5 0.571008815625 0.4920477140625 0.582517140625 0.484095428125 0.580803134375 0.480119284375 0.5827619984375 0.47514910468749993 0.590597453125 0.44532803125 0.612634671875 0.43836978125000003 0.6229187078125 0.433399603125 0.6238981390625 0.42544731562500004 0.618021546875 0.400596421875 0.5871694421875 0.3936381703125 0.5827619984375 0.3906560640625 0.5773751218750001 0.3866799203125 0.576395690625 0.3757455265625 0.563663075 0.367793240625 0.558765915625 0.3618290265625 0.5504407437500001 0.3489065609375 0.541136140625 0.3489065609375 0.536728696875 0.3339960234375 0.5132223312499999 0.3339960234375 0.5083251718749999 0.33001988125000004 0.505386875 0.3290258453125 0.49853085156250004 0.310139165625 0.47796278125 0.310139165625 0.47453477031249996 0.2922465203125 0.45102840312500003 0.2922465203125 0.44613124375 0.2783300203125 0.42360430937500004 0.2723658046875 0.40156709062499996 0.2683896625 0.3981390796875 0.2683896625 0.3888344765625 0.260437375 0.3667972578125 0.2584493046875 0.31439765 0.2654075546875 0.30705190937500004 0.2683896625 0.2987267390625 0.3001988078125 0.2703232125 0.3598409546875 0.23800195937500002 0.3737574546875 0.23408423125 0.4015904578125 0.221351615625 0.4284294234375 0.2149853078125 0.4413518890625 0.21596474062499998 0.45228628281249994 0.2208619 0.458250496875 0.23114593593750002 0.47415507031250004 0.23359451562500003 0.48906560624999995 0.23065621875 0.484095428125 0.21596474062499998 0.47415507031250004 0.2095984328125 0.45526838906249995 0.20225269375 0.45626242499999997 0.198334965625 0.4990059640625 0.19637610156250002 0.54671968125 0.1998041140625 0.5705765406250001 0.21008814843749998 0.577534790625 0.2105778640625 0.585487078125 0.21449559218749997 0.5954274359375 0.21645445625 0.6023856859375 0.224779628125 0.6053677937499999 0.225759059375 0.6153081515625 0.2233104796875 0.6172962234375 0.21988246875 0.6023856859375 0.2056807046875 0.588469184375 0.198334965625 0.5705765406250001 0.1924583734375 0.56163021875 0.1914789421875 0.55467196875 0.18805092968749998 0.5417495031249999 0.18707149843749998 0.5357852875 0.18462291875 0.5149105375 0.1831537703125 0.5119284296875 0.1816846234375 0.45526838906249995 0.18119490625 0.42544731562500004 0.18462291875 0.4204771375 0.18707149843749998 0.3936381703125 0.1919686578125 0.38767395625 0.1949069546875 0.3687872765625 0.198334965625 0.345924453125 0.20519098906250002 0.30715705781249997 0.2056807046875 0.2743538765625 0.21204701250000002 0.240556659375 0.21596474062499998 0.1669980125 0.2355533796875 0.1351888671875 0.251224290625 0.1182902578125 0.2673849171875 0.11033797187500001 0.2855044078125 0.11033797187500001 0.3374143 0.128230615625 0.4035259546875 0.1401590453125 0.42409402500000004 0.145129225 0.4387855046875
2 0.8906560640625001 0.12487757031249999 0.903578528125 0.12095984374999999 0.9065606359375 0.11557296718750001 0.900596421875 0.113614103125 0.8817097421875 0.1131243875 0.8757455265624999 0.113614103125 0.8717693843750001 0.117042115625 0.8687872765625 0.1307541625 0.8707753484375 0.14054848125 0.8866799203125 0.1415279140625 0.8906560640625001 0.12487757031249999
2 0.6491053671875 0.13956905 0.6540755468749999 0.1415279140625 0.665009940625 0.1415279140625 0.665009940625 0.13173359375 0.6699801187500001 0.1238981390625 0.678926440625 0.1307541625 0.678926440625 0.13858961875 0.6838966203125 0.1420176296875 0.6968190859375001 0.1410381984375 0.6968190859375001 0.13516160625 0.7037773359374999 0.12928501406249998 0.711729621875 0.13712047031250002 0.7186878734375 0.14054848125 0.7306163015625 0.1425073453125 0.7524850890625 0.1410381984375 0.7654075546875 0.13173359375 0.7654075546875 0.1229187078125 0.760437375 0.11851126406250001 0.7495029828125 0.11508325156250002 0.73558648125 0.11557296718750001 0.7345924453125 0.117042115625 0.729622265625 0.11459353593749999 0.72067594375 0.11508325156250002 0.70974155 0.12144955937499999 0.7017892640625 0.1234084234375 0.6888667984375 0.11410382031249999 0.6620278328125 0.11459353593749999 0.6471172968750001 0.11214495625000001 0.639165009375 0.11410382031249999 0.6222664015625 0.11508325156250002 0.6202783296875001 0.1199804109375 0.6182902578125 0.1366307546875 0.6202783296875001 0.140058765625 0.625248509375 0.1420176296875 0.6491053671875 0.13956905
2 0.7783300203125 0.13956905 0.7823061625000001 0.1410381984375 0.8021868781249999 0.1410381984375 0.8051689859375 0.1336924578125 0.8200795234375 0.1410381984375 0.8489065609375 0.14054848125 0.863817096875 0.1336924578125 0.863817096875 0.12242899062499998 0.85188866875 0.11508325156250002 0.8250497015624999 0.11410382031249999 0.817097415625 0.11557296718750001 0.8051689859375 0.12095984374999999 0.8021868781249999 0.11900097968750001 0.8021868781249999 0.11410382031249999 0.7952286281250001 0.11165524062500001 0.7922465203125 0.1052889328125 0.7892644140625 0.1047992171875 0.7783300203125 0.109206659375 0.7783300203125 0.11165524062500001 0.773359840625 0.113614103125 0.7723658046875 0.11753183125 0.7783300203125 0.1243878546875 0.777335984375 0.1366307546875 0.7783300203125 0.13956905
2 0.585487078125 0.2272282078125 0.5914512921874999 0.22771792343750002 0.59045725625 0.226248775 0.585487078125 0.2272282078125
2 0.2683896625 0.338883446875 0.2683896625 0.35700293906249997 0.273359840625 0.36483839375 0.273359840625 0.3956905 0.28031809218750003 0.40646424999999997 0.2833001984375 0.419196865625 0.295228628125 0.4382957890625 0.295228628125 0.44466209531249995 0.31212723593749997 0.46669931406250004 0.33499005937500004 0.4657198828125 0.35188866875 0.46082272343749997 0.3489065609375 0.45298726718750004 0.3489065609375 0.4354187078125 0.4155069578125 0.437806071875 0.4234592453125 0.45298726718750004 0.43141153125000004 0.454456415625 0.43836978125000003 0.459843290625 0.451292246875 0.459843290625 0.4632206765625 0.4618021546875 0.5029821078125 0.46131243906249997 0.508946321875 0.45886385937499996 0.508946321875 0.45298726718750004 0.5119284296875 0.45151811875 0.519880715625 0.459353575 0.526838965625 0.45641527968749995 0.5357852875 0.45641527968749995 0.548707753125 0.46082272343749997 0.585487078125 0.46082272343749997 0.5984095421875 0.459353575 0.61232604375 0.45298726718750004 0.6133200796875 0.450048971875 0.6371769390625001 0.4382957890625 0.650099403125 0.42948090156249996 0.665009940625 0.42458374218749995 0.6689860828125 0.42115572968750004 0.6689860828125 0.41332027499999996 0.6739562625 0.40793339843750004 0.671968190625 0.401077375 0.675944334375 0.396180215625 0.700795228125 0.3903036234375 0.700795228125 0.3858961796875 0.6888667984375 0.3765915765625 0.693836978125 0.37365328125 0.693836978125 0.3628795296875 0.6888667984375 0.34769833437500003 0.6888667984375 0.3398628796875 0.693836978125 0.3344760046875 0.693836978125 0.31439765 0.6838966203125 0.3031341828125 0.6868787281250001 0.2855044078125 0.6819085484375 0.2791381 0.6838966203125 0.25710088125 0.6809145125 0.2507345734375 0.6769383703125 0.2507345734375 0.6699801187500001 0.25514201718749996 0.671968190625 0.2634671890625 0.6570576546875 0.2683643484375 0.6471172968750001 0.27473065625 0.6371769390625001 0.27473065625 0.6292246515625 0.27815866875 0.6202783296875001 0.278648384375 0.5984095421875 0.28452497499999996 0.585487078125 0.28893241875000003 0.5844930421875 0.2913809984375 0.5606361828125 0.2957884421875 0.5536779328125 0.2997061703125 0.5417495031249999 0.300685603125 0.519880715625 0.30656219375 0.50695825 0.3134182171875 0.48210735624999995 0.31880509375 0.47514910468749993 0.31537708124999997 0.46719681875 0.3075416265625 0.46719681875 0.30264446562499997 0.4900596421875 0.293829578125 0.5139165015625 0.28599412343749997 0.5228628234375 0.28599412343749997 0.5387673953125 0.2806072484375 0.5477137171875001 0.279627815625 0.56163021875 0.27326150781249997 0.5954274359375 0.2649363375 0.6053677937499999 0.25710088125 0.6053677937499999 0.2536728703125 0.5954274359375 0.2448579828125 0.592445328125 0.23457394687500002 0.5844930421875 0.23261508281249998 0.5765407546875 0.234737021875 0.5785288265624999 0.2296767875 0.5735586484375 0.22771792343750002 0.577534790625 0.22673849218750003 0.5556660046874999 0.23016650312500003 0.552683896875 0.2238001953125 0.5387673953125 0.22233104843749998 0.5337972171875001 0.2174338890625 0.5 0.21694417187499998 0.4940357859375 0.221351615625 0.4950298203125 0.23359451562500003 0.4781312125 0.2365328109375 0.45328031874999997 0.2350636625 0.4502982109375 0.23114593593750002 0.45228628281249994 0.226248775 0.442345925 0.2189030359375 0.4284294234375 0.2189030359375 0.4244532796875 0.2228207640625 0.41153081562500005 0.2233104796875 0.4085487078125 0.225759059375 0.396620278125 0.22673849218750003 0.3866799203125 0.23065621875 0.378727634375 0.242409403125 0.3757455265625 0.243388834375 0.37176938437499996 0.2399608234375 0.36580516875 0.2448579828125 0.349900596875 0.2507345734375 0.35685884687499997 0.25416258593749996 0.35685884687499997 0.25661116562499997 0.34393638125 0.255631734375 0.341948309375 0.253183153125 0.3339960234375 0.25759059687499997 0.3200795234375 0.261508325 0.3051689859375 0.270812928125 0.302186878125 0.2761998046875 0.288270378125 0.2855044078125 0.28031809218750003 0.296278159375 0.270377734375 0.3031341828125 0.2683896625 0.3212536734375 0.2634194828125 0.3266405484375 0.2634194828125 0.3344760046875 0.2683896625 0.338883446875
2 0.788270378125 0.7722820765625 0.788270378125 0.7766895203125 0.79025845 0.773751225 0.788270378125 0.7722820765625
2 0.46023856875 0.811459353125 0.47614314062499996 0.8090107734374999 0.5288270374999999 0.8095004890625 0.5387673953125 0.8055827624999999 0.5606361828125 0.8055827624999999 0.5705765406250001 0.8075416265625 0.5735586484375 0.8055827624999999 0.5984095421875 0.8041136140624999 0.6620278328125 0.8031341828125 0.6689860828125 0.8016650343749999 0.7107355859375 0.8001958859375 0.7306163015625 0.80117531875 0.7385685890625 0.8001958859375 0.7465208750000001 0.7952987265625 0.7753479125 0.7933398625 0.7823061625000001 0.7869735546875 0.7823061625000001 0.7815866796875001 0.7852882703125 0.7815866796875001 0.7852882703125 0.7791381000000001 0.7753479125 0.7791381000000001 0.7753479125 0.7752203718749999 0.773359840625 0.7825661109375 0.76441351875 0.7835455437500001 0.760437375 0.7869735546875 0.7534791249999999 0.7850146921875 0.7524850890625 0.7894221359375 0.7465208750000001 0.7899118515625 0.7405566593749999 0.7859941234375001 0.7385685890625 0.7806072484375 0.7316103375 0.7786483843750001 0.72862823125 0.7732615078125 0.7216699796875 0.7703232125 0.7057654078125 0.7752203718749999 0.658051690625 0.7752203718749999 0.650099403125 0.773751225 0.639165009375 0.7786483843750001 0.6282306156249999 0.7810969640625001 0.621272365625 0.7786483843750001 0.6023856859375 0.7806072484375 0.5984095421875 0.7791381000000001 0.588469184375 0.7796278156249999 0.5805168984375 0.7771792359374999 0.566600396875 0.7776689515624999 0.5407554671875 0.77473065625 0.5248508953125001 0.77473065625 0.5049701796875 0.7722820765625 0.48508946249999996 0.7673849171875 0.46520874687499997 0.766405484375 0.45228628281249994 0.77473065625 0.44731610312500003 0.7869735546875 0.433399603125 0.8016650343749999 0.43240556718749995 0.8065621937499999 0.43538767343749996 0.8090107734374999 0.44731610312500003 0.811459353125 0.46023856875 0.811459353125
2 0.2654075546875 0.761998040625 0.28528827031250004 0.7546523015625 0.2872763421875 0.7517140062500001 0.28528827031250004 0.7477962781249999 0.2683896625 0.7477962781249999 0.2584493046875 0.74387855 0.240556659375 0.74289911875 0.23558648125 0.7453476984375 0.233598409375 0.7624877578125 0.240556659375 0.7678746328125 0.2584493046875 0.766405484375 0.2654075546875 0.761998040625
2 0.74453125 0.6125 0.00234375 0.00078125
2 0.4990059640625 0.7419196859375 0.4920477140625 0.7482859937499999 0.4990059640625 0.7492654265625001 0.50695825 0.7546523015625 0.5318091453125 0.7536728703125 0.5417495031249999 0.75710088125 0.559642146875 0.757590596875 0.56858846875 0.7600391765625 0.61232604375 0.7590597453125 0.6282306156249999 0.75612145 0.652087475 0.7580803140625 0.6570576546875 0.7546523015625 0.6640159046874999 0.7551420171875 0.6739562625 0.753183153125 0.6799204765625 0.7492654265625001 0.6838966203125 0.7497551421875001 0.6838966203125 0.7517140062500001 0.70974155 0.7522037218750001 0.726640159375 0.75710088125 0.7564612328125 0.7566111656250001 0.7683896625 0.7541625859375001 0.7852882703125 0.7546523015625 0.7872763421875 0.7370225265625 0.7833001984375 0.7208618999999999 0.7823061625000001 0.663075415625 0.7783300203125 0.6527913812499999 0.7783300203125 0.6327130265625 0.7753479125 0.6302644468749999 0.7783300203125 0.618021546875 0.773359840625 0.61214495625 0.762425446875 0.6092066593750001 0.7564612328125 0.6106758078125 0.7534791249999999 0.61214495625 0.7584493046875 0.6155729671875 0.755467196875 0.61753183125 0.748508946875 0.618021546875 0.7455268390625001 0.6243878546875 0.74254473125 0.6253672875 0.7385685890625 0.6243878546875 0.73558648125 0.61753183125 0.7256461234375 0.617042115625 0.733598409375 0.61214495625 0.7236580515625 0.6123898140625 0.7236580515625 0.6092066593750001 0.6988071578125 0.61214495625 0.6958250500000001 0.616062684375 0.6888667984375 0.6145935359375 0.6838966203125 0.616062684375 0.652087475 0.617042115625 0.5954274359375 0.62977473125 0.59045725625 0.6336924578125 0.5715705765625 0.6366307546875001 0.566600396875 0.64054848125 0.5516898609374999 0.6464250734375 0.5417495031249999 0.6537708125 0.5248508953125001 0.6596474046874999 0.50397614375 0.676297746875 0.5 0.6909892265625001 0.5188866796875 0.703232125 0.4950298203125 0.7184133203124999 0.4950298203125 0.7203721843750001 0.5019880718749999 0.7223310484375001 0.5019880718749999 0.729187071875 0.4990059640625 0.7419196859375
2 0.23956262499999997 0.715475025 0.255467196875 0.7091087171875 0.2872763421875 0.7086190015625 0.302186878125 0.706170421875 0.30318091406250003 0.70225269375 0.2922465203125 0.6831537703125 0.29324055625 0.66699314375 0.30715705781249997 0.648873653125 0.317097415625 0.6454456421875 0.321073559375 0.6420176296875 0.32703777343749996 0.6410381984375 0.32703777343749996 0.63516160625 0.32206759375 0.6341821750000001 0.32206759375 0.6307541624999999 0.3161033796875 0.6283055828124999 0.3051689859375 0.6190009796875 0.2972167 0.617042115625 0.2872763421875 0.6111655234375 0.2872763421875 0.6092066593750001 0.28031809218750003 0.6067580796875001 0.2723658046875 0.5974534765625 0.260437375 0.5915768859375 0.240556659375 0.575905975 0.233598409375 0.5719882468749999 0.22862823125 0.5714985312499999 0.2256461234375 0.5719882468749999 0.22664015937499998 0.7095984328125 0.23161033749999999 0.7149853078125 0.23956262499999997 0.715475025
2 0.6222664015625 0.55386875625 0.625248509375 0.5504407437500001 0.6232604375 0.5494613125 0.6222664015625 0.55386875625
2 0.400596421875 0.5798237015625001 0.4105367796875 0.5920666015625 0.4204771375 0.59451518125 0.42544731562500004 0.6106758078125 0.4304174953125 0.6145935359375 0.43836978125000003 0.6155729671875 0.4701789265625 0.58570029375 0.487077534375 0.572967678125 0.4940357859375 0.5700293828125 0.5168986078125 0.5372184140625 0.5168986078125 0.5318315375 0.4373757453125 0.531341821875 0.41948310156249996 0.5333006859375 0.39860835 0.532321253125 0.3737574546875 0.5347698328125 0.36381709687499997 0.5337904015625 0.35884691874999997 0.5352595499999999 0.35884691874999997 0.5426052890624999 0.36580516875 0.5465230171875 0.3836978125 0.5700293828125 0.400596421875 0.5798237015625001
2 0.6540755468749999 0.5386875609375 0.658051690625 0.5396669937499999 0.6669980125 0.5377081296874999 0.671968190625 0.531341821875 0.6640159046874999 0.53085210625 0.6600397609375 0.5288932421875 0.650099403125 0.532321253125 0.6401590453125 0.540646425 0.6401590453125 0.5460333 0.6471172968750001 0.5460333 0.6491053671875 0.541136140625 0.6540755468749999 0.5386875609375
2 0.6202783296875001 0.6057786484375 0.625248509375 0.6052889328125 0.62723658125 0.6008814890624999 0.6351888671875 0.5989226249999999 0.6401590453125 0.59990205625 0.6491053671875 0.5959843296875 0.6550695828124999 0.5964740453124999 0.671968190625 0.5920666015625 0.6829025843750001 0.5925563171875 0.6958250500000001 0.5901077375 0.708747515625 0.5803134187500001 0.715705765625 0.5842311453125 0.7236580515625 0.5842311453125 0.726640159375 0.581782565625 0.73558648125 0.580803134375 0.7435387671875 0.5827619984375 0.7654075546875 0.58129285 0.7683896625 0.5798237015625001 0.770377734375 0.5714985312499999 0.770377734375 0.54505386875 0.7584493046875 0.5337904015625 0.74254473125 0.52742409375 0.7306163015625 0.526934378125 0.7236580515625 0.5284035265625 0.7107355859375 0.5396669937499999 0.6769383703125 0.5568070515625 0.6689860828125 0.56268364375 0.6689860828125 0.566601371875 0.6620278328125 0.5670910874999999 0.658051690625 0.5700293828125 0.652087475 0.571008815625 0.6441351890625 0.5793339859375 0.6371769390625001 0.580803134375 0.636182903125 0.5827619984375 0.6232604375 0.5842311453125 0.603379721875 0.59451518125 0.6023856859375 0.598432909375 0.5984095421875 0.6003917734375 0.6003976140625 0.6057786484375 0.6202783296875001 0.6057786484375
2 0.3598409546875 0 0.35685884687499997 0.0078354546875 0.36381709687499997 0.0166503421875 0.36381709687499997 0.0244857984375 0.37673956249999996 0.0426052890625 0.3817097421875 0.0440744375 0.3956262421875 0.0421155734375 0.4085487078125 0.0337904015625 0.43240556718749995 0.0293829578125 0.442345925 0.0210577859375 0.45526838906249995 0.0264446625 0.5009940359375 0.0264446625 0.548707753125 0.033300685937500005 0.5606361828125 0.02742409375 0.5705765406250001 0.0288932421875 0.5834990062500001 0.0254652296875 0.59045725625 0.026934378125000002 0.5954274359375 0.0254652296875 0.6292246515625 0.0254652296875 0.6421471171875 0.018119490625 0.6421471171875 0.008325171874999999 0.632206759375 0 0.4950298203125 0 0.487077534375 0.00440744375 0.4781312125 0.0029382953125 0.46819085468750005 0.0034280125 0.46520874687499997 0 0.433399603125 0 0.4304174953125 0.0039177281250000005 0.4204771375 0.0034280125 0.414512921875 0.0063663078124999994 0.400596421875 0.0088148875 0.396620278125 0.0073457390624999995 0.3906560640625 0 0.3598409546875 0
2 0.8071570578125 0.0822722828125 0.8270377734375 0.08031341875 0.8339960234375001 0.07149853125 0.8339960234375001 0.0651322234375 0.8300198812499999 0.060235064062499996 0.8220675937499999 0.0568070515625 0.7952286281250001 0.0568070515625 0.7852882703125 0.060724779687499994 0.7823061625000001 0.064152790625 0.7803180921874999 0.071008815625 0.788270378125 0.07884427031249999 0.7972167 0.081782565625 0.8071570578125 0.0822722828125
2 0.7723658046875 0.045543584375 0.760437375 0.045053868749999997 0.755467196875 0.051909892187499994 0.755467196875 0.080803134375 0.7683896625 0.0827619984375 0.773359840625 0.08129285 0.7723658046875 0.045543584375
2 0.5834990062500001 0.081782565625 0.6083499 0.08129285 0.6182902578125 0.0783545546875 0.6282306156249999 0.0724779625 0.6351888671875 0.07933398593749999 0.6421471171875 0.0822722828125 0.650099403125 0.08325171406250001 0.6819085484375 0.0827619984375 0.68489065625 0.080803134375 0.6988071578125 0.08325171406250001 0.711729621875 0.081782565625 0.7345924453125 0.0822722828125 0.748508946875 0.07688540625 0.748508946875 0.060724779687499994 0.7455268390625001 0.0582762 0.7405566593749999 0.055827620312500006 0.7345924453125 0.056317335937500004 0.7137176937499999 0.051909892187499994 0.70675944375 0.045053868749999997 0.693836978125 0.0465230171875 0.69184890625 0.0548481875 0.6838966203125 0.058765915625 0.6739562625 0.054358471875 0.6471172968750001 0.054358471875 0.6381709734375 0.056317335937500004 0.632206759375 0.0597453484375 0.625248509375 0.057786484375 0.61928429375 0.0494613125 0.6073558640625001 0.045053868749999997 0.5984095421875 0.044564153125 0.5834990062500001 0.044564153125 0.5735586484375 0.0465230171875 0.5656063625 0.0509304609375 0.5606361828125 0.0572967671875 0.5586481109375 0.06709108750000001 0.563618290625 0.0744368265625 0.5705765406250001 0.0783545546875 0.5834990062500001 0.081782565625
2 0.248508946875 0.99902056875 0.2504970171875 0.9965719875 0.253479125 0.99902056875 0.2753479125 0.99902056875 0.2753479125 0.9975514203125 0.2922465203125 0.9906953968750001 0.295228628125 0.9946131250000001 0.30914512968749996 0.995102840625 0.31510934375 0.9970617046875001 0.31510934375 0.99902056875 0.3200795234375 0.99902056875 0.321073559375 0.9970617046875001 0.324055665625 0.9970617046875001 0.3250497015625 0.99902056875 0.33001988125000004 0.99902056875 0.3339960234375 0.995102840625 0.3429423453125 0.9965719875 0.3449304171875 0.99902056875 0.35685884687499997 0.99902056875 0.3598409546875 0.9965719875 0.374751490625 0.9955925562499999 0.389662028125 0.9970617046875001 0.3906560640625 0.99902056875 0.400596421875 0.99902056875 0.403578528125 0.9965719875 0.40954274375 0.9970617046875001 0.4105367796875 0.99902056875 0.44731610312500003 0.99902056875 0.45328031874999997 0.9955925562499999 0.473161034375 0.9970617046875001 0.47415507031250004 0.99902056875 0.4771371765625 0.99902056875 0.4781312125 0.9970617046875001 0.4860834984375 0.9965719875 0.49304175 0.9970617046875001 0.4940357859375 0.99902056875 0.5 0.99902056875 0.5079522859375001 0.996082271875 0.5188866796875 0.996082271875 0.5248508953125001 0.991674828125 0.5288270374999999 0.9946131250000001 0.54671968125 0.99902056875 0.5497017890625 0.9965719875 0.559642146875 0.996082271875 0.566600396875 0.9906953968750001 0.5934393640625 0.9965719875 0.621272365625 0.9941234078125 0.6332007953125001 0.9965719875 0.6351888671875 0.99902056875 0.773359840625 0.99902056875 0.7783300203125 0.996082271875 0.7922465203125 0.9965719875 0.7952286281250001 0.99902056875 0.7982107359375 0.9965719875 0.806163021875 0.996082271875 0.8091451296875001 0.99902056875 0.8399602390625001 0.99902056875 0.8449304171875 0.995102840625 0.8558648109375 0.9965719875 0.856858846875 0.99902056875 0.9234592453125 0.99902056875 0.9244532796874999 0.9970617046875001 0.9383697812499999 0.9941234078125 0.9383697812499999 0.9711067578125 0.933399603125 0.9652301671875 0.9324055671875 0.958863859375 0.9204771375 0.9520078359375 0.9105367796875001 0.942213515625 0.903578528125 0.9392752203124999 0.8956262421875 0.9285014687500001 0.8916501 0.9275220375 0.8817097421875 0.91870715 0.8757455265624999 0.9094025468750001 0.86580516875 0.9040156703125 0.8667992046874999 0.8976493640625 0.8717693843750001 0.8986287953125001 0.874751490625 0.896180215625 0.8836978125 0.8996082265625001 0.8886679921875 0.8952007828124999 0.8956262421875 0.8956905000000001 0.9065606359375 0.8903036234374999 0.91650099375 0.8878550437499999 0.9274353874999999 0.8800195890625 0.9453280312500001 0.8731635656250001 0.9572564609375 0.8540646421875 0.9572564609375 0.842801175 0.942345925 0.8290891281249999 0.9284294234375 0.8241919687499999 0.9204771375 0.8178256609375 0.9015904578124999 0.810479921875 0.8836978125 0.810479921875 0.8787276343749999 0.8134182171875001 0.8757455265624999 0.811459353125 0.8687872765625 0.8139079328125 0.863817096875 0.8124387859375 0.8618290265624999 0.8095004890625 0.856858846875 0.8095004890625 0.84393638125 0.8134182171875001 0.841948309375 0.8173359453125 0.8369781312500001 0.81880509375 0.8339960234375001 0.8222331046875 0.8270377734375 0.8217433890624999 0.824055665625 0.8232125375000001 0.817097415625 0.8232125375000001 0.8121272359375 0.8261508328125 0.8031809140625 0.8261508328125 0.791252484375 0.8330068562499999 0.755467196875 0.8462291875 0.7504970171875 0.8462291875 0.7306163015625 0.8393731640625001 0.70675944375 0.8359451515625 0.6669980125 0.8266405484374999 0.65606361875 0.8276199796875 0.6371769390625001 0.823702253125 0.61232604375 0.8217433890624999 0.5984095421875 0.8222331046875 0.5844930421875 0.819784525 0.566600396875 0.81880509375 0.55467196875 0.8207639562500001 0.548707753125 0.819784525 0.5427435390625 0.8217433890624999 0.5318091453125 0.8212536734375 0.5288270374999999 0.81880509375 0.523856859375 0.81880509375 0.512922465625 0.8212536734375 0.458250496875 0.8256611171875001 0.40556660000000005 0.8364348671874999 0.39860835 0.841332028125 0.3906560640625 0.8525954953125 0.3817097421875 0.8555337906249999 0.378727634375 0.8628795296874999 0.37176938437499996 0.8677766890624999 0.354870775 0.8761018609375 0.34393638125 0.8844270328125001 0.317097415625 0.897159646875 0.30914512968749996 0.9045053875000001 0.29025845 0.914789421875 0.2833001984375 0.9216454453124999 0.2683896625 0.928011753125 0.2654075546875 0.932419196875 0.248508946875 0.9407443687500001 0.2435387671875 0.9476003921875 0.2455268390625 0.959353575 0.23558648125 0.9627815859375 0.229622265625 0.9573947109375001 0.2166998015625 0.9564152796875 0.211729621875 0.9598432906250001 0.204771371875 0.9608227234375001 0.19184890625 0.9666993140625 0.1888667984375 0.9715964734375 0.17693837031249998 0.9794319296875 0.17395626250000001 0.9872673843750001 0.1669980125 0.9931439765625001 0.1669980125 0.99902056875 0.248508946875 0.99902056875
2 0.40556660000000005 0.059255631249999996 0.4204771375 0.0739471109375 0.4502982109375 0.095004896875 0.458250496875 0.1047992171875 0.48906560624999995 0.1229187078125 0.4900596421875 0.12634671875 0.5 0.1327130265625 0.512922465625 0.135651321875 0.5188866796875 0.1425073453125 0.5337972171875001 0.1508325171875 0.5417495031249999 0.15279138125 0.543737575 0.157198825 0.5656063625 0.1689520078125 0.5834990062500001 0.1816846234375 0.5934393640625 0.18413320312499998 0.610337971875 0.19588638593750002 0.6222664015625 0.198334965625 0.6232604375 0.20078354531249998 0.632206759375 0.2047012734375 0.6371769390625001 0.21106758124999997 0.6540755468749999 0.21645445625 0.6640159046874999 0.2149853078125 0.6819085484375 0.21694417187499998 0.6868787281250001 0.2228207640625 0.6958250500000001 0.225759059375 0.7107355859375 0.22428991250000002 0.7166998015625 0.2189030359375 0.7166998015625 0.2149853078125 0.7246520875 0.21351616093749998 0.7256461234375 0.2228207640625 0.72862823125 0.22428991250000002 0.7405566593749999 0.22771792343750002 0.762425446875 0.22526934375000002 0.773359840625 0.22918707187499998 0.7783300203125 0.2331047984375 0.7783300203125 0.244368265625 0.7753479125 0.251224290625 0.77137176875 0.2536728703125 0.7405566593749999 0.2546523015625 0.7236580515625 0.2473065625 0.7166998015625 0.2497551421875 0.7166998015625 0.2590597453125 0.7365805171875001 0.27179236093750003 0.755467196875 0.279627815625 0.7654075546875 0.28697355468749997 0.77137176875 0.287463271875 0.773359840625 0.28599412343749997 0.7753479125 0.2757100875 0.77932405625 0.27424094062500004 0.784294234375 0.27473065625 0.79025845 0.27766895156250004 0.79324055625 0.2933398625 0.799204771875 0.2948090109375 0.810139165625 0.2864838390625 0.8290258453125 0.283055828125 0.84393638125 0.273751225 0.8757455265624999 0.2673849171875 0.8787276343749999 0.265426053125 0.8757455265624999 0.2580803140625 0.867793240625 0.25416258593749996 0.8598409546875001 0.2536728703125 0.84393638125 0.248775709375 0.8369781312500001 0.24828599375 0.8369781312500001 0.2507345734375 0.8260437375 0.2546523015625 0.8190854875 0.25416258593749996 0.8131212718749999 0.2507345734375 0.8021868781249999 0.25416258593749996 0.7972167 0.25416258593749996 0.7922465203125 0.251224290625 0.79025845 0.2419196859375 0.7833001984375 0.2331047984375 0.7872763421875 0.23016650312500003 0.817097415625 0.2350636625 0.8141153078125001 0.23212536718750001 0.817097415625 0.23212536718750001 0.8200795234375 0.2272282078125 0.817097415625 0.22184133125 0.8071570578125 0.21547502500000001 0.8021868781249999 0.2149853078125 0.8001988078125001 0.20861900156250002 0.7952286281250001 0.208129284375 0.7306163015625 0.17335945156250002 0.689860834375 0.1552399609375 0.67793240625 0.1464250734375 0.665009940625 0.1429970609375 0.6202783296875001 0.1429970609375 0.6172962234375 0.11557296718750001 0.6073558640625001 0.10773751250000001 0.5715705765625 0.0886385890625 0.563618290625 0.077375121875 0.552683896875 0.071988246875 0.5387673953125 0.059255631249999996 0.5288270374999999 0.045543584375 0.526838965625 0.0381978453125 0.5168986078125 0.031341821874999995 0.50397614375 0.0293829578125 0.47415507031250004 0.0293829578125 0.46520874687499997 0.032321253125 0.4642147125 0.03623898125 0.4502982109375 0.038491674999999996 0.4502982109375 0.03085210625 0.4433399609375 0.0293829578125 0.4373757453125 0.031341821874999995 0.41351888593749997 0.032321253125 0.39860835 0.040156709375 0.3956262421875 0.0426052890625 0.39860835 0.051909892187499994 0.403578528125 0.054358471875 0.40556660000000005 0.059255631249999996
2 0.5586481109375 0.50979431875 0.563618290625 0.5186092062500001 0.5705765406250001 0.5200783546875 0.6182902578125 0.513712046875 0.650099403125 0.513712046875 0.6660039765625 0.5112634671875 0.671968190625 0.5088148875 0.6888667984375 0.5083251718749999 0.7047713718749999 0.505386875 0.7166998015625 0.5058765921874999 0.739562625 0.5024485796875 0.7594433406250001 0.5019588640625 0.7783300203125 0.4980411359375 0.7972167 0.4975514203125 0.8230616296875001 0.4941234078125 0.863817096875 0.494613125 0.874751490625 0.4926542609375 0.903578528125 0.4941234078125 0.91650099375 0.4926542609375 0.925447315625 0.494613125 0.9473161031249999 0.49559255625 0.958250496875 0.49363369218750003 0.9701789265625 0.4975514203125 0.9900596421875001 0.49902056874999995 0.9950298203125 0.495102840625 0.9950298203125 0.481880509375 0.9990059640625001 0.4794319296875 0.9990059640625001 0.4622918703125 0.9900596421875001 0.45788442656250006 0.984095428125 0.45837414374999996 0.9711729625000001 0.44906953906249997 0.9552683890625 0.44906953906249997 0.9483101390625001 0.45102840312500003 0.940357853125 0.459353575 0.9353876734375 0.459843290625 0.93141153125 0.463271303125 0.9284294234375 0.46131243906249997 0.9304174953125001 0.45494613125 0.9274353874999999 0.45347698281250004 0.9274353874999999 0.450048971875 0.8707753484375 0.4476003921875 0.8250497015624999 0.44906953906249997 0.8220675937499999 0.454456415625 0.8161033796874999 0.45641527968749995 0.788270378125 0.45592556249999994 0.7753479125 0.45298726718750004 0.7654075546875 0.45641527968749995 0.75745526875 0.4622918703125 0.7405566593749999 0.45788442656250006 0.7236580515625 0.4618021546875 0.6988071578125 0.4622918703125 0.6888667984375 0.46669931406250004 0.6888667984375 0.476493634375 0.67793240625 0.4838393734375 0.6739562625 0.48090107812499994 0.6689860828125 0.48041136093750003 0.6689860828125 0.47698335 0.659045725 0.46963761093749995 0.643141153125 0.46669931406250004 0.62723658125 0.4671890296875 0.6153081515625 0.46963761093749995 0.6013916499999999 0.4755142015625 0.592445328125 0.47404505312499995 0.588469184375 0.4711067578125 0.5844930421875 0.47796278125 0.5705765406250001 0.473065621875 0.5417495031249999 0.4735553375 0.5387673953125 0.48334965781249994 0.543737575 0.49020568124999997 0.545725646875 0.5019588640625 0.5586481109375 0.50979431875