0 0 0.90546953125 0.0039960046875000006 0.9090909093749999 0.002997003125 0.9140859140625001 0 0.9105894109375001 0.002600575 0.917090846875 0.0079920078125 0.8881118875 0.037962037500000004 0.884115884375 0.037962037500000004 0.8951048953124999 0.0429570421875 0.8951048953124999 0.0429570421875 0.8991008984375 0.036963037500000004 0.9020979015625 0.037962037500000004 0.9940059937499999 0.0419580421875 0.9940059937499999 0.04395604375 0.89310689375 0.0429570421875 0.8801198796874999 0.037962037500000004 0.8791208796875001 0.037962037500000004 0.8741258734375 0.04395604375 0.8731268734375 0.044955045312500004 0.8621378625 0.06593406562500001 0.8641358640625001 0.0670884671875 0.873992675 0.07392607343749999 0.8681318687499999 0.071928071875 0.8621378625 0.0669330671875 0.8651348656250001 0.064935065625 0.8551448546874999 0.064935065625 0.85014985 0.071928071875 0.8541458546875 0.0709290703125 0.84415584375 0.064935065625 0.8451548453125 0.064935065625 0.840159840625 0.06893106875 0.8371628375 0.06393606406249999 0.834165834375 0.0679320671875 0.8321678328125 0.0669330671875 0.8241758234375001 0.0619380625 0.8231768234375 0.0619380625 0.81818181875 0.06593406562500001 0.8141858140625 0.0609390609375 0.8121878125 0.064935065625 0.8081918078125 0.0609390609375 0.8051948046874999 0.064935065625 0.8031968031250001 0.064935065625 0.7982017984375 0.0579420578125 0.796203796875 0.0579420578125 0.791208790625 0.06393606406249999 0.790709290625 0.06393606406249999 0.784215784375 0.05594405625 0.78121878125 0.05594405625 0.7762237765625 0.0629370625 0.7762237765625 0.05594405625 0.7712287718749999 0.0619380625 0.766233765625 0.0539460546875 0.7612387609375 0.0609390609375 0.7572427578125 0.0579420578125 0.7522477515625 0.0539460546875 0.753246753125 0.052947053125 0.747252746875 0.0579420578125 0.7452547453125 0.0509490515625 0.6803196796875 0.0519480515625 0.6603396609375001 0.044955045312500004 0.6533466531250001 0.044955045312500004 0.646353646875 0.0959040953125 0.64335664375 0.10189810156250001 0.6403596406250001 0.09690309687500001 0.5514485515625001 0.0929070921875 0.54445554375 0.0619380625 0.5384615390625 0.00599400625 0.5384615390625 0 0.5424575421875 0 0.6423576421875 0.03196803125 0.64435564375 0.034965034374999995 0.6513486515625 0.024975025 0.6573426578125 0.026973026562500002 0.6763236765625 0.021978021875 0.7142857140625 0.026973026562500002 0.7172827171875 0.026973026562500002 0.724275725 0.0209790203125 0.7232767234375 0.018981018750000002 0.728271728125 0.025974026562500002 0.725274725 0.024975025 0.7382617375 0.018981018750000002 0.7352647359375 0.016983017187499998 0.7432567437500001 0.0139860140625 0.781885115625 0.018981018750000002 0.7862137859375 0.018981018750000002 0.791208790625 0.0129870125 0.7882117875 0.0119880125 0.7997003 0.016983017187499998 0.8041958046875 0.0109890109375 0.8061938062499999 0.015984015625 0.8051948046874999 0.014985015625 0.815684315625 0.008991009375000001 0.8161838156250001 0.00699300625 0.8261738265625 0.0139860140625 0.8231768234375 0.0129870125 0.834165834375 0.00599400625 0.8361638359375 0.0119880125 0.8351648359375 0.0119880125 0.8456543453125 0.0049950046875000004 0.84415584375 0.0049950046875000004 0.8511488515625001 0.0119880125 0.8508991015625 0.0119880125 0.8561438562499999 0.0039960046875000006 0.859140859375 0.0109890109375 0.8631368625 0.002997003125 0.8681318687499999 0.002997003125 0.8746253749999999 0.0079920078125 0.875124875 0.008991009375000001 0.8811188812499999 0.002997003125 0.8811188812499999 0 0.890109890625 0 0.90546953125
0 0.53515625 0.26796875 0.00234375 0.00078125
0 0.54296875 0.265625 0.003125 0.00078125
0 0.6003996 0.258741259375 0.6953046953124999 0.2707292703125 0.7362637359375 0.2707292703125 0.7542457546875 0.274725275 0.8131868125 0.277722278125 0.8421578421874999 0.284715284375 0.8631368625 0.28171828125 0.8621378625 0.0139860140625 0.7452547453125 0.015984015625 0.671328671875 0.0229770234375 0.5454545453125 0.026973026562500002 0.534465534375 0.027972028125 0.53046953125 0.033966034374999995 0.528471528125 0.22577422500000002 0.5324675328125 0.253746253125 0.5804195796875 0.2627372625 0.6003996 0.258741259375
0 0.33666333593750003 0.8521478515625001 0.34465534531249997 0.8481518484375 0.48051948125 0.8481518484375 0.5134865140625 0.8511488515625001 0.5424575421875 0.8481518484375 0.6293706296875 0.8481518484375 0.68131868125 0.8521478515625001 0.746253746875 0.85014985 0.746253746875 0.5734265734374999 0.2667332671875 0.572427571875 0.2667332671875 0.847152846875 0.308691309375 0.8481518484375 0.32767232812499997 0.8521478515625001 0.33666333593750003 0.8521478515625001
2 0.7042957046875 0.284715284375 0.721278721875 0.28571428593750003 0.724275725 0.278721278125 0.7512487515624999 0.28071928125 0.7542457546875 0.277722278125 0.7542457546875 0.274725275 0.734265734375 0.271728271875 0.7022977015625 0.2737262734375 0.6543456546875001 0.2647352640625 0.64435564375 0.2647352640625 0.64435564375 0.271728271875 0.6733266734375001 0.275724275 0.7042957046875 0.284715284375
2 0.8241758234375001 0.8701298703125 0.8241758234375001 0.8651348656250001 0.8161838156250001 0.8611388609375 0.79320679375 0.860139859375 0.7862137859375 0.8671328671874999 0.7852147859375 0.8731268734375 0.790209790625 0.875124875 0.822177821875 0.8741258734375 0.8241758234375001 0.8701298703125
2 0.11488511562499999 0.4625374625 0.1078921078125 0.4615384609375 0.0979020984375 0.45454545468749996 0.083916084375 0.45454545468749996 0.1178821171875 0.474525475 0.1518481515625 0.474525475 0.1648351640625 0.45354645312499997 0.1648351640625 0.44755244687499995 0.177822178125 0.4425574421875 0.1708291703125 0.4365634359375 0.16383616406249998 0.4365634359375 0.146853146875 0.45454545468749996 0.133866134375 0.4445554453125 0.12587412656250002 0.44755244687499995 0.11488511562499999 0.4625374625
2 0.3326673328125 0.4425574421875 0.35564435625 0.43456543437499995 0.3546453546875 0.424575425 0.3166833171875 0.41458541406249994 0.29870129843750004 0.41458541406249994 0.2617382625 0.424575425 0.258741259375 0.42757242812499996 0.259740259375 0.4355644359375 0.29870129843750004 0.44755244687499995 0.3326673328125 0.4425574421875
2 0 0.43056943125 0.00599400625 0.43056943125 0.0239760234375 0.424575425 0.032967032812500005 0.4135864140625 0.032967032812500005 0.40559440625 0.016983017187499998 0.39360639375 0.015984015625 0.377622378125 0.0009990015625 0.3606393609375 0.0039960046875000006 0.3646353640625 0 0.36563436562499996 0 0.43056943125
2 0.847152846875 0.8371628375 0.84415584375 0.8371628375 0.840159840625 0.8521478515625001 0.8331668328124999 0.859140859375 0.8351648359375 0.8731268734375 0.8541458546875 0.8741258734375 0.8611388609375 0.8701298703125 0.847152846875 0.8371628375
2 0.7222777218750001 0.284715284375 0.7222777218750001 0.275724275 0.716283715625 0.27272727343750003 0.6753246749999999 0.2707292703125 0.672327671875 0.2677322671875 0.6453546453125 0.2647352640625 0.646353646875 0.27272727343750003 0.6703296703125 0.275724275 0.697302696875 0.284715284375 0.7222777218750001 0.284715284375
2 0.22177822187500001 0.403596403125 0.2607392609375 0.3926073921875 0.25774225781250004 0.383616384375 0.23076923124999998 0.37462537500000004 0.19380619375000002 0.37162837187500003 0.15584415625 0.37862137812499996 0.1548451546875 0.38561438593749997 0.1578421578125 0.390609390625 0.1928071921875 0.3956043953125 0.22177822187500001 0.403596403125
2 0.2427572421875 0.871128871875 0.253746253125 0.8611388609375 0.25074925000000003 0.834165834375 0.24375624375 0.8251748250000001 0.227772228125 0.8281718281250001 0.2177822171875 0.8411588406250001 0.2177822171875 0.8651348656250001 0.2227772234375 0.872127871875 0.2427572421875 0.871128871875
2 0.21078921093749997 0.8541458546875 0.21078921093749997 0.847152846875 0.21378621406249998 0.84415584375 0.2117882125 0.8371628375 0.20679320625000003 0.8271728265625 0.19380619375000002 0.8161838156250001 0.174825175 0.8351648359375 0.1738261734375 0.8451548453125 0.18081918125000002 0.8611388609375 0.20079920156250003 0.8611388609375 0.21078921093749997 0.8541458546875
2 0.678321678125 0.271728271875 0.6833166828125 0.277722278125 0.684315684375 0.275724275 0.6833166828125 0.271728271875 0.674325675 0.2677322671875 0.6543456546875001 0.2647352640625 0.64435564375 0.2647352640625 0.64435564375 0.271728271875 0.6763236765625 0.277722278125 0.678321678125 0.271728271875
2 0.347652346875 0.8681318687499999 0.3356643359375 0.8541458546875 0.325674325 0.8541458546875 0.315684315625 0.866133865625 0.3126873125 0.8741258734375 0.3146853140625 0.8771228765625001 0.33366633437500004 0.8681318687499999 0.347652346875 0.8681318687499999
2 0.7542457546875 0.277722278125 0.7542457546875 0.274725275 0.725274725 0.27272727343750003 0.715284715625 0.274725275 0.7362637359375 0.28171828125 0.7522477515625 0.28071928125 0.7542457546875 0.277722278125
2 0.1878121875 0.38761238750000004 0.21078921093749997 0.38161838124999997 0.2207792203125 0.37462537500000004 0.1918081921875 0.37162837187500003 0.1578421578125 0.377622378125 0.15584415625 0.3866133859375 0.158841159375 0.390609390625 0.18281718281249998 0.3946053953125 0.1878121875 0.38761238750000004
2 0.2177822171875 0.8621378625 0.2147852140625 0.8581418578125 0.183816184375 0.8581418578125 0.16683316718750002 0.8631368625 0.16683316718750002 0.8761238765625 0.2077922078125 0.8761238765625 0.2177822171875 0.8731268734375 0.2177822171875 0.8621378625
2 0.7222777218750001 0.284715284375 0.721278721875 0.275724275 0.71828171875 0.2737262734375 0.7012987015625 0.274725275 0.6873126875 0.271728271875 0.684315684375 0.27272727343750003 0.6873126875 0.28171828125 0.715284715625 0.2867132859375 0.7222777218750001 0.284715284375
2 0.8731268734375 0.872127871875 0.8861138859375 0.8641358640625001 0.8861138859375 0.8571428578125 0.8731268734375 0.8371628375 0.8701298703125 0.822177821875 0.8631368625 0.8201798203124999 0.8611388609375 0.8231768234375 0.8541458546875 0.8521478515625001 0.8611388609375 0.8621378625 0.8621378625 0.8701298703125 0.8731268734375 0.872127871875
2 0.7852147859375 0.8701298703125 0.7872127875 0.8551448546874999 0.7822177828125 0.847152846875 0.7642357640624999 0.847152846875 0.7552447546875001 0.8541458546875 0.7552447546875001 0.8651348656250001 0.7642357640624999 0.8741258734375 0.7792207796875 0.8741258734375 0.7852147859375 0.8701298703125