2 0.40625 0.56930693125 0.40416666718750005 0.5792079203125 0.4166666671875 0.5990099015625 0.42291666718750004 0.5841584156249999 0.41041666718750003 0.574257425 0.40625 0.5519801984375 0.4166666671875 0.5173267328125 0.4458333328125 0.5123762375 0.4625 0.5272277234375 0.5416666671875 0.522277228125 0.5479166671875 0.4950495046875 0.5416666671875 0.475247525 0.4625 0.4801980203125 0.4125 0.502475246875 0.4 0.522277228125 0.41041666718750003 0.5272277234375 0.4 0.534653465625 0.4 0.56930693125 0.40625 0.56930693125
2 0.7416666671875001 0.428217821875 0.75625 0.428217821875 0.74375 0.42326732656250005 0.7416666671875001 0.428217821875
2 0.6958333328124999 0.3366336640625 0.6916666671875 0.324257425 0.68125 0.31930693125 0.675 0.31930693125 0.675 0.33415841562500004 0.6916666671875 0.3391089109375 0.7104166671875001 0.3613861390625 0.7375 0.36633663437499997 0.75 0.38118811875 0.76875 0.38366336562500003 0.76875 0.40841584218750004 0.7604166671875 0.41831683125 0.7666666671875 0.42326732656250005 0.7583333328124999 0.43811881250000007 0.75 0.43811881250000007 0.75 0.4480198015625 0.76875 0.4554455453125 0.7625 0.522277228125 0.7729166671875001 0.5371287125 0.7729166671875001 0.5519801984375 0.7875 0.5544554453125 0.7979166671875 0.5272277234375 0.8 0.3985148515625 0.8104166671874999 0.38118811875 0.8104166671874999 0.35643564375 0.7979166671875 0.31930693125 0.75 0.3143564359375 0.7416666671875001 0.31930693125 0.7375 0.35643564375 0.725 0.34405940625000003 0.6958333328124999 0.3366336640625
2 0.76875 0.45049504999999995 0.7666666671875 0.5297029703125 0.7729166671875001 0.54950495 0.78125 0.5544554453125 0.79375 0.547029703125 0.7979166671875 0.5272277234375 0.8041666671875 0.3292079203125 0.79375 0.31930693125 0.74375 0.31930693125 0.7416666671875001 0.3762376234375 0.76875 0.378712871875 0.775 0.44306930624999996 0.76875 0.45049504999999995
2 0.59375 0.43811881250000007 0.58125 0.42079207968750004 0.58125 0.3985148515625 0.55625 0.3886138609375 0.5541666671875001 0.40594059375 0.5729166671875 0.4554455453125 0.5916666671875 0.4603960390625 0.59375 0.43811881250000007
2 0.4375 0.4480198015625 0.4375 0.41831683125 0.3625 0.41831683125 0.36666666718749996 0.4554455453125 0.425 0.46534653437499995 0.4375 0.4480198015625
2 0.2479166671875 0.5767326734375 0.2604166671875 0.5841584156249999 0.2604166671875 0.574257425 0.2416666671875 0.5668316828125 0.2541666671875 0.5643564359375 0.2541666671875 0.5420792078125001 0.2625 0.5371287125 0.2666666671875 0.4801980203125 0.22291666718749997 0.4801980203125 0.21875 0.574257425 0.2416666671875 0.574257425 0.24375 0.5841584156249999 0.2479166671875 0.5767326734375
2 0.325 0.3762376234375 0.3416666671875 0.36633663437499997 0.3291666671875 0.3391089109375 0.31875 0.33168316875000003 0.3166666671875 0.297029703125 0.2875 0.297029703125 0.27291666718749996 0.309405940625 0.25 0.3143564359375 0.25 0.371287128125 0.26875 0.36633663437499997 0.275 0.3762376234375 0.325 0.3762376234375
2 0.4875 0.4603960390625 0.5375 0.4554455453125 0.55 0.44306930624999996 0.5479166671875 0.41336633593750005 0.4791666671875 0.40841584218750004 0.46875 0.41336633593750005 0.46875 0.42326732656250005 0.475 0.45049504999999995 0.4875 0.4603960390625
2 0.36875 0.4603960390625 0.425 0.46534653437499995 0.43541666718750005 0.4554455453125 0.43541666718750005 0.41336633593750005 0.4166666671875 0.41336633593750005 0.4125 0.403465346875 0.40833333281249995 0.41831683125 0.3625 0.41336633593750005 0.3625 0.45049504999999995 0.36875 0.4603960390625
2 0.64375 0.559405940625 0.6541666671875 0.55693069375 0.6916666671875 0.574257425 0.7104166671875001 0.559405940625 0.7125 0.56930693125 0.7229166671875 0.5643564359375 0.7291666671875 0.5544554453125 0.7229166671875 0.547029703125 0.7291666671875 0.526403465625 0.7208333328125 0.5123762375 0.7291666671875 0.5123762375 0.71875 0.46534653437499995 0.7291666671875 0.46534653437499995 0.7354166671875 0.45049504999999995 0.7729166671875001 0.45049504999999995 0.7729166671875001 0.41831683125 0.75 0.41336633593750005 0.7125 0.43316831718750004 0.7104166671875001 0.4603960390625 0.7041666671875 0.4678217828125 0.6979166671875 0.45049504999999995 0.675 0.490099009375 0.6604166671875 0.49257425781249997 0.6479166671875001 0.522277228125 0.64375 0.5420792078125001 0.65625 0.547029703125 0.65625 0.5544554453125 0.64375 0.559405940625
2 0.5479166671875 0.43811881250000007 0.54375 0.41336633593750005 0.48541666718750004 0.40841584218750004 0.47291666718750003 0.41336633593750005 0.4791666671875 0.4554455453125 0.5354166671875 0.4554455453125 0.5479166671875 0.43811881250000007
2 0.23333333281250002 0.3960396046875 0.23125 0.3861386140625 0.23125 0.40841584218750004 0.24375 0.40841584218750004 0.2479166671875 0.3960396046875 0.23333333281250002 0.3960396046875
2 0.25625 0.29950495 0.2479166671875 0.3044554453125 0.2479166671875 0.3737623765625 0.28125 0.371287128125 0.28125 0.309405940625 0.25625 0.29950495
2 0.5875 0.45049504999999995 0.5916666671875 0.43811881250000007 0.58125 0.428217821875 0.5729166671875 0.3960396046875 0.5729166671875 0.403465346875 0.5666666671875 0.403465346875 0.5729166671875 0.45049504999999995 0.5875 0.45049504999999995
2 0.47291666718750003 0.428217821875 0.4625 0.428217821875 0.45625 0.44306930624999996 0.4479166671875 0.43316831718750004 0.4479166671875 0.391089109375 0.43541666718750005 0.3737623765625 0.4166666671875 0.371287128125 0.4 0.3960396046875 0.39375 0.38118811875 0.3729166671875 0.3762376234375 0.35625 0.3861386140625 0.3479166671875 0.371287128125 0.3541666671875 0.3861386140625 0.3479166671875 0.40841584218750004 0.35 0.43316831718750004 0.36666666718749996 0.4554455453125 0.3770833328125 0.485148515625 0.41041666718750003 0.5074257421875 0.4 0.5272277234375 0.4 0.542903465625 0.40625 0.5420792078125001 0.4166666671875 0.502475246875 0.4270833328125 0.502475246875 0.4291666671875 0.5123762375 0.45625 0.5123762375 0.4625 0.5272277234375 0.54375 0.5173267328125 0.54375 0.4801980203125 0.5291666671875 0.4727722765625 0.55 0.45049504999999995 0.5541666671875001 0.39356435625 0.5625 0.3861386140625 0.55625 0.391089109375 0.5375 0.36633663437499997 0.5291666671875 0.36633663437499997 0.5145833328125 0.40841584218750004 0.4791666671875 0.40841584218750004 0.46875 0.41831683125 0.47291666718750003 0.428217821875
2 0.3229166671875 0.309405940625 0.33541666718749996 0.34405940625000003 0.3291666671875 0.309405940625 0.3229166671875 0.309405940625
2 0.22916666718749998 0.38118811875 0.22916666718749998 0.41089108906250005 0.2479166671875 0.41336633593750005 0.2479166671875 0.38118811875 0.22916666718749998 0.38118811875
2 0.7729166671875001 0.54950495 0.78125 0.5544554453125 0.79375 0.547029703125 0.7979166671875 0.5321782171875 0.8 0.3960396046875 0.80625 0.38118811875 0.8041666671875 0.3292079203125 0.79375 0.31930693125 0.7791666671875 0.324257425 0.7791666671875 0.36881188125 0.7729166671875001 0.378712871875 0.7791666671875 0.44306930624999996 0.76875 0.4554455453125 0.7666666671875 0.5272277234375 0.7729166671875001 0.54950495
2 0.7416666671875001 0.31930693125 0.75 0.3143564359375 0.7541666671875 0.297029703125 0.75 0.272277228125 0.7291666671875 0.272277228125 0.7166666671875 0.28960396093749996 0.7125 0.33415841562500004 0.725 0.3490099015625 0.7416666671875001 0.3514851484375 0.7416666671875001 0.31930693125
2 0.46666666718750005 0.4801980203125 0.4625 0.5272277234375 0.54375 0.5173267328125 0.5416666671875 0.475247525 0.46666666718750005 0.4801980203125
2 0.26875 0.6732673265625 0.26875 0.6485148515625 0.25625 0.641089109375 0.26875 0.6262376234375 0.2666666671875 0.4801980203125 0.2479166671875 0.475247525 0.21875 0.4801980203125 0.22291666718749997 0.6831683171875 0.25 0.6831683171875 0.26875 0.6732673265625
2 0.4479166671875 0.428217821875 0.4479166671875 0.3960396046875 0.4291666671875 0.371287128125 0.4166666671875 0.371287128125 0.39791666718749996 0.391089109375 0.3875 0.38118811875 0.3541666671875 0.3886138609375 0.35 0.41831683125 0.36875 0.4603960390625 0.4291666671875 0.46534653437499995 0.4479166671875 0.428217821875
2 0.33125 0.3762376234375 0.3416666671875 0.36633663437499997 0.3291666671875 0.3391089109375 0.31875 0.33168316875000003 0.3166666671875 0.297029703125 0.25 0.29950495 0.24375 0.309405940625 0.24375 0.3613861390625 0.25 0.3762376234375 0.33125 0.3762376234375
2 0.7625 0.22524752499999998 0.7291666671875 0.20049505 0.5125 0.2054455453125 0.4125 0.215346534375 0.25 0.215346534375 0.22916666718749998 0.22029702968749998 0.2479166671875 0.252475246875 0.7041666671875 0.235148515625 0.7625 0.22524752499999998
2 0.2833333328125 0.6485148515625 0.2625 0.6386138609375 0.2791666671875 0.6262376234375 0.2854166671875 0.6113861390625 0.28125 0.4801980203125 0.26875 0.4554455453125 0.275 0.44306930624999996 0.27291666718749996 0.42326732656250005 0.21875 0.42326732656250005 0.21875 0.6683168312500001 0.22291666718749997 0.6831683171875 0.2854166671875 0.678217821875 0.2833333328125 0.6485148515625
2 0.8104166671874999 0.8391089109375001 0.8125 0.8193069312500001 0.7375 0.7351485156249999 0.7375 0.725247525 0.69375 0.725247525 0.69375 0.740099009375 0.7770833328125 0.8415841578125001 0.8 0.8490099015625001 0.8104166671874999 0.8391089109375001
2 0.2541666671875 0.547029703125 0.25 0.524752475 0.2625 0.5173267328125 0.2625 0.4801980203125 0.25 0.475247525 0.21875 0.4801980203125 0.21875 0.574257425 0.23125 0.574257425 0.2541666671875 0.547029703125
2 0.2791666671875 0.678217821875 0.2916666671875 0.678217821875 0.29375 0.6584158421875 0.2875 0.6460396046875 0.26875 0.6460396046875 0.26875 0.6584158421875 0.2791666671875 0.6633663359375 0.2791666671875 0.678217821875
2 0.26875 0.475247525 0.26875 0.5990099015625 0.275 0.6262376234375 0.2854166671875 0.6262376234375 0.2916666671875 0.616336634375 0.2916666671875 0.5123762375 0.2854166671875 0.5074257421875 0.2916666671875 0.485148515625 0.28125 0.4702970296875 0.2875 0.4603960390625 0.28125 0.4579207921875 0.2875 0.4480198015625 0.28125 0.44306930624999996 0.2854166671875 0.42326732656250005 0.27291666718749996 0.42079207968750004 0.28125 0.425742575 0.275 0.43316831718750004 0.275 0.46287128749999995 0.26875 0.475247525
2 0.7375 0.36633663437499997 0.74375 0.38118811875 0.7666666671875 0.3861386140625 0.76875 0.40594059375 0.7354166671875 0.41831683125 0.7104166671875001 0.43811881250000007 0.7104166671875001 0.4554455453125 0.7020833328125 0.46534653437499995 0.6979166671875 0.4554455453125 0.6791666671875001 0.4826732671875 0.68125 0.497524753125 0.66875 0.4950495046875 0.6625 0.502475246875 0.6666666671875 0.522277228125 0.6625 0.5272277234375 0.6541666671875 0.5148514843750001 0.6479166671875001 0.5297029703125 0.65625 0.5420792078125001 0.64375 0.5544554453125 0.65625 0.5544554453125 0.6625 0.5371287125 0.6979166671875 0.574257425 0.7291666671875 0.5544554453125 0.7229166671875 0.5519801984375 0.7291666671875 0.5420792078125001 0.725 0.5148514843750001 0.7625 0.5123762375 0.7729166671875001 0.5544554453125 0.7854166671875 0.5544554453125 0.79375 0.547029703125 0.7979166671875 0.5272277234375 0.8041666671875 0.3292079203125 0.7979166671875 0.31930693125 0.74375 0.3143564359375 0.7416666671875001 0.30693069375 0.7541666671875 0.297029703125 0.75 0.28217821718749997 0.71875 0.28217821718749997 0.7270833328124999 0.3019801984375 0.7145833328125 0.33415841562500004 0.7 0.33415841562500004 0.6875 0.31930693125 0.6729166671875 0.321782178125 0.675 0.3514851484375 0.6958333328124999 0.3514851484375 0.725 0.371287128125 0.7375 0.36633663437499997
2 0.35625 0.3861386140625 0.3479166671875 0.36633663437499997 0.3541666671875 0.3886138609375 0.35 0.43316831718750004 0.36666666718749996 0.45049504999999995 0.36875 0.4702970296875 0.38125 0.490099009375 0.39375 0.5 0.4166666671875 0.490099009375 0.43333333281249997 0.4678217828125 0.4479166671875 0.475247525 0.43541666718750005 0.4554455453125 0.4479166671875 0.43316831718750004 0.4479166671875 0.391089109375 0.43125 0.371287128125 0.4166666671875 0.371287128125 0.39791666718749996 0.391089109375 0.3791666671875 0.3762376234375 0.35625 0.3861386140625
2 0.3291666671875 0.33415841562500004 0.3416666671875 0.3514851484375 0.3291666671875 0.309405940625 0.3291666671875 0.33415841562500004
2 0.3 0.7202970296875 0.2479166671875 0.725247525 0.24375 0.7351485156249999 0.25 0.7450495046875 0.30416666718749996 0.740099009375 0.3 0.7202970296875
2 0.79375 0.6831683171875 0.8 0.678217821875 0.8 0.6361386140625 0.7916666671875 0.633663365625 0.7916666671875 0.5841584156249999 0.7791666671875 0.5816831687499999 0.775 0.6262376234375 0.7875 0.6460396046875 0.78125 0.6633663359375 0.79375 0.6831683171875
2 0.3479166671875 0.35643564375 0.3479166671875 0.31930693125 0.3416666671875 0.30693069375 0.3375 0.3044554453125 0.34375 0.3168316828125 0.3375 0.31930693125 0.3479166671875 0.35643564375
2 0.3416666671875 0.3613861390625 0.31875 0.324257425 0.3125 0.29207920781249996 0.2479166671875 0.3019801984375 0.24375 0.36633663437499997 0.25 0.3762376234375 0.3416666671875 0.371287128125 0.3416666671875 0.3613861390625
2 0.7479166671875 0.3762376234375 0.75625 0.3762376234375 0.7541666671875 0.371287128125 0.7479166671875 0.3762376234375
2 0.7416666671875001 0.36633663437499997 0.75625 0.35643564375 0.75 0.35643564375 0.7416666671875001 0.36633663437499997
2 0.675 0.31930693125 0.675 0.3514851484375 0.70625 0.3514851484375 0.71875 0.36633663437499997 0.7375 0.36633663437499997 0.7416666671875001 0.321782178125 0.75625 0.29950495 0.7541666671875 0.2772277234375 0.71875 0.2772277234375 0.7104166671875001 0.33168316875000003 0.6979166671875 0.33415841562500004 0.6875 0.31930693125 0.675 0.31930693125
2 0.23125 0.3044554453125 0.22291666718749997 0.297029703125 0.17916666718750002 0.29950495 0.175 0.3143564359375 0.18125 0.324257425 0.23125 0.31930693125 0.23125 0.3044554453125
2 0.33541666718749996 0.3613861390625 0.3291666671875 0.34405940625000003 0.3125 0.33168316875000003 0.3166666671875 0.3143564359375 0.2979166671875 0.29950495 0.28125 0.309405940625 0.28125 0.371287128125 0.33125 0.371287128125 0.33541666718749996 0.3613861390625
2 0.7354166671875 0.36633663437499997 0.7354166671875 0.3514851484375 0.7166666671875 0.33415841562500004 0.675 0.31930693125 0.675 0.35643564375 0.70625 0.35643564375 0.7125 0.36633663437499997 0.7354166671875 0.36633663437499997
2 0.14791666718750002 0.5396039609375001 0.14375 0.60643564375 0.15 0.70049505 0.1291666671875 0.7178217828125 0.1291666671875 0.7425742578125 0.1854166671875 0.9133663359374999 0.20416666718749998 0.91831683125 0.2125 0.9084158421874999 0.2125 0.8861386140624999 0.1833333328125 0.8044554453125 0.1875 0.7821782171875 0.2979166671875 0.7623762375 0.6875 0.725247525 0.78125 0.8440594062500001 0.8 0.8440594062500001 0.80625 0.8292079203125 0.79375 0.8193069312500001 0.7979166671875 0.809405940625 0.7375 0.740099009375 0.74375 0.7202970296875 0.7770833328125 0.7202970296875 0.85625 0.8118811875 0.875 0.8292079203125 0.8854166671874999 0.8292079203125 0.8791666671874999 0.6881188125000001 0.8729166671874999 0.616336634375 0.8666666671875 0.6039603953125 0.8666666671875 0.5420792078125001 0.83125 0.1584158421875 0.76875 0.1262376234375 0.75625 0.1262376234375 0.7291666671875 0.10643564375 0.6979166671875 0.1014851484375 0.7020833328125 0.16831683125000002 0.64375 0.1633663359375 0.5604166671875 0.1732673265625 0.54375 0.16831683125000002 0.4604166671875 0.178217821875 0.30416666718749996 0.178217821875 0.1125 0.190594059375 0.11041666718750001 0.20049505 0.1375 0.2549504953125 0.1416666671875 0.5049504953125 0.14791666718750002 0.5396039609375001
2 0.6875 0.59405940625 0.68125 0.5841584156249999 0.6666666671875 0.5816831687499999 0.6729166671875 0.5643564359375 0.46875 0.574257425 0.41875 0.5841584156249999 0.41041666718750003 0.6014851484375 0.4166666671875 0.6732673265625 0.6854166671875 0.653465346875 0.6875 0.59405940625
2 0.5729166671875 0.45049504999999995 0.5854166671875001 0.4554455453125 0.5916666671875 0.43811881250000007 0.5791666671875 0.425742575 0.5729166671875 0.3960396046875 0.5729166671875 0.403465346875 0.5666666671875 0.403465346875 0.56875 0.43811881250000007 0.5729166671875 0.45049504999999995
2 0.38125 0.490099009375 0.39375 0.5 0.4125 0.4950495046875 0.4291666671875 0.4801980203125 0.53125 0.4702970296875 0.55 0.45049504999999995 0.5541666671875001 0.3960396046875 0.5625 0.391089109375 0.55625 0.39356435625 0.5375 0.36633663437499997 0.5291666671875 0.36633663437499997 0.5145833328125 0.40841584218750004 0.47291666718750003 0.40841584218750004 0.4625 0.41831683125 0.4625 0.43564356406250004 0.45625 0.44306930624999996 0.4479166671875 0.43316831718750004 0.4479166671875 0.391089109375 0.43125 0.371287128125 0.41041666718750003 0.3762376234375 0.40208333281249997 0.4009900984375 0.39791666718749996 0.3861386140625 0.3791666671875 0.3762376234375 0.3583333328125 0.3861386140625 0.35 0.38118811875 0.35 0.43316831718750004 0.36666666718749996 0.45049504999999995 0.36875 0.4702970296875 0.38125 0.490099009375
2 0.3291666671875 0.33415841562500004 0.3375 0.3391089109375 0.3291666671875 0.3143564359375 0.3291666671875 0.33415841562500004
2 0.22109375 0.4109375 0.00390625 0.0046875
2 0.20416666718749998 0.3514851484375 0.225 0.371287128125 0.21875 0.391089109375 0.225 0.3960396046875 0.2270833328125 0.38366336562500003 0.2541666671875 0.371287128125 0.24375 0.35643564375 0.24375 0.29950495 0.1979166671875 0.297029703125 0.175 0.29950495 0.175 0.324257425 0.2 0.33415841562500004 0.20416666718749998 0.3514851484375
2 0.5291666671875 0.4603960390625 0.5541666671875001 0.43811881250000007 0.5541666671875001 0.3861386140625 0.5375 0.36633663437499997 0.5270833328125 0.36881188125 0.5145833328125 0.40841584218750004 0.47291666718750003 0.41336633593750005 0.48125 0.4554455453125 0.5291666671875 0.4603960390625
2 0.2604166671875 0.64356435625 0.2666666671875 0.6262376234375 0.24375 0.6113861390625 0.22291666718749997 0.616336634375 0.22291666718749997 0.6831683171875 0.2541666671875 0.6831683171875 0.2666666671875 0.6633663359375 0.2604166671875 0.64356435625
2 0.74375 0.324257425 0.7416666671875001 0.3762376234375 0.7729166671875001 0.3762376234375 0.7729166671875001 0.31930693125 0.74375 0.324257425
2 0.24375 0.616336634375 0.22291666718749997 0.621287128125 0.22291666718749997 0.6831683171875 0.25625 0.6831683171875 0.2625 0.6262376234375 0.24375 0.616336634375