3 0.57578125 0.9875 0.003125 0.00390625
3 0.642578125 0.9793388437500001 0.6455078125 0.9752066109375 0.6435546875 0.9690082640625001 0.642578125 0.9793388437500001
3 0.56640625 0.9710743796875001 0.572265625 0.9752066109375 0.5703125 0.9690082640625001 0.56640625 0.9710743796875001
3 0.521484375 0.9690082640625001 0.5244140625 0.9628099171875 0.521484375 0.9586776859375 0.521484375 0.9690082640625001
3 0.8525390625 0.9607438015625 0.85546875 0.9545454546875 0.8525390625 0.9483471078125 0.8505859375 0.9586776859375 0.85546875 0.9793388437500001 0.8583984375 0.9793388437500001 0.8525390625 0.9607438015625
3 0.89453125 0.9442148765624999 0.896484375 0.9586776859375 0.900390625 0.9566115703125 0.90234375 0.9793388437500001 0.9072265625 0.9855371906249999 0.904296875 0.9628099171875 0.896484375 0.9483471078125 0.896484375 0.9380165296874999 0.88671875 0.904958678125 0.884765625 0.917355371875 0.8896484375 0.9276859500000001 0.890625 0.9421487609374999 0.89453125 0.9442148765624999
3 0.84453125 0.9078125 0.0046875 0.00625
3 0.88046875 0.89765625 0.003125 0.00625
3 0.873046875 0.8842975203125001 0.8779296875 0.8904958671875001 0.8759765625 0.8739669421875 0.873046875 0.8842975203125001
3 0.841796875 0.8842975203125001 0.8369140625 0.8698347109375 0.8369140625 0.8842975203125001 0.841796875 0.8946280984375001 0.841796875 0.8842975203125001
3 0.865234375 0.8636363640625 0.8701171875 0.8677685953125 0.8671875 0.8574380171874999 0.865234375 0.8636363640625
3 0.859375 0.8471074375000001 0.8642578125 0.853305784375 0.861328125 0.84297520625 0.859375 0.8471074375000001
3 0.8330078125 0.853305784375 0.8359375 0.853305784375 0.833984375 0.84297520625 0.8330078125 0.853305784375
3 0.7734375 0.917355371875 0.765625 0.921487603125 0.759765625 0.921487603125 0.748046875 0.8884297515625 0.7451171875 0.8698347109375 0.736328125 0.8636363640625 0.7392578125 0.8677685953125 0.736328125 0.8842975203125001 0.7431640625 0.911157025 0.7568359375 0.9380165296874999 0.75390625 0.9524793390624999 0.75390625 0.9917355375 0.7568359375 0.9917355375 0.7626953125 0.9793388437500001 0.7626953125 0.9690082640625001 0.767578125 0.9628099171875 0.767578125 0.9462809921875 0.7744140625 0.921487603125 0.77734375 0.929752065625 0.7763671875 0.9648760328125 0.779296875 0.9752066109375 0.78125 0.9710743796875001 0.779296875 0.9669421484375 0.7822265625 0.947933884375 0.7783203125 0.9421487609374999 0.7822265625 0.9371900828124999 0.779296875 0.93181818125 0.7822265625 0.9157024796875 0.779296875 0.911157025 0.78515625 0.9008264468749999 0.779296875 0.9008264468749999 0.779296875 0.8904958671875001 0.7822265625 0.8822314046875 0.78515625 0.8873966937500001 0.787109375 0.8698347109375 0.7841796875 0.8657024796874999 0.7880859375 0.8409090906250001 0.78515625 0.84297520625 0.783203125 0.8698347109375 0.779296875 0.8780991734375 0.7734375 0.917355371875
3 0.4609375 0.896694215625 0.4765625 0.8842975203125001 0.486328125 0.8946280984375001 0.486328125 0.904958678125 0.4951171875 0.929752065625 0.49609375 0.9483471078125 0.5068359375 0.9855371906249999 0.509765625 0.9917355375 0.517578125 0.989669421875 0.50390625 0.9483471078125 0.4951171875 0.90702479375 0.484375 0.8842975203125001 0.4892578125 0.8739669421875 0.517578125 0.8471074375000001 0.5107421875 0.84297520625 0.5068359375 0.8305785125 0.4931640625 0.82644628125 0.4892578125 0.8409090906250001 0.478515625 0.8574380171874999 0.4560546875 0.8677685953125 0.44140625 0.8884297515625 0.4189453125 0.9524793390624999 0.4130859375 0.989669421875 0.4248046875 0.9958677687499999 0.4521484375 0.91528925625 0.4609375 0.896694215625
3 0.2138671875 0.8719008265625 0.2197265625 0.921487603125 0.2197265625 0.853305784375 0.216796875 0.8140495874999999 0.2138671875 0.8140495874999999 0.2119140625 0.832644628125 0.216796875 0.845041321875 0.2138671875 0.8484855375 0.2138671875 0.8719008265625
3 0.486328125 0.7830578515625 0.484375 0.7892561984375 0.490234375 0.7995867765625 0.4931640625 0.7933884296875 0.486328125 0.7830578515625
3 0.25390625 0.7933884296875 0.255859375 0.7789256203125 0.25 0.7789256203125 0.2529296875 0.7892561984375 0.2509765625 0.7933884296875 0.25390625 0.8099173546875 0.261449353125 0.8159019671875001 0.2587890625 0.7933884296875 0.25390625 0.7933884296875
3 0.28515625 0.9648760328125 0.29296875 0.9855371906249999 0.2952273921875 0.9791657046875001 0.279296875 0.92355371875 0.279296875 0.911157025 0.265625 0.8512396687500001 0.26220703125 0.8223140499999999 0.2626953125 0.828512396875 0.2568359375 0.8305785125 0.26171875 0.8553719015624999 0.2685546875 0.8677685953125 0.2646484375 0.8739669421875 0.2705078125 0.9090909093749999 0.28515625 0.9648760328125
3 0.4720703125 0.7727272734375 0.4501953125 0.7727272734375 0.44921875 0.7789256203125 0.4402669265625 0.7694559234375 0.4384765625 0.7789256203125 0.4501953125 0.7954545453125 0.4580078125 0.8161157031249999 0.46875 0.8140495874999999 0.462890625 0.7789256203125 0.47265625 0.7789256203125 0.4720703125 0.7727272734375
3 0.7939453125 0.7458677687499999 0.79296875 0.7789256203125 0.796875 0.76239669375 0.796875 0.7458677687499999 0.7939453125 0.7458677687499999
3 0.7939453125 0.7252066109374999 0.7958984375 0.735537190625 0.796875 0.7252066109374999 0.7939453125 0.7252066109374999
3 0.7939453125 0.6983471078125 0.796875 0.7128099171875 0.798828125 0.6983471078125 0.7939453125 0.6983471078125
3 0.54765625 0.7015625 0.0015625 0.00625
3 0.25390625 0.7727272734375 0.25390625 0.756198346875 0.240234375 0.6983471078125 0.234375 0.6983471078125 0.236328125 0.7190082640625 0.2451171875 0.76239669375 0.25390625 0.7727272734375
3 0.4046875 0.6 0.00625 0.00625
3 0.7587890625 0.2024793390625 0.759765625 0.1921487609375 0.755859375 0.1880165296875 0.7509765625 0.1921487609375 0.7548828125 0.1962809921875 0.75390625 0.2024793390625 0.7587890625 0.2024793390625
3 0.70859375 0.1828125 0.00078125 0.00234375
3 0.802734375 0.1342975203125 0.7998046875 0.1446280984375 0.8076171875 0.1446280984375 0.8076171875 0.1342975203125 0.802734375 0.1342975203125
3 0.7109375 0.154958678125 0.7109375 0.1446280984375 0.7216796875 0.1301652890625 0.708984375 0.1198347109375 0.705078125 0.1239669421875 0.69921875 0.1342975203125 0.7001953125 0.150826446875 0.703125 0.154958678125 0.7109375 0.154958678125
3 0.82421875 0.09297520625 0.81640625 0.09297520625 0.81640625 0.103305784375 0.8271484375 0.1095041328125 0.82421875 0.09297520625
3 0.59453125 0.08125 0.00078125 0.00234375
3 0.7392578125 0.033057851562500004 0.7255859375 0.049586776562500004 0.703125 0.0640495875 0.6884765625 0.06611570312500001 0.6845703125 0.078512396875 0.6767578125 0.082644628125 0.6728515625 0.09297520625 0.666015625 0.09297520625 0.6572265625 0.10743801718749998 0.61328125 0.1446280984375 0.607421875 0.1404958671875 0.6005859375 0.1239669421875 0.599609375 0.10743801718749998 0.5947265625 0.09297520625 0.5859375 0.086776859375 0.580078125 0.086776859375 0.5732421875 0.10743801718749998 0.5576171875 0.1136363640625 0.5556640625 0.1342975203125 0.5458984375 0.1322314046875 0.5458984375 0.1198347109375 0.541015625 0.1095041328125 0.541015625 0.086776859375 0.537109375 0.0805785125 0.5244140625 0.086776859375 0.4951171875 0.086776859375 0.4873046875 0.09297520625 0.4794921875 0.1136363640625 0.4697265625 0.1136363640625 0.46875 0.13842975156249998 0.46484375 0.14876033125000002 0.4521484375 0.175619834375 0.44140625 0.18181818125 0.435546875 0.167355371875 0.4306640625 0.175619834375 0.423828125 0.15909090937499998 0.4189453125 0.1446280984375 0.423828125 0.13842975156249998 0.419921875 0.1404958671875 0.4208984375 0.1301652890625 0.4150390625 0.1280991734375 0.40625 0.1095041328125 0.4013671875 0.1095041328125 0.3984375 0.1136363640625 0.4013671875 0.13842975156249998 0.421875 0.1983471078125 0.4189453125 0.21280991718750003 0.35546875 0.21487603281249998 0.3447265625 0.2045454546875 0.3369140625 0.2045454546875 0.3330078125 0.1962809921875 0.3310546875 0.167355371875 0.34375 0.1342975203125 0.33984375 0.1301652890625 0.3310546875 0.154958678125 0.2978515625 0.17768595 0.2841796875 0.17768595 0.2734375 0.1921487609375 0.2734375 0.2190082640625 0.28515625 0.256198346875 0.28515625 0.2789256203125 0.296875 0.28719008281249997 0.2939453125 0.30578512343750003 0.298828125 0.3140495875 0.2978515625 0.324380165625 0.294921875 0.3305785125 0.2880859375 0.32644628125 0.26171875 0.3636363640625 0.2451171875 0.3739669421875 0.2119140625 0.4421487609375 0.205078125 0.42975206562499996 0.1962890625 0.3574380171875 0.171875 0.2768595046875 0.1650390625 0.23553719062499998 0.154296875 0.2004132234375 0.154296875 0.18388429687500002 0.142578125 0.150826446875 0.13671875 0.11776859531249999 0.12890625 0.103305784375 0.1259765625 0.082644628125 0.115234375 0.0599173546875 0.099609375 0.002066115625 0.0869140625 0.002066115625 0.09765625 0.0289256203125 0.09765625 0.0392561984375 0.111328125 0.0805785125 0.1142578125 0.10123966874999998 0.123046875 0.1136363640625 0.1181640625 0.11776859531249999 0.12109375 0.1301652890625 0.134765625 0.171487603125 0.134765625 0.18181818125 0.1494140625 0.23553719062499998 0.15625 0.25 0.166015625 0.2995867765625 0.19140625 0.39049586718749996 0.1943359375 0.4586776859375 0.2060546875 0.5454545453125 0.2109375 0.5599173546875 0.216796875 0.6384297515624999 0.2109375 0.6921487609375 0.2109375 0.7417355375 0.2138671875 0.747933884375 0.208984375 0.76239669375 0.208984375 0.7768595046875 0.2138671875 0.7871900828125 0.2138671875 0.8099173546875 0.216796875 0.8057851234375001 0.2158203125 0.7417355375 0.2197265625 0.6983471078125 0.212890625 0.6818181812499999 0.2197265625 0.679752065625 0.2236328125 0.667355371875 0.2314453125 0.6880165296875 0.2392578125 0.6818181812499999 0.236328125 0.6549586781250001 0.2314453125 0.6425619828125 0.2314453125 0.6198347109375 0.24609375 0.603305784375 0.2529296875 0.603305784375 0.2919921875 0.5351239671875 0.3193359375 0.506198346875 0.3447265625 0.46900826406249996 0.3515625 0.46900826406249996 0.3583984375 0.481404959375 0.3623046875 0.5 0.359375 0.506198346875 0.3671875 0.5227272734375 0.365234375 0.5289256203125 0.37109375 0.5433884296875 0.39453125 0.5289256203125 0.396484375 0.502066115625 0.392578125 0.45454545468749996 0.3955078125 0.45454545468749996 0.38671875 0.4400826453125 0.3896484375 0.4380165296875 0.3896484375 0.41115702499999995 0.3994140625 0.39049586718749996 0.455078125 0.3305785125 0.458984375 0.336776859375 0.46484375 0.38842975156250004 0.46484375 0.417355371875 0.47265625 0.46280991718750003 0.47265625 0.502066115625 0.4755859375 0.5082644625 0.478515625 0.5557851234375 0.486328125 0.57644628125 0.4833984375 0.5909090906250001 0.4892578125 0.6177685953125 0.4873046875 0.6301652890625 0.4921875 0.6880165296875 0.498046875 0.6942148765625 0.5263671875 0.6921487609375 0.5380859375 0.6818181812499999 0.5478515625 0.6818181812499999 0.5517578125 0.6942148765625 0.560546875 0.6818181812499999 0.56640625 0.6880165296875 0.556640625 0.7148760328125 0.548828125 0.7252066109374999 0.54296875 0.7190082640625 0.5380859375 0.752066115625 0.509765625 0.8037190078125 0.517578125 0.8140495874999999 0.5322265625 0.8161157031249999 0.5517578125 0.7830578515625 0.5517578125 0.7747933890625001 0.55859375 0.76239669375 0.5654296875 0.77066115625 0.5546875 0.7954545453125 0.5546875 0.8161157031249999 0.548828125 0.8409090906250001 0.53515625 0.8595041328124999 0.529296875 0.9380165296874999 0.5458984375 0.9586776859375 0.5556640625 0.9586776859375 0.5712890625 0.91528925625 0.578125 0.8842975203125001 0.6005859375 0.832644628125 0.6318359375 0.7830578515625 0.642578125 0.7768595046875 0.65625 0.756198346875 0.6806640625 0.7086776859375 0.6884765625 0.7086776859375 0.693359375 0.7190082640625 0.69140625 0.7582644625 0.6826171875 0.7871900828125 0.68359375 0.8140495874999999 0.6796875 0.832644628125 0.685546875 0.9917355375 0.716796875 0.9958677687499999 0.728515625 0.9917355375 0.7333984375 0.9710743796875001 0.7255859375 0.9442148765624999 0.7255859375 0.904958678125 0.7197265625 0.8739669421875 0.72265625 0.845041321875 0.7275390625 0.8305785125 0.736328125 0.853305784375 0.7392578125 0.8305785125 0.7275390625 0.7933884296875 0.728515625 0.752066115625 0.72265625 0.733471075 0.7197265625 0.679752065625 0.72265625 0.661157025 0.7138671875 0.661157025 0.7080078125 0.650826446875 0.7080078125 0.5805785125 0.703125 0.5537190078124999 0.7021484375 0.5247933890625001 0.705078125 0.518595040625 0.7216796875 0.5227272734375 0.7314453125 0.5640495875 0.75 0.6095041328125 0.7646484375 0.6074380171875 0.77734375 0.5971074375 0.7841796875 0.5971074375 0.7900390625 0.6074380171875 0.7939453125 0.6880165296875 0.8046875 0.6921487609375 0.81640625 0.7190082640625 0.830078125 0.7789256203125 0.8271484375 0.7851239671875 0.8278659125000001 0.7967616796875 0.8310546875 0.7933884296875 0.830078125 0.7871900828125 0.833984375 0.7851239671875 0.84375 0.7995867765625 0.8447265625 0.7954545453125 0.82421875 0.743801653125 0.82421875 0.661157025 0.822265625 0.6280991734375 0.8193359375 0.6239669421875 0.8212890625 0.566115703125 0.826171875 0.5557851234375 0.8330078125 0.5537190078124999 0.8466796875 0.518595040625 0.8837890625 0.506198346875 0.896484375 0.48966942187500007 0.8955078125 0.4648760328125 0.8525390625 0.3946280984375 0.859375 0.353305784375 0.8583984375 0.26652892499999997 0.853515625 0.2086776859375 0.8623046875 0.167355371875 0.84765625 0.1404958671875 0.833984375 0.146694215625 0.8193359375 0.1404958671875 0.81640625 0.1301652890625 0.8115234375 0.1404958671875 0.810546875 0.1301652890625 0.8056640625 0.167355371875 0.7978515625 0.16528925625 0.7939453125 0.15909090937499998 0.7958984375 0.154958678125 0.787109375 0.167355371875 0.7822265625 0.161157025 0.779296875 0.1280991734375 0.771484375 0.095041321875 0.771484375 0.055785123437499994 0.7646484375 0.0413223140625 0.810546875 0.006198346875 0.8076171875 0 0.8046875 0.0082644625 0.802734375 0 0.7646484375 0.006198346875 0.7568359375 0.016528925 0.755859375 0.0289256203125 0.7392578125 0.033057851562500004
2 0.0419921875 0.7851239671875 0.046875 0.8057851234375001 0.0517578125 0.8099173546875 0.078125 0.8140495874999999 0.0830078125 0.7871900828125 0.0888671875 0.7768595046875 0.08984375 0.76239669375 0.083984375 0.7458677687499999 0.0830078125 0.72933884375 0.076171875 0.7190082640625 0.0634765625 0.7190082640625 0.0615234375 0.7272727265625 0.0517578125 0.72933884375 0.0478515625 0.7396694218750001 0.0439453125 0.735537190625 0.0439453125 0.7252066109374999 0.04296875 0.733471075 0.0380859375 0.7252066109374999 0.0322265625 0.731404959375 0.03515625 0.743801653125 0.0263671875 0.7458677687499999 0.029296875 0.7789256203125 0.0419921875 0.7851239671875
2 0.1064453125 0.7252066109374999 0.109375 0.7252066109374999 0.1083984375 0.7210743796875 0.1064453125 0.7252066109374999
2 0.0771484375 0.661157025 0.0771484375 0.6756198343750001 0.06640625 0.683884296875 0.06640625 0.6983471078125 0.060546875 0.7045454546875 0.0771484375 0.7045454546875 0.0859375 0.75 0.09765625 0.756198346875 0.1025390625 0.75 0.103515625 0.735537190625 0.103515625 0.7190082640625 0.09765625 0.7004132234375 0.099609375 0.6446280984375 0.0947265625 0.6301652890625 0.09375 0.6074380171875 0.0771484375 0.6074380171875 0.0771484375 0.6260330578125 0.0830078125 0.6342975203125001 0.0830078125 0.646694215625 0.0771484375 0.661157025
2 0 0.5537190078124999 0.0146484375 0.5557851234375 0.015625 0.5495867765625 0.03515625 0.5433884296875 0.0380859375 0.5351239671875 0.060546875 0.5330578515625 0.0771484375 0.518595040625 0.0771484375 0.5 0.0712890625 0.48347107500000003 0.06640625 0.4442148765625 0.068359375 0.4380165296875 0.0625 0.42975206562499996 0.0634765625 0.41115702499999995 0.0556640625 0.3739669421875 0.060546875 0.320247934375 0.0439453125 0.320247934375 0.0322265625 0.32644628125 0.029296875 0.336776859375 0.0029296875 0.336776859375 0 0.3471074375 0 0.3842975203125 0.0029296875 0.3925619828125 0 0.404958678125 0 0.4524793390625 0.0029296875 0.45454545468749996 0 0.5 0.00390625 0.514462809375 0 0.5268595046875 0 0.5537190078124999
2 0.02734375 0.3099173546875 0.0380859375 0.3037190078125 0.0380859375 0.29545454531250004 0.0322265625 0.2933884296875 0.0234375 0.3099173546875 0.0263671875 0.3119834703125 0.0244140625 0.320247934375 0.02734375 0.3099173546875
2 0.0771484375 0.5971074375 0.072265625 0.6074380171875 0.07421875 0.6136363640625 0.0830078125 0.603305784375 0.0771484375 0.5971074375
2 0 0.6384297515624999 0.00390625 0.646694215625 0.01171875 0.6446280984375 0.0185546875 0.650826446875 0.015625 0.6818181812499999 0.0029296875 0.671487603125 0 0.683884296875 0.009765625 0.6983471078125 0.0166015625 0.6983471078125 0.0205078125 0.7086776859375 0.017578125 0.7231404953125 0.00390625 0.735537190625 0.01025390625 0.735537190625 0.0166015625 0.7252066109374999 0.0185546875 0.7396694218750001 0.029296875 0.731404959375 0.0322265625 0.7148760328125 0.0517578125 0.7190082640625 0.060546875 0.7086776859375 0.078125 0.7045454546875 0.0771484375 0.6818181812499999 0.0830078125 0.6549586781250001 0.080078125 0.64876033125 0.0830078125 0.6342975203125001 0.07421875 0.6301652890625 0.0751953125 0.6198347109375 0.056640625 0.6136363640625 0.0517578125 0.5971074375 0.0439453125 0.5971074375 0.041015625 0.6136363640625 0.0341796875 0.6136363640625 0.0263671875 0.5971074375 0.017578125 0.59297520625 0.0126953125 0.60123966875 0.01171875 0.6136363640625 0 0.6136363640625 0 0.6384297515624999
2 0.583984375 0 0.572265625 0.006198346875 0.5751953125 0.01239669375 0.55859375 0.070247934375 0.55859375 0.086776859375 0.5654296875 0.09297520625 0.5810546875 0.07644628125 0.583984375 0.0805785125 0.5966796875 0.07231404999999999 0.6083984375 0.0805785125 0.609375 0.10123966874999998 0.6064453125 0.10743801718749998 0.609375 0.1136363640625 0.6318359375 0.1136363640625 0.63671875 0.103305784375 0.646484375 0.103305784375 0.66015625 0.090909090625 0.666015625 0.07644628125 0.6748046875 0.07644628125 0.6796875 0.0640495875 0.69140625 0.0640495875 0.703125 0.049586776562500004 0.71875 0.049586776562500004 0.7255859375 0.0392561984375 0.748046875 0.0268595046875 0.7646484375 0.002066115625 0.6767578125 0.002066115625 0.66796875 0.010330578125 0.6630859375 0.002066115625 0.6513671875 0.002066115625 0.6494140625 0.0227272734375 0.642578125 0.006198346875 0.63671875 0.010330578125 0.6259765625 0 0.583984375 0
2 0 0.6880165296875 0.0126953125 0.6942148765625 0.029296875 0.6921487609375 0.029296875 0.6818181812499999 0.0185546875 0.661157025 0.017578125 0.646694215625 0.0029296875 0.646694215625 0 0.650826446875 0 0.6880165296875
2 0 0.6239669421875 0.0126953125 0.6136363640625 0.005859375 0.60123966875 0 0.60123966875 0 0.6239669421875
2 0 0.683884296875 0.0029296875 0.6921487609375 0.01171875 0.6921487609375 0.0146484375 0.6983471078125 0.029296875 0.6942148765625 0.029296875 0.671487603125 0.0205078125 0.66528925625 0.0205078125 0.650826446875 0.0146484375 0.6446280984375 0.0029296875 0.646694215625 0 0.650826446875 0 0.683884296875
2 0 0.6239669421875 0.0146484375 0.6136363640625 0.005859375 0.60123966875 0 0.60123966875 0 0.6239669421875
2 0.8447265625 0.0351239671875 0.8466796875 0.0433884296875 0.8603515625 0.0392561984375 0.8642578125 0.0454545453125 0.8671875 0.055785123437499994 0.85546875 0.07644628125 0.865234375 0.090909090625 0.865234375 0.0971074375 0.873046875 0.103305784375 0.9150390625 0.086776859375 0.9501953125 0.006198346875 0.9501953125 0 0.9306640625 0.006198346875 0.8447265625 0.002066115625 0.8466796875 0.016528925 0.841796875 0.0289256203125 0.84765625 0.0268595046875 0.8447265625 0.0351239671875
2 0.55546875 0.36171875 0.00078125 0.00390625
2 0.4755859375 0.4917355375 0.4755859375 0.5227272734375 0.4814453125 0.5495867765625 0.4814453125 0.566115703125 0.4873046875 0.5805785125 0.484375 0.5909090906250001 0.490234375 0.6074380171875 0.486328125 0.6301652890625 0.4892578125 0.6342975203125001 0.4931640625 0.6880165296875 0.498046875 0.6983471078125 0.5263671875 0.6983471078125 0.552734375 0.671487603125 0.568359375 0.667355371875 0.5830078125 0.6446280984375 0.58984375 0.6301652890625 0.587890625 0.6157024796874999 0.59765625 0.5971074375 0.6025390625 0.57231405 0.60546875 0.570247934375 0.60546875 0.5599173546875 0.591796875 0.5537190078124999 0.59765625 0.5227272734375 0.5869140625 0.5227272734375 0.583984375 0.51239669375 0.5947265625 0.502066115625 0.5966796875 0.4917355375 0.5673828125 0.46280991718750003 0.5576171875 0.44628099218750006 0.5546875 0.43181818125 0.55078125 0.42975206562499996 0.5517578125 0.421487603125 0.5576171875 0.421487603125 0.5595703125 0.41528925625 0.572265625 0.417355371875 0.5654296875 0.396694215625 0.5654296875 0.3842975203125 0.552734375 0.3780991734375 0.55078125 0.3677685953125 0.53125 0.3677685953125 0.5263671875 0.35950413281250004 0.529296875 0.353305784375 0.529296875 0.3305785125 0.51171875 0.3099173546875 0.505859375 0.32644628125 0.4892578125 0.3305785125 0.498046875 0.34090909062499997 0.498046875 0.3574380171875 0.478515625 0.3574380171875 0.4697265625 0.34297520625 0.466796875 0.3471074375 0.46484375 0.417355371875 0.474609375 0.46280991718750003 0.47265625 0.47933884375 0.4755859375 0.4917355375
2 0.55859375 0.3305785125 0.5771484375 0.3305785125 0.583984375 0.336776859375 0.5869140625 0.32231405 0.591796875 0.3305785125 0.580078125 0.2933884296875 0.5693359375 0.2789256203125 0.537109375 0.2809917359375 0.5322265625 0.2933884296875 0.546875 0.3140495875 0.55859375 0.31611570312500004 0.55859375 0.3305785125
2 0.00390625 0 0 0.006198346875 0.00390625 0.0227272734375 0.00390625 0.033057851562500004 0 0.0392561984375 0 0.0640495875 0.0029296875 0.06611570312500001 0 0.0805785125 0 0.1239669421875 0.0078125 0.11776859531249999 0.0380859375 0.11776859531249999 0.04296875 0.09297520625 0.0380859375 0.088842975 0.041015625 0.086776859375 0.037109375 0.049586776562500004 0.029296875 0.0082644625 0.0205078125 0 0.00390625 0
2 0.330078125 0.7045454546875 0.3359375 0.7045454546875 0.3330078125 0.7024793390624999 0.330078125 0.7045454546875
2 0.25390625 0.661157025 0.2529296875 0.67355371875 0.24609375 0.6818181812499999 0.25390625 0.7128099171875 0.25 0.7231404953125 0.259765625 0.743801653125 0.255859375 0.756198346875 0.2744140625 0.7768595046875 0.2998046875 0.7830578515625 0.3076171875 0.7789256203125 0.3125 0.768595040625 0.32421875 0.7768595046875 0.3369140625 0.76239669375 0.3505859375 0.766528925 0.3681640625 0.752066115625 0.3759765625 0.7396694218750001 0.376953125 0.72933884375 0.384765625 0.7210743796875 0.3818359375 0.7107438015625 0.384765625 0.6983471078125 0.3818359375 0.6942148765625 0.375 0.6942148765625 0.369140625 0.7086776859375 0.35546875 0.7024793390624999 0.3466796875 0.7086776859375 0.3330078125 0.6859504125 0.34765625 0.6818181812499999 0.3330078125 0.6446280984375 0.3134765625 0.6446280984375 0.31005859375 0.6549586781250001 0.3046875 0.6549586781250001 0.3056640625 0.646694215625 0.296875 0.6404958671875 0.2958984375 0.6301652890625 0.279296875 0.603305784375 0.2626953125 0.6074380171875 0.2587890625 0.6239669421875 0.25390625 0.6198347109375 0.2451171875 0.6404958671875 0.267578125 0.64876033125 0.259765625 0.661157025 0.25390625 0.661157025
2 0.0458984375 0.7045454546875 0.0517578125 0.7045454546875 0.046875 0.67355371875 0.046875 0.6446280984375 0.0380859375 0.6446280984375 0.037109375 0.6384297515624999 0.0244140625 0.6404958671875 0.0234375 0.661157025 0.02734375 0.671487603125 0.044921875 0.683884296875 0.0458984375 0.7045454546875
2 0.0322265625 0.6095041328125 0.021484375 0.59297520625 0.013671875 0.599173553125 0.0126953125 0.6136363640625 0.0205078125 0.6239669421875 0.0322265625 0.6177685953125 0.0322265625 0.6095041328125
2 0.69140625 0.57644628125 0.69921875 0.57644628125 0.7021484375 0.570247934375 0.7080078125 0.57644628125 0.7060546875 0.6095041328125 0.7109375 0.6280991734375 0.708984375 0.6384297515624999 0.7138671875 0.650826446875 0.736328125 0.650826446875 0.7763671875 0.6301652890625 0.787109375 0.6177685953125 0.779296875 0.586776859375 0.7841796875 0.5805785125 0.7822265625 0.57231405 0.7646484375 0.582644628125 0.7587890625 0.5971074375 0.7509765625 0.59297520625 0.7509765625 0.586776859375 0.7451171875 0.5805785125 0.7392578125 0.5805785125 0.7333984375 0.5681818187500001 0.7314453125 0.5495867765625 0.7197265625 0.5227272734375 0.705078125 0.5289256203125 0.701171875 0.5454545453125 0.6943359375 0.5330578515625 0.685546875 0.5351239671875 0.6826171875 0.5392561984375 0.6826171875 0.5516528921875 0.69140625 0.566115703125 0.69140625 0.57644628125
2 0 0.7417355375 0.021484375 0.735537190625 0.021484375 0.7128099171875 0.01171875 0.6962809921875001 0.01171875 0.6880165296875 0.0029296875 0.67768595 0 0.6818181812499999 0 0.7417355375
2 0.236328125 0.502066115625 0.2509765625 0.5 0.2509765625 0.4917355375 0.2587890625 0.485537190625 0.26171875 0.49586776875 0.279296875 0.5 0.2890625 0.4917355375 0.296875 0.4648760328125 0.2939453125 0.4421487609375 0.2841796875 0.421487603125 0.29296875 0.396694215625 0.2958984375 0.400826446875 0.3046875 0.3842975203125 0.2998046875 0.3842975203125 0.296875 0.3677685953125 0.2822265625 0.36983471093750003 0.2685546875 0.35950413281250004 0.2626953125 0.3677685953125 0.248046875 0.36983471093750003 0.2197265625 0.417355371875 0.2109375 0.4380165296875 0.2119140625 0.4524793390625 0.228515625 0.49586776875 0.236328125 0.502066115625
2 0.041015625 0.175619834375 0.0439453125 0.175619834375 0.04296875 0.167355371875 0.041015625 0.175619834375
2 0 0.3305785125 0.009765625 0.3305785125 0.0146484375 0.32644628125 0.0283203125 0.2830578515625 0.037109375 0.2789256203125 0.0380859375 0.26239669375 0.03125 0.247933884375 0.0380859375 0.239669421875 0.03125 0.2272727265625 0.0341796875 0.2190082640625 0.029296875 0.1983471078125 0.0263671875 0.154958678125 0.0205078125 0.1342975203125 0.00390625 0.1301652890625 0 0.1342975203125 0.00390625 0.154958678125 0.0009765625 0.175619834375 0.0029296875 0.18388429687500002 0 0.1880165296875 0 0.3305785125
2 0.44140625 0.9421487609374999 0.4619140625 0.8946280984375001 0.490234375 0.8677685953125 0.5146484375 0.8574380171874999 0.5234375 0.84297520625 0.509765625 0.836776859375 0.5029296875 0.820247934375 0.4931640625 0.8223140499999999 0.4814453125 0.8512396687500001 0.4677734375 0.8636363640625 0.4580078125 0.8636363640625 0.44140625 0.8842975203125001 0.423828125 0.9276859500000001 0.416015625 0.9586776859375 0.4130859375 0.9917355375 0.4267578125 0.9958677687499999 0.4326171875 0.9855371906249999 0.44140625 0.9421487609374999
2 0.653125 0.6796875 0.0015625 0.00390625
2 0.69140625 0.650826446875 0.6884765625 0.66528925625 0.697265625 0.667355371875 0.6962890625 0.650826446875 0.69140625 0.650826446875
2 0.544921875 0.7830578515625 0.5517578125 0.7789256203125 0.5576171875 0.7892561984375 0.548828125 0.8409090906250001 0.5439453125 0.8574380171874999 0.53515625 0.8698347109375 0.529296875 0.917355371875 0.529296875 0.9380165296874999 0.5322265625 0.9442148765624999 0.5439453125 0.9586776859375 0.5556640625 0.9586776859375 0.5712890625 0.917355371875 0.5869140625 0.8595041328124999 0.634765625 0.7789256203125 0.6396484375 0.7768595046875 0.6572265625 0.7417355375 0.671875 0.7252066109374999 0.6826171875 0.7024793390624999 0.6796875 0.6900826453125 0.685546875 0.67768595 0.6767578125 0.667355371875 0.666015625 0.67768595 0.6484375 0.7086776859375 0.6396484375 0.661157025 0.642578125 0.6549586781250001 0.6435546875 0.6136363640625 0.6318359375 0.570247934375 0.6181640625 0.5495867765625 0.6005859375 0.5557851234375 0.599609375 0.5681818187500001 0.5947265625 0.5599173546875 0.591796875 0.5640495875 0.6005859375 0.570247934375 0.6005859375 0.578512396875 0.59765625 0.5805785125 0.59765625 0.5909090906250001 0.5908203125 0.6115702484375001 0.5869140625 0.6136363640625 0.58984375 0.6342975203125001 0.5771484375 0.661157025 0.57421875 0.6549586781250001 0.580078125 0.671487603125 0.5673828125 0.6900826453125 0.55078125 0.7272727265625 0.54296875 0.7210743796875 0.5380859375 0.752066115625 0.5126953125 0.7933884296875 0.51171875 0.8099173546875 0.5146484375 0.8140495874999999 0.5322265625 0.820247934375 0.544921875 0.7830578515625
2 0.62578125 0.546875 0.00078125 0.00625
2 0 0.8904958671875001 0.0771484375 0.8677685953125 0.10546875 0.853305784375 0.1171875 0.832644628125 0.1201171875 0.820247934375 0.1201171875 0.7892561984375 0.111328125 0.7458677687499999 0.1083984375 0.752066115625 0.1005859375 0.7458677687499999 0.1005859375 0.7169421484375 0.1064453125 0.7148760328125 0.1064453125 0.7045454546875 0.1025390625 0.7004132234375 0.099609375 0.650826446875 0.091796875 0.6280991734375 0.0888671875 0.586776859375 0.0751953125 0.582644628125 0.072265625 0.603305784375 0.06640625 0.6136363640625 0.05859375 0.6136363640625 0.0517578125 0.5971074375 0.04296875 0.5971074375 0.0400390625 0.6136363640625 0.0322265625 0.6136363640625 0.0244140625 0.5971074375 0.0146484375 0.5971074375 0.01171875 0.6136363640625 0.0009765625 0.603305784375 0 0.6446280984375 0.005859375 0.6590909093749999 0 0.667355371875 0 0.8409090906250001 0.0029296875 0.8471074375000001 0 0.8512396687500001 0 0.8904958671875001
2 0.31328125 0.29453125 0.00078125 0.00234375
2 0.302734375 0.3037190078125 0.3056640625 0.3037190078125 0.3056640625 0.2933884296875 0.302734375 0.3037190078125
2 0.306640625 0.26652892499999997 0.3056640625 0.2789256203125 0.30859375 0.268595040625 0.3173828125 0.26652892499999997 0.3369140625 0.2830578515625 0.3505859375 0.2768595046875 0.4287109375 0.2830578515625 0.44140625 0.2892561984375 0.447265625 0.2995867765625 0.45703125 0.2995867765625 0.4697265625 0.31611570312500004 0.4775390625 0.3140495875 0.484375 0.3037190078125 0.4755859375 0.2851239671875 0.4638671875 0.2789256203125 0.458984375 0.268595040625 0.4384765625 0.26239669375 0.4208984375 0.24586776875 0.4111328125 0.24586776875 0.421875 0.2190082640625 0.41015625 0.2190082640625 0.40234375 0.2045454546875 0.3896484375 0.1942148765625 0.3779296875 0.2045454546875 0.3759765625 0.1983471078125 0.3603515625 0.21487603281249998 0.34375 0.2086776859375 0.3359375 0.1983471078125 0.3388671875 0.1921487609375 0.3359375 0.146694215625 0.34375 0.13842975156249998 0.341796875 0.1239669421875 0.3369140625 0.1280991734375 0.3330078125 0.150826446875 0.3232421875 0.161157025 0.30078125 0.175619834375 0.28515625 0.17768595 0.2744140625 0.1880165296875 0.2734375 0.2190082640625 0.2763671875 0.231404959375 0.2900390625 0.256198346875 0.306640625 0.26652892499999997
2 0 0.3305785125 0.015625 0.32644628125 0.029296875 0.2851239671875 0.0400390625 0.28719008281249997 0.0400390625 0.29752066093749996 0.0458984375 0.3140495875 0.072265625 0.3099173546875 0.080078125 0.2995867765625 0.078125 0.26239669375 0.072265625 0.231404959375 0.06640625 0.22107437968750002 0.0634765625 0.18388429687500002 0.0556640625 0.171487603125 0.0498046875 0.17768595 0.048828125 0.167355371875 0.0380859375 0.150826446875 0.03515625 0.1198347109375 0.041015625 0.1136363640625 0.02734375 0.0971074375 0.0205078125 0.103305784375 0.0185546875 0.0971074375 0.021484375 0.0805785125 0.015625 0.08471074375 0.0146484375 0.07644628125 0.0068359375 0.07644628125 0.005859375 0.070247934375 0 0.070247934375 0 0.3305785125
2 0 0.0599173546875 0.0029296875 0.0599173546875 0.0009765625 0.049586776562500004 0 0.0599173546875
2 0 0.0454545453125 0.0205078125 0.0433884296875 0.029296875 0.0640495875 0.029296875 0.070247934375 0.0341796875 0.07644628125 0.0322265625 0.06611570312500001 0.03515625 0.0599173546875 0.025390625 0.0537190078125 0.0322265625 0.0392561984375 0.029296875 0.0289256203125 0.0185546875 0.033057851562500004 0.0146484375 0.0227272734375 0.0087890625 0.02066115625 0.009765625 0.01239669375 0.00390625 0.0082644625 0 0.01239669375 0.0068359375 0.0268595046875 0 0.0454545453125
2 0.0068359375 0.002066115625 0.0146484375 0.0082644625 0.0185546875 0.002066115625 0.0068359375 0.002066115625
2 0.2255859375 0.8161157031249999 0.2255859375 0.83471074375 0.22265625 0.8409090906250001 0.2255859375 0.8471074375000001 0.236328125 0.8471074375000001 0.2421875 0.8409090906250001 0.2451171875 0.8243801656249999 0.2509765625 0.8161157031249999 0.234375 0.7190082640625 0.228515625 0.7086776859375 0.22265625 0.7086776859375 0.2197265625 0.7210743796875 0.2197265625 0.7892561984375 0.22265625 0.8140495874999999 0.2255859375 0.8161157031249999
2 0.185546875 0.586776859375 0.19140625 0.59297520625 0.1904296875 0.6074380171875 0.18359375 0.6177685953125 0.1884765625 0.6322314046875 0.1875 0.6446280984375 0.1904296875 0.6549586781250001 0.1884765625 0.7210743796875 0.1943359375 0.731404959375 0.19140625 0.75 0.19921875 0.7727272734375 0.1962890625 0.7830578515625 0.19921875 0.8305785125 0.197265625 0.836776859375 0.2001953125 0.8574380171874999 0.205078125 0.8636363640625 0.208984375 0.8574380171874999 0.2080078125 0.7954545453125 0.2060546875 0.7789256203125 0.2001953125 0.7727272734375 0.2060546875 0.756198346875 0.205078125 0.73760330625 0.2080078125 0.72933884375 0.2060546875 0.7086776859375 0.2119140625 0.6074380171875 0.205078125 0.5495867765625 0.2001953125 0.5371900828125 0.2021484375 0.5289256203125 0.19921875 0.5268595046875 0.19921875 0.51239669375 0.1943359375 0.502066115625 0.19140625 0.518595040625 0.185546875 0.5268595046875 0.1884765625 0.5330578515625 0.1884765625 0.5475206609375001 0.185546875 0.5495867765625 0.185546875 0.586776859375
2 0.23671875 0.3921875 0.0046875 0.00390625
2 0.248046875 0.36983471093750003 0.2431640625 0.3739669421875 0.25 0.38016528906249997 0.2587890625 0.3739669421875 0.248046875 0.36983471093750003
2 0.234375 0.582644628125 0.2470703125 0.5599173546875 0.2666015625 0.5413223140625 0.2822265625 0.5082644625 0.3076171875 0.48966942187500007 0.341796875 0.4421487609375 0.3447265625 0.42561983437500006 0.33984375 0.41115702499999995 0.3466796875 0.38842975156250004 0.3388671875 0.3760330578125 0.34375 0.36983471093750003 0.3359375 0.36983471093750003 0.333984375 0.3636363640625 0.3388671875 0.35950413281250004 0.3330078125 0.353305784375 0.31640625 0.353305784375 0.3017578125 0.3636363640625 0.298828125 0.36983471093750003 0.298828125 0.3842975203125 0.291015625 0.404958678125 0.28515625 0.404958678125 0.2802734375 0.42768595 0.2734375 0.43181818125 0.2734375 0.4421487609375 0.263671875 0.4710743796875 0.2373046875 0.5 0.22265625 0.502066115625 0.22265625 0.5495867765625 0.2255859375 0.5537190078124999 0.2255859375 0.566115703125 0.234375 0.582644628125
2 0.2431640625 0.667355371875 0.240234375 0.6921487609375 0.248046875 0.7128099171875 0.259765625 0.7789256203125 0.267578125 0.8016528921875 0.265625 0.8140495874999999 0.271484375 0.82644628125 0.28515625 0.82644628125 0.33984375 0.7954545453125 0.361328125 0.7933884296875 0.392578125 0.7727272734375 0.396484375 0.7768595046875 0.427734375 0.752066115625 0.466796875 0.7396694218750001 0.4716796875 0.731404959375 0.4814453125 0.72933884375 0.490234375 0.7148760328125 0.4892578125 0.671487603125 0.4814453125 0.6280991734375 0.478515625 0.570247934375 0.47265625 0.5392561984375 0.4716796875 0.502066115625 0.458984375 0.41115702499999995 0.4580078125 0.3780991734375 0.455078125 0.3574380171875 0.44921875 0.35123966875 0.4384765625 0.3574380171875 0.4306640625 0.3780991734375 0.416015625 0.38016528906249997 0.3994140625 0.3946280984375 0.3896484375 0.417355371875 0.384765625 0.417355371875 0.375 0.4442148765625 0.3583984375 0.46280991718750003 0.3505859375 0.4648760328125 0.333984375 0.48966942187500007 0.3271484375 0.4917355375 0.3046875 0.518595040625 0.3017578125 0.5289256203125 0.287109375 0.5454545453125 0.2822265625 0.5599173546875 0.2392578125 0.6136363640625 0.234375 0.6239669421875 0.234375 0.6384297515624999 0.2392578125 0.646694215625 0.2431640625 0.667355371875
2 0.2314453125 0.3946280984375 0.2314453125 0.353305784375 0.21484375 0.3471074375 0.2060546875 0.3574380171875 0.205078125 0.3842975203125 0.208984375 0.417355371875 0.22265625 0.421487603125 0.2314453125 0.3946280984375
2 0.349609375 0.35123966875 0.34765625 0.3574380171875 0.353515625 0.39049586718749996 0.3779296875 0.3946280984375 0.3828125 0.39049586718749996 0.384765625 0.38016528906249997 0.392578125 0.3780991734375 0.3994140625 0.3636363640625 0.435546875 0.320247934375 0.4384765625 0.2933884296875 0.3818359375 0.2933884296875 0.3388671875 0.30578512343750003 0.330078125 0.320247934375 0.3349609375 0.31611570312500004 0.3359375 0.338842975 0.349609375 0.35123966875
2 0 0.2086776859375 0.00390625 0.21280991718750003 0.0016818578125000001 0.23516414062500002 0.0068359375 0.2324380171875 0.0029296875 0.2272727265625 0.0068359375 0.2190082640625 0.00390625 0.21487603281249998 0.0087890625 0.1983471078125 0.0048828125 0.175619834375 0 0.175619834375 0 0.2086776859375
2 0.0068359375 0.24586776875 0.001545009375 0.2365394109375 0 0.25206611562500003 0.005859375 0.25206611562500003 0.0068359375 0.24586776875
2 0.0263671875 0.5227272734375 0.0234375 0.5227272734375 0.0234375 0.5309917359375 0.029296875 0.5330578515625 0.0263671875 0.5227272734375
2 0.04296875 0.5247933890625001 0.052734375 0.5289256203125 0.048828125 0.5227272734375 0.04296875 0.5247933890625001
2 0 0.3305785125 0.0205078125 0.32644628125 0.0205078125 0.320247934375 0.037109375 0.2995867765625 0.0419921875 0.3016528921875 0.0439453125 0.31611570312500004 0.06640625 0.3140495875 0.080078125 0.30578512343750003 0.0830078125 0.2830578515625 0.078125 0.27272727343750003 0.078125 0.2582644625 0.072265625 0.24173553750000001 0.0712890625 0.2252066109375 0.06640625 0.2190082640625 0.068359375 0.21280991718750003 0.0634765625 0.18181818125 0.060546875 0.17975206562499998 0.060546875 0.167355371875 0.0576171875 0.154958678125 0.0498046875 0.1528925625 0.0439453125 0.1363636359375 0.048828125 0.1280991734375 0.048828125 0.1136363640625 0.0439453125 0.0805785125 0.0380859375 0.06818181875 0.037109375 0.0433884296875 0.0322265625 0.0289256203125 0.029296875 0.002066115625 0.0029296875 0 0 0.002066115625 0 0.018595040625 0.00390625 0.0268595046875 0 0.0351239671875 0 0.3305785125
2 0.5869140625 0.06611570312500001 0.603515625 0.07231404999999999 0.6201171875 0.1095041328125 0.630859375 0.1095041328125 0.654296875 0.090909090625 0.6572265625 0.07644628125 0.6630859375 0.07644628125 0.671875 0.0640495875 0.6943359375 0.0599173546875 0.72265625 0.0227272734375 0.736328125 0.0227272734375 0.7392578125 0.0082644625 0.7431640625 0.01239669375 0.7509765625 0.006198346875 0.6796875 0.006198346875 0.673828125 0.018595040625 0.6748046875 0.037190082812500004 0.6689453125 0.0454545453125 0.66796875 0.055785123437499994 0.65625 0.0289256203125 0.6435546875 0.0289256203125 0.640625 0.018595040625 0.62890625 0.016528925 0.6259765625 0.002066115625 0.578125 0.002066115625 0.5771484375 0.01239669375 0.580078125 0.018595040625 0.56640625 0.0433884296875 0.56640625 0.0640495875 0.5634765625 0.070247934375 0.5634765625 0.082644628125 0.5751953125 0.0805785125 0.578125 0.070247934375 0.5869140625 0.06611570312500001
2 0.0546875 0.7128099171875 0.0634765625 0.6756198343750001 0.05859375 0.667355371875 0.060546875 0.650826446875 0.0576171875 0.6342975203125001 0.0517578125 0.6301652890625 0.0439453125 0.6342975203125001 0.04296875 0.6404958671875 0.0263671875 0.6384297515624999 0.0234375 0.6446280984375 0.0234375 0.661157025 0.0380859375 0.7045454546875 0.0546875 0.7128099171875
2 0.0517578125 0.5971074375 0.0458984375 0.5971074375 0.041015625 0.6074380171875 0.04296875 0.6136363640625 0.0517578125 0.6136363640625 0.0517578125 0.5971074375
2 0.0341796875 0.6136363640625 0.021484375 0.59297520625 0.0146484375 0.5971074375 0.0126953125 0.6095041328125 0.021484375 0.6239669421875 0.02734375 0.6239669421875 0.0341796875 0.6136363640625
2 0.841796875 0.5392561984375 0.83984375 0.5227272734375 0.82421875 0.5268595046875 0.822265625 0.5433884296875 0.8271484375 0.5557851234375 0.8359375 0.5557851234375 0.841796875 0.5392561984375
2 0.8251953125 0.45454545468749996 0.822265625 0.46280991718750003 0.822265625 0.48966942187500007 0.8271484375 0.49586776875 0.84375 0.49586776875 0.849609375 0.481404959375 0.84765625 0.4524793390625 0.853515625 0.421487603125 0.8359375 0.3842975203125 0.822265625 0.38016528906249997 0.818359375 0.3842975203125 0.8232421875 0.409090909375 0.8193359375 0.4421487609375 0.8251953125 0.45454545468749996
2 0.8265625 0.34921875 0.003125 0.00390625
2 0.830078125 0.1921487609375 0.8271484375 0.2252066109375 0.8330078125 0.231404959375 0.8134765625 0.25 0.8154296875 0.256198346875 0.8125 0.26239669375 0.8154296875 0.268595040625 0.826171875 0.268595040625 0.830078125 0.2768595046875 0.826171875 0.2892561984375 0.8154296875 0.3016528921875 0.810546875 0.320247934375 0.81640625 0.34090909062499997 0.822265625 0.34090909062499997 0.82421875 0.33471074375 0.8330078125 0.34090909062499997 0.8369140625 0.353305784375 0.8369140625 0.3677685953125 0.8564453125 0.3677685953125 0.8564453125 0.34504132187500003 0.861328125 0.3305785125 0.861328125 0.2995867765625 0.8564453125 0.2809917359375 0.859375 0.27272727343750003 0.85546875 0.247933884375 0.8564453125 0.22107437968750002 0.849609375 0.2066115703125 0.84765625 0.19008264531250002 0.861328125 0.175619834375 0.8623046875 0.16528925625 0.8447265625 0.1446280984375 0.841796875 0.1239669421875 0.8369140625 0.1301652890625 0.8330078125 0.1239669421875 0.8232421875 0.1342975203125 0.81640625 0.1280991734375 0.8134765625 0.13842975156249998 0.8134765625 0.1446280984375 0.8271484375 0.15909090937499998 0.822265625 0.18181818125 0.830078125 0.1921487609375
2 0.5751953125 0.6446280984375 0.5810546875 0.6342975203125001 0.5673828125 0.6280991734375 0.5615234375 0.6342975203125001 0.552734375 0.6301652890625 0.5498046875 0.6342975203125001 0.5517578125 0.6549586781250001 0.5634765625 0.6446280984375 0.5751953125 0.6446280984375
2 0.494140625 0.6900826453125 0.50390625 0.6983471078125 0.5263671875 0.6983471078125 0.5517578125 0.671487603125 0.548828125 0.65702479375 0.5439453125 0.6549586781250001 0.5458984375 0.6363636359375 0.5478515625 0.6280991734375 0.5576171875 0.6177685953125 0.5458984375 0.6074380171875 0.54296875 0.5971074375 0.5302734375 0.6074380171875 0.5263671875 0.59297520625 0.517578125 0.59297520625 0.5146484375 0.60123966875 0.5068359375 0.5971074375 0.5068359375 0.586776859375 0.4892578125 0.588842975 0.4951171875 0.6074380171875 0.4912109375 0.6260330578125 0.4873046875 0.6301652890625 0.494140625 0.6900826453125
2 0.5634765625 0.9648760328125 0.5693359375 0.9648760328125 0.56640625 0.9628099171875 0.5634765625 0.9648760328125
2 0.49609375 0.9524793390624999 0.50390625 0.9814049593749999 0.51171875 0.9917355375 0.5146484375 0.9855371906249999 0.5126953125 0.9752066109375 0.5009765625 0.9359504125000001 0.4951171875 0.896694215625 0.4892578125 0.8842975203125001 0.4814453125 0.8842975203125001 0.4814453125 0.8946280984375001 0.4892578125 0.90702479375 0.49609375 0.9524793390624999
2 0.5205078125 0.8223140499999999 0.5126953125 0.8223140499999999 0.51171875 0.8305785125 0.5205078125 0.836776859375 0.5263671875 0.832644628125 0.5205078125 0.8223140499999999
2 0.4921875 0.8037190078125 0.5009765625 0.7995867765625 0.4921875 0.7933884296875 0.4921875 0.8037190078125
2 0.48046875 0.7727272734375 0.4814453125 0.7830578515625 0.4892578125 0.7933884296875 0.4892578125 0.7830578515625 0.48046875 0.7727272734375
2 0.4384765625 0.7830578515625 0.44921875 0.7954545453125 0.4580078125 0.820247934375 0.4697265625 0.8161157031249999 0.4619140625 0.7809917359375 0.4736328125 0.7789256203125 0.474609375 0.7727272734375 0.46484375 0.768595040625 0.4619140625 0.7768595046875 0.4580078125 0.768595040625 0.4501953125 0.766528925 0.4501953125 0.7830578515625 0.4375 0.76239669375 0.43359375 0.77066115625 0.4306640625 0.76239669375 0.4296875 0.768595040625 0.4443359375 0.7768595046875 0.4443359375 0.7892561984375 0.4384765625 0.7830578515625
2 0 0.82644628125 0.009765625 0.82644628125 0.0322265625 0.8099173546875 0.03515625 0.7954545453125 0.029296875 0.7830578515625 0.0234375 0.75 0.00390625 0.7458677687499999 0 0.75 0 0.82644628125
2 0.791015625 0.82644628125 0.798828125 0.836776859375 0.8076171875 0.8161157031249999 0.8076171875 0.7933884296875 0.8017578125 0.7830578515625 0.7939453125 0.7933884296875 0.7900390625 0.7789256203125 0.7822265625 0.7789256203125 0.7744140625 0.7954545453125 0.7734375 0.8161157031249999 0.77734375 0.8305785125 0.787109375 0.832644628125 0.791015625 0.82644628125
2 0.8388671875 0.5557851234375 0.8447265625 0.5433884296875 0.849609375 0.5433884296875 0.849609375 0.5330578515625 0.84375 0.5227272734375 0.822265625 0.5227272734375 0.822265625 0.5537190078124999 0.828125 0.5640495875 0.8388671875 0.5557851234375
2 0.82421875 0.45454545468749996 0.8193359375 0.46900826406249996 0.8193359375 0.4917355375 0.82421875 0.5 0.841796875 0.5 0.8525390625 0.48966942187500007 0.8505859375 0.4421487609375 0.861328125 0.42768595 0.8388671875 0.3842975203125 0.8271484375 0.3739669421875 0.818359375 0.3760330578125 0.81640625 0.38842975156250004 0.8193359375 0.3925619828125 0.8193359375 0.4442148765625 0.82421875 0.45454545468749996
2 0.8251953125 0.21694214843749998 0.81640625 0.22107437968750002 0.8212890625 0.22107437968750002 0.8251953125 0.23347107500000003 0.8212890625 0.239669421875 0.81640625 0.23553719062499998 0.818359375 0.239669421875 0.810546875 0.25 0.8095703125 0.2582644625 0.802734375 0.26239669375 0.802734375 0.2768595046875 0.8125 0.2851239671875 0.80859375 0.2933884296875 0.8134765625 0.2995867765625 0.80859375 0.32231405 0.8125 0.338842975 0.8193359375 0.34504132187500003 0.8212890625 0.3574380171875 0.8447265625 0.3739669421875 0.84765625 0.3842975203125 0.861328125 0.38016528906249997 0.859375 0.34504132187500003 0.8642578125 0.32231405 0.8642578125 0.29545454531250004 0.861328125 0.28719008281249997 0.8642578125 0.26239669375 0.8583984375 0.25 0.861328125 0.22107437968750002 0.8525390625 0.2066115703125 0.8525390625 0.1921487609375 0.8642578125 0.18388429687500002 0.8671875 0.15702479375 0.8583984375 0.154958678125 0.8505859375 0.1404958671875 0.8447265625 0.1404958671875 0.84765625 0.1239669421875 0.8359375 0.1136363640625 0.8359375 0.0971074375 0.8330078125 0.09297520625 0.830078125 0.103305784375 0.8271484375 0.103305784375 0.8251953125 0.09297520625 0.818359375 0.103305784375 0.81640625 0.1198347109375 0.810546875 0.1301652890625 0.810546875 0.1404958671875 0.8076171875 0.1404958671875 0.82421875 0.163223140625 0.8193359375 0.1880165296875 0.8271484375 0.1921487609375 0.8251953125 0.21694214843749998
2 0.8421875 0.08125 0.00625 0.00234375
2 0.8671875 0.018595040625 0.8671875 0.024793389062499997 0.8759765625 0.018595040625 0.8671875 0.018595040625
2 0.6630859375 0.9958677687499999 0.6669921875 0.9814049593749999 0.671875 0.9958677687499999 0.673828125 0.9917355375 0.6689453125 0.9814049593749999 0.6494140625 0.9669421484375 0.642578125 0.9483471078125 0.6259765625 0.9421487609374999 0.623046875 0.9628099171875 0.6259765625 0.9793388437500001 0.650390625 0.9855371906249999 0.6630859375 0.9958677687499999
2 0 0.32644628125 0.01171875 0.32644628125 0.0244140625 0.2851239671875 0.03515625 0.2830578515625 0.0390625 0.27066115625 0.046875 0.3140495875 0.1123046875 0.2995867765625 0.1171875 0.27272727343750003 0.111328125 0.256198346875 0.111328125 0.231404959375 0.1064453125 0.1942148765625 0.1015625 0.18388429687500002 0.1025390625 0.175619834375 0.0966796875 0.154958678125 0.091796875 0.10123966874999998 0.0888671875 0.09917355312500001 0.0888671875 0.086776859375 0.08203125 0.082644628125 0.0859375 0.0805785125 0.0859375 0.0599173546875 0.0810546875 0.049586776562500004 0.0771484375 0.016528925 0.0625 0.0227272734375 0.0546875 0.0082644625 0.044921875 0.006198346875 0.0439453125 0 0.0390625 0.006198346875 0.0029296875 0 0 0.002066115625 0 0.018595040625 0.00390625 0.0268595046875 0 0.0392561984375 0 0.1301652890625 0.0029296875 0.1322314046875 0.00390625 0.1446280984375 0.00390625 0.161157025 0 0.167355371875 0 0.25 0.00390625 0.2582644625 0 0.26652892499999997 0 0.32644628125
2 0.0703125 0.25206611562500003 0.0703125 0.239669421875 0.0634765625 0.239669421875 0.0634765625 0.24586776875 0.0693359375 0.24380165312500002 0.0703125 0.25206611562500003
2 0 0.3305785125 0.0087890625 0.3305785125 0.0146484375 0.32644628125 0.017578125 0.3099173546875 0.029296875 0.2830578515625 0.037109375 0.2830578515625 0.0400390625 0.2768595046875 0.0400390625 0.26239669375 0.04296875 0.256198346875 0.0400390625 0.247933884375 0.048828125 0.24586776875 0.0546875 0.2252066109375 0.0498046875 0.2086776859375 0.0517578125 0.2045454546875 0.0458984375 0.1962809921875 0.046875 0.17768595 0.03515625 0.14876033125000002 0.0341796875 0.1342975203125 0.03125 0.1342975203125 0.033203125 0.1198347109375 0.041015625 0.1136363640625 0.03515625 0.09917355312500001 0.0380859375 0.070247934375 0.029296875 0.01239669375 0.0263671875 0.002066115625 0.0009765625 0.002066115625 0 0.016528925 0.00390625 0.0268595046875 0 0.0351239671875 0 0.3305785125
2 0.7001953125 0.603305784375 0.69921875 0.6095041328125 0.7021484375 0.6074380171875 0.7021484375 0.6136363640625 0.7080078125 0.6198347109375 0.7080078125 0.646694215625 0.7119140625 0.6549586781250001 0.7373046875 0.650826446875 0.787109375 0.6239669421875 0.78515625 0.5950413218749999 0.7880859375 0.586776859375 0.7880859375 0.566115703125 0.78515625 0.5619834703125 0.78515625 0.5495867765625 0.7705078125 0.5495867765625 0.75390625 0.57644628125 0.748046875 0.57644628125 0.7373046875 0.566115703125 0.736328125 0.5454545453125 0.716796875 0.518595040625 0.7021484375 0.5227272734375 0.69921875 0.5330578515625 0.677734375 0.5289256203125 0.6767578125 0.5392561984375 0.6904296875 0.57231405 0.6953125 0.60123966875 0.7001953125 0.603305784375
2 0.78125 0.502066115625 0.7900390625 0.506198346875 0.7958984375 0.48966942187500007 0.791015625 0.43181818125 0.787109375 0.421487603125 0.77734375 0.42561983437500006 0.7744140625 0.4442148765625 0.77734375 0.4710743796875 0.7744140625 0.481404959375 0.78125 0.502066115625
2 0.78515625 0.3739669421875 0.7822265625 0.3780991734375 0.78125 0.3925619828125 0.7880859375 0.3946280984375 0.7880859375 0.38016528906249997 0.78515625 0.3739669421875
2 0.69140625 0.35123966875 0.6875 0.353305784375 0.6884765625 0.35950413281250004 0.6962890625 0.35950413281250004 0.69140625 0.35123966875
2 0.7529296875 0.3636363640625 0.75390625 0.3471074375 0.7451171875 0.3305785125 0.7421875 0.31611570312500004 0.736328125 0.3099173546875 0.72265625 0.31611570312500004 0.7197265625 0.32644628125 0.73046875 0.35123966875 0.7421875 0.3677685953125 0.7529296875 0.3636363640625
2 0.0439453125 0.7892561984375 0.0654296875 0.7789256203125 0.06640625 0.766528925 0.0576171875 0.73760330625 0.05859375 0.731404959375 0.048828125 0.7210743796875 0.0322265625 0.72933884375 0.0263671875 0.7458677687499999 0.02734375 0.768595040625 0.0322265625 0.7851239671875 0.0439453125 0.7892561984375
2 0.0771484375 0.67768595 0.0654296875 0.683884296875 0.05859375 0.7024793390624999 0.060546875 0.7086776859375 0.078125 0.7045454546875 0.0771484375 0.67768595
2 0.24375 0.48359375 0.003125 0.00390625
2 0.346875 0.44296875 0.00078125 0.00234375
2 0.2646484375 0.43388429687499996 0.2626953125 0.4421487609375 0.2685546875 0.4421487609375 0.267578125 0.43181818125 0.2646484375 0.43388429687499996
2 0.371875 0.41953125 0.0015625 0.00390625
2 0.29140625 0.36875 0.003125 0.00234375
2 0.2939453125 0.353305784375 0.298828125 0.353305784375 0.2958984375 0.35123966875 0.2939453125 0.353305784375
2 0.205078125 0.3099173546875 0.203125 0.320247934375 0.2080078125 0.32644628125 0.2109375 0.3099173546875 0.205078125 0.3099173546875
2 0.087890625 0 0.0869140625 0.01239669375 0.099609375 0.0433884296875 0.1123046875 0.103305784375 0.125 0.1404958671875 0.12890625 0.167355371875 0.1484375 0.231404959375 0.1494140625 0.24586776875 0.162109375 0.2830578515625 0.1630859375 0.2995867765625 0.173828125 0.32231405 0.1826171875 0.3739669421875 0.1904296875 0.396694215625 0.19140625 0.4421487609375 0.197265625 0.4710743796875 0.197265625 0.4917355375 0.2021484375 0.5041322312500001 0.205078125 0.5392561984375 0.216796875 0.6074380171875 0.208984375 0.7128099171875 0.2109375 0.731404959375 0.2080078125 0.7458677687499999 0.2119140625 0.8677685953125 0.216796875 0.9256198343750001 0.22265625 0.921487603125 0.2197265625 0.8099173546875 0.216796875 0.8057851234375001 0.216796875 0.7210743796875 0.2197265625 0.7086776859375 0.2197265625 0.6818181812499999 0.2255859375 0.667355371875 0.2333984375 0.6921487609375 0.2314453125 0.6983471078125 0.2392578125 0.7252066109374999 0.2431640625 0.76239669375 0.2734375 0.9276859500000001 0.279296875 0.9400826453125 0.28515625 0.9690082640625001 0.298828125 0.9958677687499999 0.296875 0.9710743796875001 0.2900390625 0.9566115703125 0.2763671875 0.904958678125 0.2451171875 0.7128099171875 0.234375 0.6921487609375 0.2421875 0.6818181812499999 0.2314453125 0.6384297515624999 0.2314453125 0.6198347109375 0.2255859375 0.5950413218749999 0.2275390625 0.5805785125 0.2197265625 0.5516528921875 0.21875 0.518595040625 0.208984375 0.45454545468749996 0.2109375 0.4421487609375 0.205078125 0.42355371875000003 0.197265625 0.353305784375 0.19140625 0.34297520625 0.1875 0.3099173546875 0.181640625 0.3037190078125 0.1796875 0.2892561984375 0.171875 0.27272727343750003 0.1630859375 0.2190082640625 0.15234375 0.18388429687500002 0.1513671875 0.167355371875 0.1376953125 0.1136363640625 0.130859375 0.10123966874999998 0.1279296875 0.082644628125 0.123046875 0.07644628125 0.103515625 0.006198346875 0.099609375 0 0.087890625 0
2 0.3837890625 0.006198346875 0.3818359375 0.0082644625 0.3876953125 0.01239669375 0.3876953125 0.006198346875 0.3837890625 0.006198346875
2 0.5146484375 0 0.501953125 0.0082644625 0.490234375 0.002066115625 0.4189453125 0.002066115625 0.40234375 0.01239669375 0.392578125 0.0082644625 0.392578125 0.0268595046875 0.380859375 0.0351239671875 0.369140625 0.030991735937499997 0.3701171875 0.018595040625 0.3671875 0.016528925 0.3779296875 0.01239669375 0.3759765625 0.0082644625 0.361328125 0.002066115625 0.341796875 0.0082644625 0.337890625 0.016528925 0.3251953125 0.002066115625 0.26171875 0.002066115625 0.2587890625 0.018595040625 0.2568359375 0.082644628125 0.298828125 0.090909090625 0.2998046875 0.095041321875 0.2958984375 0.09917355312500001 0.2998046875 0.10743801718749998 0.29736328125 0.1198347109375 0.28515625 0.1198347109375 0.28515625 0.1301652890625 0.3046875 0.1342975203125 0.3056640625 0.1157024796875 0.3212890625 0.1239669421875 0.32421875 0.1198347109375 0.3232421875 0.10743801718749998 0.330078125 0.10743801718749998 0.3310546875 0.0971074375 0.337890625 0.0971074375 0.3564453125 0.1136363640625 0.3701171875 0.1136363640625 0.4072265625 0.103305784375 0.4189453125 0.07644628125 0.4296875 0.10123966874999998 0.4755859375 0.090909090625 0.4814453125 0.086776859375 0.4833984375 0.07438016562500001 0.490234375 0.06611570312500001 0.4921875 0.07644628125 0.5009765625 0.082644628125 0.521484375 0.0805785125 0.5458984375 0.0619834703125 0.5634765625 0.0289256203125 0.5634765625 0.006198346875 0.5458984375 0.002066115625 0.5380859375 0.0082644625 0.533203125 0 0.5146484375 0