2 0.8921875 0.12421875 0.00234375 0.0015625
2 0.8796875 0.11796875 0.00234375 0.0015625
2 0.7112499999999999 0.15375 0.73375 0.15 0.76125 0.15375 0.77625 0.14875 0.7925 0.1525 0.8 0.14625 0.8099999999999999 0.15375 0.8162499999999999 0.15375 0.8387499999999999 0.14875 0.8375 0.11625 0.5325 0.11625 0.5325 0.1525 0.6837500000000001 0.15375 0.6975 0.14875 0.7112499999999999 0.15375
2 0.9724999999999999 0.8862500000000001 0.9974999999999999 0.865 0.9974999999999999 0.805 0.99 0.8 0.97 0.8 0.9512499999999999 0.805 0.915 0.8262499999999999 0.8975 0.8425 0.8887499999999999 0.8574999999999999 0.8887499999999999 0.88125 0.9075 0.89875 0.9412499999999999 0.89875 0.9724999999999999 0.8862500000000001
2 0.31375000000000003 0.14625 0.31875 0.15 0.315 0.13999999999999999 0.31375000000000003 0.14625
2 0.275 0.13999999999999999 0.27125 0.14125000000000001 0.28125 0.14875 0.28125 0.13999999999999999 0.275 0.13999999999999999
2 0.375 0.15375 0.4175 0.15375 0.42750000000000005 0.15 0.48 0.15375 0.4875 0.15 0.5037499999999999 0.15125 0.50625 0.1275 0.51375 0.12125 0.51375 0.11625 0.375 0.11625 0.36875 0.12125 0.365 0.11625 0.34375 0.11625 0.33875 0.12250000000000001 0.3375 0.145 0.34625 0.15375 0.36875 0.15 0.375 0.15375
2 0.2125 0.68875 0.21625 0.69375 0.21875 0.6912499999999999 0.2125 0.68875
2 0.8574999999999999 0.6849999999999999 0.865 0.6912499999999999 0.865 0.6849999999999999 0.8574999999999999 0.6849999999999999
2 0.87109375 0.68125 0.00234375 0.00234375
2 0.19125 0.67875 0.19125 0.6837500000000001 0.19624999999999998 0.6849999999999999 0.19624999999999998 0.6775 0.19125 0.67875
2 0.175 0.67 0.1875 0.6775 0.19375 0.6675 0.42874999999999996 0.6675 0.43875000000000003 0.6575 0.44625000000000004 0.6575 0.4525 0.66125 0.45125000000000004 0.665 0.46125 0.6675 0.8162499999999999 0.6675 0.8262499999999999 0.6625 0.83375 0.665 0.83375 0.6775 0.83625 0.6725 0.85 0.6775 0.8574999999999999 0.67 0.865 0.6725 0.8699999999999999 0.6675 0.9175000000000001 0.6675 0.9175000000000001 0.19375 0.24500000000000002 0.1925 0.10625 0.19624999999999998 0.10500000000000001 0.66625 0.1525 0.6675 0.16625 0.6725 0.175 0.67