3 0.48515625 0.8194154484375 0.48203125 0.8267223375 0.47890625 0.8601252609375001 0.46875 0.90292275625 0.4671875 0.922755740625 0.45625 0.9718162843749999 0.44921875 0.99164926875 0.44921875 0.998956159375 0.46796875 0.998956159375 0.47890625 0.9697286015625 0.48125 0.948851775 0.49296875 0.8956158656250001 0.5015625 0.8319415453125 0.50546875 0.8194154484375 0.5125 0.7640918578125 0.52421875 0.7129436328125001 0.53046875 0.70250521875 0.5359375 0.683716075 0.5375 0.6586638828125 0.54296875 0.6492693109375 0.540625 0.6461377875000001 0.54296875 0.633611690625 0.54921875 0.6189979125 0.5515625 0.6033402921875 0.565625 0.5720250515624999 0.59375 0.48747390468749996 0.59921875 0.47807933125 0.6046875 0.45615866406250005 0.60390625 0.4206680578125 0.5984375 0.40709812031250003 0.5921875 0.40709812031250003 0.58828125 0.41336116875 0.5890625 0.44780793281250003 0.58671875 0.4592901875 0.57265625 0.5 0.5578125 0.5302713984375 0.5484375 0.5647181625 0.5453125 0.5678496875000001 0.54296875 0.5803757828125 0.5140625 0.659707725 0.5109375 0.6868475984375 0.5 0.7275574109375 0.496875 0.7463465546875 0.4984375 0.7578288093750001 0.49375 0.766179540625 0.48515625 0.8194154484375
3 0.15625 0.711899790625 0.1859375 0.698329853125 0.20546875 0.6847599171875001 0.21640625 0.6816283921874999 0.23125 0.6732776625 0.2390625 0.66492693125 0.24296875 0.66492693125 0.27265625 0.63778705625 0.30546875 0.5949895609375 0.32421875 0.5490605421875 0.33046875 0.48643006250000004 0.3296875 0.4645093953125 0.32578125 0.453027140625 0.32421875 0.4290187890625 0.31953125 0.41022964531249995 0.3265625 0.4008350734375 0.359375 0.4144050109375 0.3859375 0.4206680578125 0.40625 0.4206680578125 0.43046875 0.41022964531249995 0.44296875 0.41022964531249995 0.45078125 0.412317328125 0.4625 0.4237995828125 0.47421875 0.425887265625 0.47578125 0.431106471875 0.50390625 0.43423799531249996 0.525 0.431106471875 0.55390625 0.4206680578125 0.56640625 0.41022964531249995 0.58125 0.403966596875 0.58671875 0.3966597078125 0.5921875 0.3966597078125 0.596875 0.390396659375 0.590625 0.3830897703125 0.57734375 0.3820459296875 0.56328125 0.3914405015625 0.56015625 0.3966597078125 0.53203125 0.40709812031250003 0.53046875 0.41022964531249995 0.48671875 0.4144050109375 0.47421875 0.41022964531249995 0.4421875 0.38517745312499996 0.409375 0.390396659375 0.3828125 0.390396659375 0.36484375 0.3872651359375 0.33515625 0.371607515625 0.3 0.3695198328125 0.29296875 0.3830897703125 0.29296875 0.4144050109375 0.28046875 0.4206680578125 0.28125 0.42693110624999997 0.27890625 0.431106471875 0.26875 0.43423799531249996 0.27109375 0.43632567812499995 0.2875 0.4290187890625 0.296875 0.431106471875 0.30234375 0.48538622187499997 0.29921875 0.5260960328125 0.29140625 0.5532359078125 0.26640625 0.5949895609375 0.24140625 0.6221294359375 0.23203125 0.6252609609374999 0.21953125 0.6356993734375 0.18828125 0.6492693109375 0.1671875 0.6628392484375001 0.14765625 0.6680584546875 0.125 0.6816283921874999 0.08125 0.6951983296875001 0.0390625 0.693110646875 0.01875 0.698329853125 0.0015625 0.7087682671875 0 0.747390396875 0.025 0.7463465546875 0.10546875 0.7296450937500001 0.15625 0.711899790625
3 0.34765625 0.3058455109375 0.34375 0.3058455109375 0.34375 0.3100208765625 0.34765625 0.30897703593750003 0.34765625 0.3058455109375
3 0.34921875 0.306889353125 0.35546875 0.306889353125 0.35390625 0.2954070984375 0.34921875 0.306889353125
3 0.39296875 0.2818371609375 0.3984375 0.284968684375 0.39921875 0.2818371609375 0.39453125 0.279749478125 0.3859375 0.28288100156249996 0.3828125 0.279749478125 0.3765625 0.2818371609375 0.38046875 0.29018789218749996 0.38984375 0.2870563671875 0.39296875 0.2818371609375
3 0.4234375 0.2693110640625 0.42265625 0.2724425890625 0.425 0.27348642968750003 0.425 0.2682672234375 0.4234375 0.2693110640625
3 0.10390625 0.379958246875 0.1125 0.390396659375 0.15390625 0.4237995828125 0.16875 0.44050104375 0.19609375 0.4801670140625 0.21640625 0.47807933125 0.225 0.4645093953125 0.246875 0.44572025000000004 0.2671875 0.4373695203125 0.26796875 0.43423799531249996 0.26328125 0.431106471875 0.25 0.431106471875 0.22421875 0.4509394578125 0.215625 0.4613778703125 0.20234375 0.4645093953125 0.18515625 0.43423799531249996 0.1609375 0.40709812031250003 0.08125 0.3413361171875 0.07890625 0.3361169109375 0.05859375 0.31941544843749997 0.04296875 0.3006263046875 0.0015625 0.2651357 0 0.2870563671875 0.0109375 0.29436325625 0.04296875 0.3277661796875 0.10390625 0.379958246875
3 0.440625 0.2588726515625 0.44296875 0.266179540625 0.4453125 0.2651357 0.4546875 0.25156576249999996 0.45234375 0.24947807968750002 0.4359375 0.260960334375 0.434375 0.2651357 0.43046875 0.2651357 0.4375 0.266179540625 0.440625 0.2588726515625
3 0.4828125 0.8277661796875 0.48046875 0.8549060546874999 0.4765625 0.866388309375 0.47265625 0.8956158656250001 0.46875 0.9050104390625 0.465625 0.9342379953125001 0.45 0.99164926875 0.45 0.998956159375 0.4671875 0.998956159375 0.4734375 0.9885177453124999 0.48046875 0.9613778703125 0.48203125 0.9436325671875 0.4875 0.92693110625 0.48828125 0.9112734859374999 0.49140625 0.903966596875 0.5015625 0.8298538625 0.5046875 0.8225469734375 0.51171875 0.7672233828125 0.51875 0.7411273484375 0.51953125 0.728601253125 0.52578125 0.7087682671875 0.53046875 0.70250521875 0.5359375 0.6816283921874999 0.53828125 0.647181628125 0.5578125 0.5855949890625001 0.5625 0.5782881 0.59375 0.48643006250000004 0.6 0.47494780781249996 0.6046875 0.449895615625 0.609375 0.449895615625 0.6296875 0.48121085625 0.63515625 0.5020876828125 0.63515625 0.55427975 0.62265625 0.6774530265625 0.625 0.7212943625 0.64921875 0.8507306890624999 0.6515625 0.8830897703125 0.65625 0.903966596875 0.66171875 0.9968684765625 0.68203125 0.998956159375 0.68046875 0.9342379953125001 0.675 0.9008350734375 0.67265625 0.863256784375 0.6625 0.8100208765625 0.6515625 0.7755741125 0.63984375 0.701461378125 0.63984375 0.66492693125 0.6421875 0.659707725 0.64375 0.6169102296875 0.6484375 0.5814196234375 0.64921875 0.5073068890625 0.64375 0.4832985390625 0.6296875 0.44780793281250003 0.6234375 0.43632567812499995 0.61171875 0.425887265625 0.60546875 0.42693110624999997 0.5984375 0.40709812031250003 0.59140625 0.40709812031250003 0.58671875 0.4144050109375 0.5890625 0.449895615625 0.5859375 0.463465553125 0.5734375 0.5 0.5625 0.5187891437500001 0.5609375 0.5292275578125001 0.55625 0.536534446875 0.55546875 0.544885178125 0.52578125 0.6252609609374999 0.52109375 0.6482254703125 0.5140625 0.6638830890625 0.5109375 0.6899791234375 0.5 0.7306889359375 0.49921875 0.7578288093750001 0.49375 0.7682672234375 0.49296875 0.7818371609375 0.4828125 0.8277661796875
3 0 0.747390396875 0.05703125 0.7411273484375 0.08203125 0.7327766171875 0.1140625 0.7275574109375 0.14453125 0.7139874734375 0.16015625 0.71085595 0.18671875 0.698329853125 0.20625 0.6847599171875001 0.22890625 0.67536534375 0.23828125 0.665970771875 0.25 0.659707725 0.2859375 0.6242171187500001 0.309375 0.5887265140625 0.31328125 0.57306889375 0.3171875 0.56993736875 0.31796875 0.5626304796875 0.32421875 0.551148225 0.33125 0.490605428125 0.33125 0.46764091875 0.3265625 0.453027140625 0.321875 0.41753653437500005 0.321875 0.40814196249999996 0.325 0.4018789140625 0.33203125 0.4018789140625 0.359375 0.4144050109375 0.3859375 0.4206680578125 0.40546875 0.4206680578125 0.43125 0.41022964531249995 0.4421875 0.41022964531249995 0.44921875 0.412317328125 0.45234375 0.41753653437500005 0.47109375 0.431106471875 0.50625 0.43423799531249996 0.55 0.422755740625 0.57421875 0.40709812031250003 0.57890625 0.40709812031250003 0.596875 0.393528184375 0.59453125 0.38517745312499996 0.5859375 0.379958246875 0.57734375 0.379958246875 0.57421875 0.38517745312499996 0.54765625 0.4018789140625 0.52890625 0.409185803125 0.4859375 0.4144050109375 0.47109375 0.409185803125 0.44921875 0.38830897656249996 0.4421875 0.38517745312499996 0.41015625 0.390396659375 0.36875 0.38830897656249996 0.34375 0.3747390390625 0.3359375 0.3736951984375 0.3296875 0.36743215 0.32890625 0.3643006265625 0.33515625 0.363256784375 0.3375 0.3455114828125 0.34296875 0.3298538625 0.3484375 0.3225469734375 0.35078125 0.31210855937500004 0.3609375 0.301670146875 0.3890625 0.2870563671875 0.42265625 0.279749478125 0.43515625 0.27348642968750003 0.446875 0.266179540625 0.46640625 0.2411273484375 0.46640625 0.2359081421875 0.4625 0.239039665625 0.4640625 0.242171190625 0.4609375 0.2453027140625 0.45 0.24947807968750002 0.42890625 0.2651357 0.3734375 0.2818371609375 0.35 0.2954070984375 0.33359375 0.325678496875 0.32734375 0.3559498953125 0.3296875 0.3695198328125 0.3171875 0.371607515625 0.3015625 0.3684759921875 0.29453125 0.3747390390625 0.2921875 0.4154488515625 0.2515625 0.4290187890625 0.21015625 0.4645093953125 0.20234375 0.4645093953125 0.19296875 0.44572025000000004 0.17890625 0.425887265625 0.1546875 0.4018789140625 0.1515625 0.4018789140625 0.1359375 0.38517745312499996 0.1140625 0.3695198328125 0.11015625 0.363256784375 0.10078125 0.358037578125 0.08515625 0.3423799578125 0.08203125 0.3423799578125 0.0171875 0.2766179546875 0 0.2651357 0 0.2870563671875 0.01640625 0.298538621875 0.04296875 0.3277661796875 0.0921875 0.3695198328125 0.1125 0.390396659375 0.115625 0.390396659375 0.14609375 0.41649269375 0.16640625 0.4373695203125 0.19609375 0.4801670140625 0.2171875 0.47807933125 0.22578125 0.4645093953125 0.2296875 0.463465553125 0.23828125 0.453027140625 0.2421875 0.453027140625 0.2453125 0.44780793281250003 0.29296875 0.4290187890625 0.296875 0.43423799531249996 0.3 0.4519832984375 0.3015625 0.48121085625 0.3 0.5135699375 0.290625 0.55427975 0.26484375 0.5939457203125 0.2421875 0.6210855953125 0.165625 0.6628392484375001 0.1515625 0.665970771875 0.13671875 0.6764091859375 0.1171875 0.6816283921874999 0.1015625 0.6899791234375 0.07421875 0.6951983296875001 0.04296875 0.6920668062499999 0.0140625 0.7004175359375 0 0.71085595 0 0.747390396875
3 0.634375 0.50835073125 0.634375 0.5480167015624999 0.625 0.633611690625 0.6234375 0.6711899796874999 0.6203125 0.6805845515625 0.625 0.725469728125 0.64921875 0.8559498953125001 0.65078125 0.8810020875 0.65625 0.909185803125 0.65703125 0.9509394578125001 0.6609375 0.9728601250000001 0.66171875 0.998956159375 0.68203125 0.998956159375 0.68046875 0.9290187890625001 0.675 0.8945720250000001 0.6734375 0.863256784375 0.66640625 0.8235908140625 0.66328125 0.8183716078125001 0.659375 0.7964509390625001 0.65625 0.7922755734375 0.65 0.7620041750000001 0.6421875 0.7077244265625 0.64375 0.6283924843750001 0.64921875 0.5782881 0.64921875 0.5020876828125 0.6421875 0.47494780781249996 0.6296875 0.44572025000000004 0.62265625 0.43423799531249996 0.61953125 0.43423799531249996 0.6125 0.425887265625 0.609375 0.4237995828125 0.60625 0.42797494843750006 0.6078125 0.4509394578125 0.61875 0.463465553125 0.62890625 0.48121085625 0.634375 0.50835073125
3 0.48515625 0.8194154484375 0.48203125 0.8267223375 0.4796875 0.8549060546874999 0.475 0.870563675 0.47265625 0.8935281843749999 0.46875 0.90292275625 0.4671875 0.922755740625 0.45625 0.9718162843749999 0.44921875 0.99164926875 0.44921875 0.998956159375 0.4703125 0.998956159375 0.4734375 0.99164926875 0.49140625 0.9070981203124999 0.5140625 0.75678496875 0.525 0.7098121078124999 0.52890625 0.70563674375 0.534375 0.6899791234375 0.5390625 0.6409185796875 0.546875 0.6242171187500001 0.55078125 0.6033402921875 0.58125 0.527139875 0.5828125 0.5167014609375 0.59375 0.490605428125 0.59453125 0.482254696875 0.5984375 0.47807933125 0.60078125 0.4624217125 0.60625 0.4509394578125 0.609375 0.4519832984375 0.62890625 0.48121085625 0.634375 0.5062630484375 0.63515625 0.5396659703125 0.62109375 0.68893528125 0.625 0.7265135703125 0.628125 0.733820459375 0.6328125 0.7734864296875 0.64375 0.8215031312500001 0.64921875 0.8549060546874999 0.65 0.8768267218749999 0.65546875 0.9018789140625 0.6609375 0.9968684765625 0.6828125 0.998956159375 0.68125 0.9373695203124999 0.675 0.8945720250000001 0.6734375 0.863256784375 0.66640625 0.8235908140625 0.65625 0.7912317328125 0.6484375 0.744258871875 0.64453125 0.7348643 0.6421875 0.7077244265625 0.64140625 0.6670146140625001 0.64375 0.659707725 0.64375 0.6252609609374999 0.64921875 0.5782881 0.64921875 0.5020876828125 0.64375 0.4801670140625 0.6296875 0.44572025000000004 0.6171875 0.4290187890625 0.609375 0.422755740625 0.60625 0.4248434234375 0.59765625 0.40709812031250003 0.59296875 0.40709812031250003 0.59140625 0.4112734859375 0.58671875 0.463465553125 0.57421875 0.4926931109375 0.57265625 0.5020876828125 0.5640625 0.5156576203125 0.54140625 0.5866388312499999 0.53828125 0.5897703546875 0.525 0.6283924843750001 0.52421875 0.63778705625 0.52109375 0.6409185796875 0.51328125 0.66492693125 0.50625 0.711899790625 0.5 0.728601253125 0.496875 0.7463465546875 0.4984375 0.7578288093750001 0.49375 0.766179540625 0.48515625 0.8194154484375