2 0.4707259953125 0.5480093671875 0.5105386421875 0.5480093671875 0.47540983593749997 0.545667446875 0.4707259953125 0.5480093671875
2 0.5925058546875 0.555035128125 0.608899296875 0.5503512875000001 0.6042154562500001 0.536299765625 0.5784543328125 0.5245901640625 0.5386416859375001 0.5292740046875 0.5339578453125 0.5480093671875 0.5433255265625 0.555035128125 0.5690866515625 0.5480093671875 0.5925058546875 0.555035128125
2 0.4426229515625 0.555035128125 0.454332553125 0.5503512875000001 0.454332553125 0.5105386421875 0.35128805625 0.5105386421875 0.35128805625 0.5480093671875 0.3770491796875 0.555035128125 0.4426229515625 0.555035128125
2 0.4238875875 0.5597189703125001 0.473067915625 0.5573770484375 0.4613583140625 0.5503512875000001 0.4238875875 0.5597189703125001
2 0.526932084375 0.5573770484375 0.517564403125 0.5480093671875 0.49648711875 0.5573770484375 0.4847775171875 0.555035128125 0.47540983593749997 0.5597189703125001 0.5105386421875 0.5597189703125001 0.5128805625 0.5503512875000001 0.526932084375 0.5573770484375
2 0.3770491796875 0.9625292734374999 0.3864168625 0.9250585484375 0.3864168625 0.8571428578125 0.33255269374999996 0.6885245906249999 0.337236534375 0.6697892265625 0.3302107734375 0.6674473062499999 0.32786885312499997 0.6370023421875 0.3395784546875 0.5597189703125001 0.31615925 0.54098360625 0.31615925 0.47540983593749997 0.3044496484375 0.47540983593749997 0.2997658078125 0.4847775171875 0.3044496484375 0.7049180328125 0.2903981265625 0.7470726 0.3138173296875 0.7447306796875 0.3138173296875 0.751756440625 0.3044496484375 0.770491803125 0.2903981265625 0.7658079625 0.283372365625 0.779859484375 0.2763466046875 0.846604215625 0.2921003015625 0.8409778953125 0.292740046875 0.8313817328124999 0.3044496484375 0.783372365625 0.337236534375 0.7681498828125 0.3629976578125 0.843091334375 0.3629976578125 0.960187353125 0.3770491796875 0.9625292734374999
2 0.26932084375 0.9274004687499999 0.2716627640625 0.93676815 0.28571428593750003 0.93676815 0.290788446875 0.8606557374999999 0.2903981265625 0.8618266984374999 0.2716627640625 0.86416861875 0.26932084375 0.9274004687499999
2 0.5573770484375 0.922716628125 0.5690866515625 0.9274004687499999 0.580796253125 0.8922716625 0.5831381734375001 0.8056206093749999 0.5971896953125 0.75644028125 0.64871194375 0.721311475 0.6908665109375 0.8290398124999999 0.69320843125 0.9484777515625 0.707259953125 0.9508196718749999 0.7189695546875 0.9086651046875 0.716627634375 0.8407494140624999 0.6440281031249999 0.6416861828125 0.6440281031249999 0.608899296875 0.6370023421875 0.5948477750000001 0.6440281031249999 0.5690866515625 0.6416861828125 0.47540983593749997 0.6206089 0.4800936765625 0.6206089 0.531615925 0.62997658125 0.54098360625 0.62997658125 0.555035128125 0.608899296875 0.5714285718750001 0.6065573765625001 0.6370023421875 0.5831381734375001 0.7189695546875 0.6042154562500001 0.7236533953125 0.6042154562500001 0.7330210765625 0.5971896953125 0.7447306796875 0.5831381734375001 0.7400468390625 0.5761124125 0.7470726 0.5714285718750001 0.7892271656250001 0.562060890625 0.8079625296874999 0.5714285718750001 0.8313817328124999 0.5597189703125001 0.8407494140624999 0.555035128125 0.9086651046875 0.5573770484375 0.922716628125
2 0.4426229515625 0.555035128125 0.454332553125 0.5480093671875 0.454332553125 0.5105386421875 0.35128805625 0.5105386421875 0.35128805625 0.5480093671875 0.3770491796875 0.555035128125 0.4426229515625 0.555035128125
2 0.4660421546875 0.5480093671875 0.5105386421875 0.5480093671875 0.4707259953125 0.545667446875 0.4660421546875 0.5480093671875
2 0.56640625 0.55625 0.0046875 0.00234375
2 0.471875 0.55625 0.00234375 0.00234375
2 0.5737704921875 0.5480093671875 0.5831381734375001 0.5573770484375 0.608899296875 0.555035128125 0.6042154562500001 0.536299765625 0.5878220140625 0.536299765625 0.5761124125 0.526932084375 0.5433255265625 0.531615925 0.536299765625 0.5480093671875 0.522484403125 0.5506661687500001 0.5292740046875 0.5597189703125001 0.5386416859375001 0.5526932078125 0.5573770484375 0.5597189703125001 0.5597189703125001 0.5480093671875 0.5737704921875 0.5480093671875
2 0.5023419203125 0.5597189703125001 0.509777159375 0.55310986875 0.47540983593749997 0.5597189703125001 0.5023419203125 0.5597189703125001
2 0.4496487125 0.531615925 0.45199063281249996 0.5128805625 0.35597189687499997 0.5128805625 0.3536299765625 0.5480093671875 0.3606557375 0.5597189703125001 0.45901639375 0.5597189703125001 0.4496487125 0.531615925
2 0.2903981265625 0.7494145203125 0.30679156875 0.75644028125 0.30679156875 0.76513884375 0.30913348906250004 0.7540983609375 0.32318501093749996 0.725995315625 0.3629976578125 0.847775175 0.365339578125 0.9625292734374999 0.3770491796875 0.9625292734374999 0.3864168625 0.90163934375 0.5573770484375 0.90163934375 0.5597189703125001 0.9250585484375 0.5714285718750001 0.9250585484375 0.580796253125 0.8899297421875 0.5761124125 0.843091334375 0.58548009375 0.7892271656250001 0.5971896953125 0.7634660421875 0.5761124125 0.7634660421875 0.5761124125 0.7540983609375 0.5831381734375001 0.7400468390625 0.599531615625 0.742388759375 0.6112412171875 0.6861826703125 0.6276346609375001 0.6557377046874999 0.6908665109375 0.8266978921874999 0.69320843125 0.94613583125 0.707259953125 0.9484777515625 0.7142857140625 0.9297423890625 0.7096018734375 0.9180327875 0.716627634375 0.913348946875 0.716627634375 0.8501170953124999 0.6440281031249999 0.6440281031249999 0.6416861828125 0.473067915625 0.8290398124999999 0.4660421546875 0.8290398124999999 0.06323185 0.1686182671875 0.046838407812499996 0.1686182671875 0.4707259953125 0.26932084375 0.4707259953125 0.2997658078125 0.47775175625 0.2997658078125 0.6276346609375001 0.30679156875 0.6744730671875 0.2903981265625 0.7494145203125
2 0.562060890625 0.47540983593749997 0.8290398124999999 0.4660421546875 0.8290398124999999 0.0608899296875 0.6346604218749999 0.0608899296875 0.4847775171875 0.049180328125 0.1686182671875 0.0444964875 0.1686182671875 0.4707259953125 0.3887587828125 0.468384075 0.43793910937499997 0.47540983593749997 0.562060890625 0.47540983593749997
2 0.5925058546875 0.555035128125 0.608899296875 0.5503512875000001 0.6042154562500001 0.536299765625 0.5784543328125 0.5245901640625 0.5386416859375001 0.5292740046875 0.5339578453125 0.5480093671875 0.5433255265625 0.555035128125 0.5690866515625 0.5480093671875 0.5925058546875 0.555035128125
2 0.4660421546875 0.5480093671875 0.5105386421875 0.5480093671875 0.473067915625 0.545667446875 0.4660421546875 0.5480093671875
2 0.6065573765625001 0.536299765625 0.5761124125 0.5245901640625 0.536299765625 0.5292740046875 0.5339578453125 0.5480093671875 0.5433255265625 0.555035128125 0.608899296875 0.5503512875000001 0.6065573765625001 0.536299765625