2 0.8351063828124999 0.482047871875 0.8297872343750001 0.4893617015625 0.8297872343750001 0.565159575 0.84308510625 0.5678191484374999 0.8501773046875 0.5638297875 0.855496453125 0.565159575 0.858156028125 0.55917553125 0.862588653125 0.5565159578125 0.8679078015625 0.5378989359374999 0.8705673765625 0.5106382984375 0.8687943265625 0.5 0.8634751765625 0.49401595781249996 0.862588653125 0.480718084375 0.8528368796875 0.4740691484375 0.8528368796875 0.4700797875 0.8484042546874999 0.46675531875000004 0.8484042546874999 0.45877659531250004 0.8421985812499999 0.454787234375 0.8342198578125 0.454787234375 0.828014184375 0.46276595781249996 0.8297872343750001 0.466090425 0.8271276593750001 0.46875 0.8271276593750001 0.47606382968750005 0.8351063828124999 0.482047871875
2 0.3368794328125 0.513297871875 0.3537234046875 0.513297871875 0.3661347515625 0.515957446875 0.3829787234375 0.515957446875 0.388297871875 0.518617021875 0.39982269531250003 0.518617021875 0.40868794375000006 0.5212765953125 0.422872340625 0.5199468078125 0.4423758859375 0.5239361703125 0.49113475156249997 0.5265957453125 0.5212765953125 0.5325797875 0.548758865625 0.533909575 0.5718085109375 0.5392287234375 0.5895390078125 0.5392287234375 0.6258865250000001 0.547207446875 0.639184396875 0.545877659375 0.6586879437500001 0.5511968078125 0.6897163125 0.5551861703125 0.730496453125 0.5551861703125 0.733156028125 0.548537234375 0.734929078125 0.5212765953125 0.730496453125 0.5079787234375 0.730496453125 0.49002659531250004 0.71985815625 0.47074468124999996 0.71719858125 0.46010638281249994 0.6976950359375 0.440159575 0.6968085109375 0.43550531875000004 0.6897163125 0.42752659531250004 0.6852836875 0.4261968078125 0.6613475171875 0.40625 0.6515957453125 0.40292553125 0.6489361703125 0.3989361703125 0.639184396875 0.3962765953125 0.6187943265625 0.3856382984375 0.59219858125 0.37765957499999997 0.579787234375 0.3763297875 0.5691489359374999 0.37167553125 0.518617021875 0.36901595781249996 0.49113475156249997 0.3703457453125 0.453014184375 0.3763297875 0.4485815609375 0.3789893609375 0.4423758859375 0.3789893609375 0.4290780140625 0.3843085109375 0.41489361718750006 0.38696808437499997 0.40425531875000004 0.39361702187500003 0.40336879375 0.3969414890625 0.3865248234375 0.40292553125 0.3652482265625 0.418218084375 0.362588653125 0.423537234375 0.35017730468749997 0.43417553125 0.35017730468749997 0.4388297875 0.34485815625 0.4441489359375 0.34219858125 0.46808510625000005 0.33776595781249996 0.4700797875 0.3342198578125 0.46675531875000004 0.3342198578125 0.46276595781249996 0.327127659375 0.4640957453125 0.329787234375 0.4727393609375 0.3200354609375 0.4740691484375 0.3191489359375 0.482712765625 0.3191489359375 0.5093085109375 0.3226950359375 0.513297871875 0.329787234375 0.515957446875 0.3368794328125 0.513297871875
2 0.5523049640625 0.9900265953125 0.5620567375000001 0.9833776593750001 0.5540780140625 0.9767287234375001 0.546985815625 0.9793882984375 0.546985815625 0.9860372343750001 0.5567375890624999 0.99667553125 0.5567375890624999 0.9926861703125001 0.5523049640625 0.9900265953125
2 0.56015625 0.95546875 0.00078125 0.0015625
2 0.53046875 0.95546875 0.00234375 0.0015625
2 0.5416666671875 0.9521276593750001 0.53457446875 0.9521276593750001 0.544326240625 0.9574468078124999 0.546099290625 0.956117021875 0.5416666671875 0.9521276593750001
2 0.53125 0.9484375 0.00078125 0.0015625
2 0.5265957453125 0.9375 0.5230496453125 0.9375 0.5212765953125 0.940159575 0.52925531875 0.9481382984375 0.53191489375 0.9414893609374999 0.5265957453125 0.9375
2 0.5593971625 0.9441489359374999 0.5567375890624999 0.9454787234375001 0.5593971625 0.9494680843750001 0.5664893609375 0.953457446875 0.5700354609375 0.9601063828124999 0.577127659375 0.9640957453125001 0.5851063828124999 0.96542553125 0.5824468078125 0.96808510625 0.5824468078125 0.9740691484375 0.578014184375 0.9767287234375001 0.5753546093749999 0.96875 0.5700354609375 0.96875 0.5718085109375 0.9734042546874999 0.5753546093749999 0.9740691484375 0.5700354609375 0.9807180843750001 0.579787234375 0.986702128125 0.580673759375 0.9886968078124999 0.577127659375 0.9900265953125 0.580673759375 0.9913563828124999 0.5842198578125 0.987367021875 0.59042553125 0.9940159578125 0.5877659578125 0.99667553125 0.59042553125 0.99933510625 0.59574468125 0.99933510625 0.59751773125 0.9833776593750001 0.605496453125 0.984042553125 0.610815603125 0.9926861703125001 0.608156028125 0.9940159578125 0.609929078125 0.9953457453125001 0.612588653125 0.9953457453125001 0.610815603125 0.9886968078124999 0.6152482265625 0.9860372343750001 0.6187943265625 0.9913563828124999 0.627659575 0.9893617015625 0.6312056734375 0.99933510625 0.6489361703125 0.99933510625 0.6507092203125 0.99667553125 0.65602836875 0.99667553125 0.65602836875 0.9886968078124999 0.6586879437500001 0.987367021875 0.65691489375 0.9793882984375 0.6613475171875 0.9740691484375 0.65957446875 0.9700797874999999 0.6648936171875001 0.9587765953125 0.668439715625 0.9601063828124999 0.671099290625 0.9674202125000001 0.671985815625 0.9900265953125 0.6764184390625 0.99933510625 0.6976950359375 0.99933510625 0.705673759375 0.987367021875 0.72251773125 0.9940159578125 0.7260638296875 0.9913563828124999 0.732269503125 0.9913563828124999 0.7402482265625 0.987367021875 0.7402482265625 0.9827127656249999 0.7455673765624999 0.9773936171875001 0.7544326234375001 0.9740691484375 0.765957446875 0.9780585109375 0.769503546875 0.987367021875 0.77925531875 0.9913563828124999 0.77925531875 0.9940159578125 0.7836879437500001 0.9913563828124999 0.7898936171875001 0.9913563828124999 0.796099290625 0.987367021875 0.8058510640625001 0.9886968078124999 0.8120567375000001 0.99933510625 0.8377659578125 0.99933510625 0.84397163125 0.9886968078124999 0.84751773125 0.9913563828124999 0.8687943265625 0.9886968078124999 0.8714539 0.9860372343750001 0.8785461 0.9900265953125 0.8829787234375001 0.9886968078124999 0.8891843968750001 0.9940159578125 0.8927304968750001 0.9893617015625 0.8962765953125 0.9913563828124999 0.8989361703125001 0.9900265953125 0.8998226953125 0.9853723406249999 0.90602836875 0.9900265953125 0.9113475171875001 0.99933510625 0.9388297874999999 0.99933510625 0.9397163125000001 0.9946808515625 0.9423758859375001 0.9926861703125001 0.9450354609374999 0.9940159578125 0.9494680843750001 0.987367021875 0.9494680843750001 0.953457446875 0.9423758859375001 0.9481382984375 0.9264184390624999 0.9441489359374999 0.8989361703125001 0.9481382984375 0.8891843968750001 0.9441489359374999 0.87322695 0.9468085109375 0.8679078015625 0.9428191484375 0.84042553125 0.9428191484375 0.8377659578125 0.9468085109375 0.828014184375 0.9468085109375 0.8218085109375 0.9428191484375 0.8040780140624999 0.9414893609374999 0.7260638296875 0.9414893609374999 0.7242907796875 0.9448138296874999 0.71985815625 0.9454787234375001 0.71808510625 0.9428191484375 0.7092198578125 0.940159575 0.6648936171875001 0.9414893609374999 0.65957446875 0.9388297874999999 0.6267730499999999 0.940159575 0.6205673765624999 0.9375 0.6028368796875 0.940159575 0.5992907796875 0.93683510625 0.59308510625 0.93683510625 0.5877659578125 0.9375 0.5726950359375 0.9468085109375 0.5691489359374999 0.9375 0.5593971625 0.93550531875 0.5593971625 0.9414893609374999 0.5567375890624999 0.9428191484375 0.5593971625 0.9441489359374999
2 0.077127659375 0.9700797874999999 0.075354609375 0.9727393609374999 0.0851063828125 0.9727393609374999 0.08776595781249999 0.9760638296874999 0.0851063828125 0.9900265953125 0.079787234375 0.9933510640625001 0.079787234375 0.99933510625 0.1028368796875 0.99933510625 0.109042553125 0.9940159578125 0.1285461 0.9940159578125 0.139184396875 0.9900265953125 0.1480496453125 0.99933510625 0.17198581562499998 0.99933510625 0.17730496406250001 0.9913563828124999 0.18705673750000001 0.99933510625 0.21719858125 0.99933510625 0.21808510625 0.9860372343750001 0.21542553125000002 0.981382978125 0.22074468125000002 0.9753989359374999 0.2260638296875 0.9780585109375 0.23315602812499997 0.9740691484375 0.2384751765625 0.9767287234375001 0.235815603125 0.9807180843750001 0.24024822656249997 0.9886968078124999 0.2562056734375 0.987367021875 0.2588652484375 0.9900265953125 0.265957446875 0.9906914890625 0.264184396875 0.9940159578125 0.269503546875 0.9913563828124999 0.27925531875 0.9926861703125001 0.28102836875000003 0.9900265953125 0.28634751718749996 0.9900265953125 0.28723404218750004 0.9860372343750001 0.294326240625 0.9860372343750001 0.3014184390625 0.99933510625 0.32446808437499997 0.99933510625 0.32446808437499997 0.9807180843750001 0.33244680781249997 0.9793882984375 0.34131205625 0.984042553125 0.33776595781249996 0.987367021875 0.34042553125 0.9886968078124999 0.34308510625 0.99933510625 0.35815602812499997 0.99933510625 0.359042553125 0.99667553125 0.362588653125 0.99667553125 0.362588653125 0.9900265953125 0.3652482265625 0.9886968078124999 0.3687943265625 0.9900265953125 0.37588652499999997 0.987367021875 0.3785461 0.9913563828124999 0.3829787234375 0.9886968078124999 0.389184396875 0.9913563828124999 0.3980496453125 0.9793882984375 0.3980496453125 0.9727393609374999 0.40602836875000003 0.9718530578125 0.40691489374999995 0.9767287234375001 0.41134751718749996 0.9793882984375 0.40868794375000006 0.984707446875 0.40957446875 0.99933510625 0.4326241140625 0.99933510625 0.4343971625 0.9906914890625 0.4388297875 0.9913563828124999 0.4423758859375 0.987367021875 0.46010638281249994 0.9940159578125 0.47163120625 0.9940159578125 0.4778368796875 0.99933510625 0.5265957453125 0.99933510625 0.52836879375 0.99667553125 0.53191489375 0.99933510625 0.53014184375 0.99667553125 0.5336879437500001 0.9953457453125001 0.5265957453125 0.9740691484375 0.516843971875 0.966090425 0.518617021875 0.9627659578125 0.515957446875 0.9607712765624999 0.515957446875 0.953457446875 0.513297871875 0.9521276593750001 0.5088652484375 0.9388297874999999 0.4902482265625 0.93683510625 0.48492907812499997 0.93417553125 0.42109929062499996 0.93417553125 0.4166666671875 0.93683510625 0.40425531875000004 0.9328457453125001 0.3785461 0.9328457453125001 0.37588652499999997 0.93550531875 0.37322695 0.9328457453125001 0.359929078125 0.93417553125 0.355496453125 0.9315159578125 0.33776595781249996 0.9328457453125001 0.327127659375 0.9301861703125001 0.3226950359375 0.93683510625 0.31205673749999996 0.93417553125 0.3102836875 0.93683510625 0.30673758906250004 0.93417553125 0.29255319218750003 0.93550531875 0.28191489375 0.9328457453125001 0.27925531875 0.9301861703125001 0.2712765953125 0.9301861703125001 0.267730496875 0.9321808515625 0.2579787234375 0.9288563828124999 0.204787234375 0.9261968078124999 0.10726950312500001 0.9275265953125 0.09308510625000001 0.924867021875 0.074468084375 0.9275265953125 0.074468084375 0.9614361703125001 0.077127659375 0.9627659578125 0.074468084375 0.96542553125 0.077127659375 0.9700797874999999
2 0.32109375 0.50703125 0.0015625 0.00390625
2 0.3200354609375 0.5039893609375 0.3226950359375 0.49933510625000005 0.3218085109375 0.49401595781249996 0.3200354609375 0.5039893609375
2 0.327127659375 0.5039893609375 0.328014184375 0.5079787234375 0.3351063828125 0.5106382984375 0.329787234375 0.513297871875 0.3395390078125 0.5106382984375 0.360815603125 0.514627659375 0.3794326234375 0.513297871875 0.3856382984375 0.515957446875 0.40425531875000004 0.515957446875 0.41134751718749996 0.518617021875 0.423758865625 0.518617021875 0.4414893609375 0.5226063828124999 0.4946808515625 0.5252659578125 0.5035461 0.5265957453125 0.5062056734375 0.52925531875 0.5336879437500001 0.5325797875 0.546099290625 0.53058510625 0.5753546093749999 0.5378989359374999 0.59042553125 0.5378989359374999 0.608156028125 0.5432180843750001 0.6214539 0.5418882984375 0.6258865250000001 0.544547871875 0.643617021875 0.545877659375 0.65691489375 0.544547871875 0.6746453906250001 0.549867021875 0.6923758859375 0.548537234375 0.6950354609375 0.5511968078125 0.702127659375 0.5525265953125 0.7260638296875 0.549867021875 0.730496453125 0.5511968078125 0.733156028125 0.5378989359374999 0.730496453125 0.5299202125 0.732269503125 0.517287234375 0.7278368796875 0.5079787234375 0.7278368796875 0.48736702187500003 0.7234042546875 0.482047871875 0.71542553125 0.46143617031249995 0.702127659375 0.4454787234375 0.6976950359375 0.4441489359375 0.6941489359374999 0.43417553125 0.6764184390625 0.422207446875 0.6746453906250001 0.418218084375 0.6631205671875 0.4128989359375 0.6586879437500001 0.40625 0.6462765953125 0.3989361703125 0.641843971875 0.3989361703125 0.6338652484375 0.392287234375 0.6285461 0.392287234375 0.605496453125 0.3816489359375 0.5824468078125 0.3763297875 0.5735815609375 0.3763297875 0.5673758859375 0.37300531875 0.5602836875 0.37433510625 0.5398936171875001 0.3703457453125 0.53191489375 0.37167553125 0.514184396875 0.36901595781249996 0.47074468124999996 0.37300531875 0.4370567375 0.38031914843750003 0.40957446875 0.390292553125 0.4015957453125 0.3989361703125 0.390957446875 0.4015957453125 0.3687943265625 0.4168882984375 0.35017730468749997 0.4361702125 0.35017730468749997 0.4414893609375 0.34485815625 0.4481382984375 0.34485815625 0.4634308515625 0.33244680781249997 0.49002659531250004 0.3342198578125 0.49800531875000004 0.327127659375 0.5039893609375
2 0.53102836875 0.7932180843750001 0.5363475171875 0.7932180843750001 0.5390070921875 0.78125 0.5354609921875 0.78058510625 0.5354609921875 0.77792553125 0.5398936171875001 0.7752659578125 0.5363475171875 0.7726063828124999 0.53102836875 0.7739361703125 0.53102836875 0.7799202125 0.53457446875 0.78058510625 0.53102836875 0.78324468125 0.53102836875 0.7932180843750001
2 0.3076241140625 0.7280585109375 0.34751773125 0.7280585109375 0.360815603125 0.737367021875 0.3785461 0.737367021875 0.37765957499999997 0.733377659375 0.3634751765625 0.7307180843750001 0.360815603125 0.7280585109375 0.359042553125 0.7293882984375 0.35017730468749997 0.7200797875 0.3342198578125 0.7114361703125 0.330673759375 0.7114361703125 0.327127659375 0.7074468078125 0.3040780140625 0.6954787234375 0.3014184390625 0.6914893609375 0.27925531875 0.6761968078125 0.2606382984375 0.674867021875 0.25088652499999997 0.6801861703125 0.24822695 0.68550531875 0.25088652499999997 0.700797871875 0.28368794375 0.7240691484374999 0.3076241140625 0.7280585109375
2 0.5593971625 0.673537234375 0.5523049640625 0.6768617015625 0.5523049640625 0.6828457453125 0.5593971625 0.6828457453125 0.5638297875 0.6788563828124999 0.5593971625 0.673537234375
2 0.4140070921875 0.6682180843750001 0.46542553125 0.6828457453125 0.48847517656250006 0.6828457453125 0.4955673765625 0.6801861703125 0.4964539 0.6775265953125 0.5062056734375 0.6755319156249999 0.5088652484375 0.6761968078125 0.5106382984375 0.6828457453125 0.514184396875 0.6775265953125 0.518617021875 0.6788563828124999 0.52925531875 0.6761968078125 0.53191489375 0.672207446875 0.5363475171875 0.672207446875 0.543439715625 0.6668882984375 0.5567375890624999 0.6628989359374999 0.5593971625 0.6575797875 0.5496453906250001 0.6489361703125 0.52925531875 0.638962765625 0.5230496453125 0.6336436171875001 0.5035461 0.6263297875 0.46542553125 0.6303191484374999 0.44769503593750004 0.639627659375 0.4370567375 0.640957446875 0.4290780140625 0.6456117015625 0.4264184390625 0.643617021875 0.4264184390625 0.6343085109375 0.41932624062499996 0.6289893609375 0.35017730468749997 0.6203457453125 0.34751773125 0.62300531875 0.360815603125 0.6369680843750001 0.3865248234375 0.65425531875 0.4140070921875 0.6682180843750001
2 0.96875 0.92421875 0.0015625 0.0015625
2 0.7296099296875 0.9228723406249999 0.7287234046875 0.9255319156249999 0.734929078125 0.924867021875 0.734929078125 0.922207446875 0.7296099296875 0.9228723406249999
2 0.607269503125 0.9208776593750001 0.6046099296875 0.9168882984375 0.6001773046875 0.9168882984375 0.6010638296875 0.9261968078124999 0.605496453125 0.924867021875 0.607269503125 0.9208776593750001
2 0.59453125 0.9171875 0.00234375 0.0015625
2 0.26684397187500003 0.9182180843750001 0.269503546875 0.9182180843750001 0.26861702187500003 0.9155585109375 0.26684397187500003 0.9182180843750001
2 0.3351063828125 0.9155585109375 0.3368794328125 0.9182180843750001 0.33776595781249996 0.9155585109375 0.3351063828125 0.9155585109375
2 0.04921875 0.9109375 0.00078125 0.0015625
2 0.3191489359375 0.9075797874999999 0.3218085109375 0.9075797874999999 0.3200354609375 0.90558510625 0.3191489359375 0.9075797874999999
2 0.76796875 0.90390625 0.00234375 0.0015625
2 0.6001773046875 0.9102393609374999 0.605496453125 0.9128989359374999 0.608156028125 0.8976063828124999 0.6037234046875 0.8996010640625001 0.6001773046875 0.9015957453125001 0.605496453125 0.9049202125000001 0.6001773046875 0.905917553125 0.6001773046875 0.9102393609374999
2 0.546985815625 0.9275265953125 0.5700354609375 0.9275265953125 0.5735815609375 0.922207446875 0.580673759375 0.924867021875 0.577127659375 0.919547871875 0.5744680843750001 0.919547871875 0.5824468078125 0.9128989359374999 0.59485815625 0.9115691484375 0.59485815625 0.90425531875 0.59219858125 0.90425531875 0.5851063828124999 0.8976063828124999 0.5744680843750001 0.8989361703125001 0.5700354609375 0.90425531875 0.5567375890624999 0.8976063828124999 0.546985815625 0.9002659578125 0.543439715625 0.903590425 0.546099290625 0.90625 0.544326240625 0.9235372343750001 0.546985815625 0.9275265953125
2 0.4140070921875 0.9162234046875 0.4166666671875 0.9208776593750001 0.421985815625 0.9142287234375001 0.424054078125 0.9182180843750001 0.4370567375 0.919547871875 0.4370567375 0.924867021875 0.450354609375 0.924867021875 0.453014184375 0.9228723406249999 0.454787234375 0.924867021875 0.4574468078125 0.9182180843750001 0.46808510625000005 0.9182180843750001 0.46985815625000005 0.924867021875 0.47251773124999996 0.9235372343750001 0.47606382968750005 0.9261968078124999 0.48315602812499997 0.9261968078124999 0.48049645312499994 0.9142287234375001 0.48226950312500005 0.9102393609374999 0.4778368796875 0.90425531875 0.46985815625000005 0.90292553125 0.46719858125 0.9002659578125 0.46187943281250005 0.90292553125 0.4592198578125 0.8989361703125001 0.450354609375 0.8989361703125001 0.4468085109375 0.8956117015625 0.4388297875 0.893617021875 0.4317375890625 0.893617021875 0.4290780140625 0.8962765953125 0.424645390625 0.893617021875 0.41932624062499996 0.8962765953125 0.41932624062499996 0.90558510625 0.421985815625 0.908909575 0.42109929062499996 0.9122340421875 0.4140070921875 0.9162234046875
2 0.6205673765624999 0.9275265953125 0.6338652484375 0.9275265953125 0.638297871875 0.924867021875 0.638297871875 0.9058510640625 0.640957446875 0.90425531875 0.6462765953125 0.9075797874999999 0.6462765953125 0.924867021875 0.65425531875 0.9261968078124999 0.6613475171875 0.9315159578125 0.6666666671875 0.9315159578125 0.668439715625 0.9261968078124999 0.6764184390625 0.924867021875 0.6746453906250001 0.9202127656249999 0.6826241140625 0.9168882984375 0.6790780140625 0.9102393609374999 0.6817375890624999 0.908909575 0.6843971625 0.9115691484375 0.6843971625 0.9015957453125001 0.6703105890625001 0.8897101984375 0.668439715625 0.890957446875 0.65957446875 0.8896276593750001 0.65425531875 0.8856382984375 0.6489361703125 0.8856382984375 0.639184396875 0.8922872343750001 0.6205673765624999 0.8922872343750001 0.6152482265625 0.8949468078124999 0.610815603125 0.9002659578125 0.6187943265625 0.9075797874999999 0.6205673765624999 0.919547871875 0.6179078015624999 0.9208776593750001 0.6179078015624999 0.9255319156249999 0.6205673765624999 0.9275265953125
2 0.9246453906250001 0.8856382984375 0.9264184390624999 0.8763297874999999 0.9166666671874999 0.8690159578125 0.918439715625 0.8663563828124999 0.90957446875 0.8636968078124999 0.90602836875 0.8663563828124999 0.9086879437500001 0.8789893609374999 0.90425531875 0.8829787234375001 0.9122340421875 0.8869680843750001 0.9246453906250001 0.8856382984375
2 0.025 0.8546875 0.00234375 0.0015625
2 0.909375 0.8546875 0.00078125 0.0015625
2 0.013297871875 0.8477393609374999 0.0106382984375 0.8557180843750001 0.018617021875 0.8557180843750001 0.018617021875 0.8477393609374999 0.013297871875 0.8477393609374999
2 0.0079787234375 0.84308510625 0.0088652484375 0.84042553125 0.0062056734375 0.84042553125 0.0079787234375 0.84308510625
2 0 0.9015957453125001 0.0035461 0.90425531875 0.02836879375 0.90425531875 0.02836879375 0.9002659578125 0.039007092187499995 0.8962765953125 0.0372340421875 0.893617021875 0.0398936171875 0.887632978125 0.044326240625 0.888297871875 0.049645390625 0.8949468078124999 0.0523049640625 0.8922872343750001 0.0567375890625 0.8989361703125001 0.0620567375 0.9002659578125 0.0593971625 0.90425531875 0.0638297875 0.90292553125 0.0647163125 0.8989361703125001 0.0735815609375 0.892952128125 0.07801418437499999 0.8989361703125001 0.0886524828125 0.8996010640625001 0.0851063828125 0.90425531875 0.0895390078125 0.90425531875 0.09042553125 0.9002659578125 0.09308510625000001 0.9002659578125 0.09397163124999999 0.90425531875 0.1028368796875 0.90425531875 0.1028368796875 0.8989361703125001 0.111702128125 0.8976063828124999 0.1285461 0.8989361703125001 0.1356382984375 0.90425531875 0.140957446875 0.9022606390625001 0.139184396875 0.90425531875 0.144503546875 0.90625 0.16843971562499999 0.9075797874999999 0.17198581562499998 0.90425531875 0.16932624062499999 0.9002659578125 0.173758865625 0.8989361703125001 0.174645390625 0.8922872343750001 0.17907801406249998 0.888297871875 0.18882978749999998 0.8962765953125 0.18882978749999998 0.8989361703125001 0.19326241093750002 0.8996010640625001 0.1923758859375 0.90425531875 0.1950354609375 0.9075797874999999 0.20301418437500002 0.90292553125 0.21365248281250002 0.9002659578125 0.22783687968750002 0.90625 0.22783687968750002 0.9115691484375 0.22872340468750002 0.90691489375 0.2384751765625 0.9075797874999999 0.235815603125 0.9115691484375 0.24024822656249997 0.908909575 0.2437943265625 0.908909575 0.2455673765625 0.9115691484375 0.2570921984375 0.9015957453125001 0.2606382984375 0.90824468125 0.264184396875 0.9075797874999999 0.2606382984375 0.9115691484375 0.265957446875 0.9102393609374999 0.2739361703125 0.9142287234375001 0.2765957453125 0.9182180843750001 0.3147163125 0.9182180843750001 0.31205673749999996 0.9162234046875 0.3147163125 0.9142287234375001 0.3191489359375 0.9182180843750001 0.327127659375 0.919547871875 0.329787234375 0.9182180843750001 0.3226950359375 0.9162234046875 0.32446808437499997 0.9109042546874999 0.3351063828125 0.9142287234375001 0.34308510625 0.9115691484375 0.34397163124999997 0.9075797874999999 0.34751773125 0.9075797874999999 0.35017730468749997 0.908909575 0.35017730468749997 0.9202127656249999 0.3546099296875 0.9208776593750001 0.35815602812499997 0.924867021875 0.3687943265625 0.924867021875 0.3687943265625 0.922207446875 0.375 0.9182180843750001 0.3714539 0.9148936171875001 0.37234042500000003 0.90691489375 0.37588652499999997 0.90558510625 0.375 0.8962765953125 0.3812056734375 0.8949468078124999 0.388297871875 0.90425531875 0.3953900703125 0.90691489375 0.39361702187500003 0.9115691484375 0.40336879375 0.9128989359374999 0.40602836875000003 0.9182180843750001 0.4140070921875 0.908909575 0.40957446875 0.90425531875 0.4140070921875 0.9002659578125 0.41046099218750004 0.8982712765624999 0.4140070921875 0.8962765953125 0.40691489374999995 0.8949468078124999 0.40425531875000004 0.8896276593750001 0.394503546875 0.888297871875 0.390957446875 0.8856382984375 0.3785461 0.8856382984375 0.362588653125 0.8803191484375 0.3510638296875 0.8803191484375 0.34042553125 0.87167553125 0.3226950359375 0.8703457453125001 0.3173758859375 0.8663563828124999 0.31205673749999996 0.8663563828124999 0.3093971625 0.8690159578125 0.3040780140625 0.8663563828124999 0.299645390625 0.857047871875 0.264184396875 0.8490691484375 0.25265957499999997 0.84308510625 0.25 0.8377659578125 0.23315602812499997 0.8351063828124999 0.2251773046875 0.831117021875 0.21719858125 0.8231382984375 0.200354609375 0.8164893609374999 0.1941489359375 0.80917553125 0.1897163125 0.80917553125 0.1826241140625 0.8045212765624999 0.18173758906249998 0.8011968078124999 0.171099290625 0.7932180843750001 0.15691489375 0.7872340421875 0.15868794375 0.7852393609375 0.15602836874999998 0.783909575 0.15691489375 0.77925531875 0.15336879375 0.7752659578125 0.1489361703125 0.7752659578125 0.14627659531249998 0.77792553125 0.143617021875 0.7759308515625001 0.143617021875 0.7712765953125 0.1294326234375 0.764627659375 0.1285461 0.7566489359374999 0.12322694999999999 0.75 0.1214539 0.7553191484374999 0.11347517656249999 0.7553191484374999 0.11347517656249999 0.74667553125 0.1161347515625 0.7453457453125 0.11347517656249999 0.737367021875 0.105496453125 0.733377659375 0.105496453125 0.7307180843750001 0.10106382968750001 0.7280585109375 0.10106382968750001 0.7227393609375 0.09219858125 0.71542553125 0.08776595781249999 0.71542553125 0.0824468078125 0.7280585109375 0.075354609375 0.734707446875 0.0726950359375 0.75 0.0593971625 0.765957446875 0.0593971625 0.7712765953125 0.0514184390625 0.78457446875 0.044326240625 0.8045212765624999 0.039007092187499995 0.8065159578125 0.0363475171875 0.798537234375 0.03102836875 0.797207446875 0.03368794375 0.7918882984375 0.02925531875 0.7878989359374999 0.0363475171875 0.7878989359374999 0.03280141875 0.7865691484374999 0.0363475171875 0.783909575 0.03102836875 0.78058510625 0.0212765953125 0.78125 0.019503546875 0.7865691484374999 0.0230496453125 0.7892287234375 0.019503546875 0.7932180843750001 0.0115248234375 0.795877659375 0.0106382984375 0.8065159578125 0.0053191484375 0.809840425 0.0035461 0.8164893609374999 0.0035461 0.8271276593750001 0.0106382984375 0.8297872343750001 0.0212765953125 0.8204787234375001 0.023936170312499998 0.815159575 0.02836879375 0.81316489375 0.03102836875 0.815159575 0.03102836875 0.828457446875 0.023936170312499998 0.8390957453125001 0.023936170312499998 0.8490691484375 0.02925531875 0.8517287234375001 0.02925531875 0.8557180843750001 0.03368794375 0.8583776593750001 0.03014184375 0.8650265953125 0.015957446875 0.8650265953125 0.0106382984375 0.8676861703125001 0.0062056734375 0.87433510625 0.002659575 0.888297871875 0 0.8896276593750001 0 0.9015957453125001
2 0.013297871875 0.7280585109375 0.0079787234375 0.7293882984375 0.0079787234375 0.7446808515625001 0.0106382984375 0.74667553125 0.026595745312500002 0.7453457453125 0.02925531875 0.7413563828124999 0.025709220312499996 0.7380319156249999 0.025709220312499996 0.732047871875 0.019503546875 0.7200797875 0.0363475171875 0.71542553125 0.03191489375 0.71542553125 0.02925531875 0.7127659578125 0.015957446875 0.7127659578125 0.0079787234375 0.71808510625 0.0044326234375 0.716090425 0.0053191484375 0.71875 0.013297871875 0.71875 0.014184396875 0.72074468125 0.013297871875 0.7280585109375
2 0.9671985812499999 0.71808510625 0.9671985812499999 0.7121010640625001 0.9778368796875 0.7101063828124999 0.9734042546874999 0.703457446875 0.96542553125 0.704787234375 0.9627659578125 0.702127659375 0.9521276593750001 0.7087765953125 0.9521276593750001 0.7174202125 0.9547872343750001 0.71875 0.9671985812499999 0.71808510625
2 0.075354609375 0.702127659375 0.077127659375 0.704787234375 0.07801418437499999 0.702127659375 0.075354609375 0.702127659375
2 0.9751773046875 0.6961436171875001 0.9778368796875 0.6968085109375 0.9760638296874999 0.6941489359374999 0.9751773046875 0.6961436171875001
2 0.987588653125 0.690159575 0.9822695031249999 0.69082446875 0.9822695031249999 0.6988031921875 0.9778368796875 0.702127659375 0.987588653125 0.704787234375 0.987588653125 0.690159575
2 0.0363475171875 0.49268617031249995 0.03457446875 0.49800531875000004 0.039007092187499995 0.5 0.039007092187499995 0.49401595781249996 0.0363475171875 0.49268617031249995
2 0.046875 0.2234375 0.0046875 0.0015625
2 0.98671875 0.171875 0.0015625 0.0015625
2 0.015070921875 0.515292553125 0.0115248234375 0.5226063828124999 0.015957446875 0.52925531875 0.0115248234375 0.5365691484374999 0.015957446875 0.5418882984375 0.013297871875 0.545212765625 0.015957446875 0.5551861703125 0.0106382984375 0.5625 0.013297871875 0.56582446875 0.013297871875 0.5738031921875 0.0106382984375 0.575797871875 0.013297871875 0.5837765953125 0.0088652484375 0.5890957453125 0.0062056734375 0.6057180843750001 0.0079787234375 0.6183510640625001 0.013297871875 0.6236702125 0.0053191484375 0.62832446875 0.0035461 0.6343085109375 0.0035461 0.669547871875 0.015957446875 0.6775265953125 0.015957446875 0.6815159578125 0.0035461 0.68550531875 0.0035461 0.6968085109375 0.012411346875 0.6968085109375 0.018617021875 0.703457446875 0.026595745312500002 0.703457446875 0.03457446875 0.6954787234375 0.03102836875 0.69082446875 0.039007092187499995 0.6914893609375 0.0398936171875 0.6821808515625001 0.0425531921875 0.6801861703125 0.046985815624999996 0.6815159578125 0.044326240625 0.700797871875 0.046985815624999996 0.706117021875 0.048758865624999995 0.7426861703125 0.044326240625 0.74667553125 0.03457446875 0.74667553125 0.03457446875 0.7539893609375 0.03102836875 0.7573138296875 0.03102836875 0.7726063828124999 0.0416666671875 0.7726063828124999 0.045212765625 0.767287234375 0.049645390625 0.767287234375 0.0558510640625 0.7573138296875 0.0602836875 0.7593085109375 0.0593971625 0.7546542546875 0.0647163125 0.74667553125 0.0647163125 0.732712765625 0.0673758859375 0.7273936171875001 0.0726950359375 0.7240691484374999 0.0700354609375 0.7200797875 0.075354609375 0.71542553125 0.077127659375 0.71875 0.09574468124999999 0.702127659375 0.11347517656249999 0.7200797875 0.11347517656249999 0.7240691484374999 0.1214539 0.734707446875 0.138297871875 0.74933510625 0.144503546875 0.7579787234375 0.1498226953125 0.7599734046875 0.15957446875 0.7726063828124999 0.18173758906249998 0.7872340421875 0.1852836875 0.7932180843750001 0.20744680781249997 0.8051861703125001 0.232269503125 0.8244680843750001 0.2429078015625 0.828457446875 0.249113475 0.828457446875 0.264184396875 0.8364361703125001 0.2730496453125 0.8364361703125001 0.28723404218750004 0.84175531875 0.296985815625 0.8517287234375001 0.3049645390625 0.8517287234375001 0.3235815609375 0.857047871875 0.33776595781249996 0.8650265953125 0.34397163124999997 0.8650265953125 0.355496453125 0.8703457453125001 0.37234042500000003 0.87300531875 0.38031914843750003 0.87566489375 0.3829787234375 0.8789893609374999 0.40070922031249995 0.8789893609374999 0.41134751718749996 0.8843085109375 0.4335106390625 0.8843085109375 0.4370567375 0.8869680843750001 0.45390070937500004 0.888297871875 0.46010638281249994 0.890957446875 0.4902482265625 0.893617021875 0.4964539 0.8976063828124999 0.48847517656250006 0.90625 0.48847517656250006 0.9182180843750001 0.49290780156249997 0.9208776593750001 0.4902482265625 0.924867021875 0.5017730499999999 0.9261968078124999 0.5035461 0.9288563828124999 0.513297871875 0.9288563828124999 0.517730496875 0.9235372343750001 0.5239361703125 0.9261968078124999 0.5257092203125 0.9235372343750001 0.5212765953125 0.922207446875 0.5212765953125 0.918882978125 0.52836879375 0.9182180843750001 0.52925531875 0.9128989359374999 0.5336879437500001 0.9102393609374999 0.52925531875 0.90292553125 0.518617021875 0.9015957453125001 0.515070921875 0.893617021875 0.546985815625 0.8922872343750001 0.5567375890624999 0.8962765953125 0.5593971625 0.893617021875 0.5753546093749999 0.8922872343750001 0.5824468078125 0.8896276593750001 0.5877659578125 0.890957446875 0.6001773046875 0.8869680843750001 0.6312056734375 0.8843085109375 0.638297871875 0.8803191484375 0.6515957453125 0.8803191484375 0.6640070921875 0.872340425 0.6817375890624999 0.87300531875 0.6959219859375 0.8663563828124999 0.704787234375 0.8696808515625 0.6843971625 0.8829787234375001 0.6897163125 0.8869680843750001 0.6826241140625 0.893617021875 0.6870567375000001 0.8962765953125 0.6870567375000001 0.9002659578125 0.6968085109375 0.8969414890625 0.6976950359375 0.90625 0.704787234375 0.9148936171875001 0.705673759375 0.9208776593750001 0.702127659375 0.924867021875 0.705673759375 0.922207446875 0.706560284375 0.924867021875 0.71985815625 0.9261968078124999 0.7234042546875 0.924867021875 0.7251773046875 0.919547871875 0.733156028125 0.9208776593750001 0.7384751765625001 0.9182180843750001 0.7429078015624999 0.9208776593750001 0.7402482265625 0.924202128125 0.7429078015624999 0.9261968078124999 0.7517730499999999 0.924867021875 0.7588652484375 0.9275265953125 0.7615248234374999 0.9261968078124999 0.7615248234374999 0.9168882984375 0.764184396875 0.9182180843750001 0.7606382984375 0.9135638296874999 0.766843971875 0.9115691484375 0.7757092203125 0.9168882984375 0.77836879375 0.9155585109375 0.7890070921875 0.9182180843750001 0.7925531921875 0.9155585109375 0.8014184390624999 0.9162234046875 0.8023049640625001 0.9182180843750001 0.8040780140624999 0.8991575796875001 0.8076241140624999 0.8976063828124999 0.8102836874999999 0.9002659578125 0.8093971625 0.90425531875 0.8138297874999999 0.9075797874999999 0.8120567375000001 0.9208776593750001 0.8093971625 0.9235372343750001 0.8093971625 0.9261968078124999 0.8138297874999999 0.9288563828124999 0.8164893609374999 0.9261968078124999 0.8235815609375001 0.9261968078124999 0.8271276593750001 0.9288563828124999 0.8324468078124999 0.9261968078124999 0.8324468078124999 0.9235372343750001 0.84042553125 0.9275265953125 0.84042553125 0.9315159578125 0.84308510625 0.9275265953125 0.8510638296874999 0.9235372343750001 0.855496453125 0.9261968078124999 0.8572695031249999 0.924867021875 0.8501773046875 0.9228723406249999 0.8501773046875 0.9208776593750001 0.8572695031249999 0.919547871875 0.862588653125 0.9128989359374999 0.875886525 0.9128989359374999 0.875886525 0.9168882984375 0.8785461 0.9182180843750001 0.875886525 0.9208776593750001 0.8794326234375 0.9228723406249999 0.8803191484375 0.9268617015625 0.877659575 0.9315159578125 0.891843971875 0.9228723406249999 0.894503546875 0.924867021875 0.8962765953125 0.9182180843750001 0.9007092203125 0.9182180843750001 0.90336879375 0.9155585109375 0.9113475171875001 0.919547871875 0.90957446875 0.924867021875 0.919326240625 0.9275265953125 0.9166666671874999 0.9328457453125001 0.9210992906250001 0.93417553125 0.9343971625 0.9328457453125001 0.9317375890624999 0.9261968078124999 0.9352836874999999 0.924867021875 0.9388297874999999 0.9288563828124999 0.9503546093749999 0.9155585109375 0.9592198578125 0.9155585109375 0.9618794328125 0.9182180843750001 0.96542553125 0.9168882984375 0.9698581562499999 0.919547871875 0.97251773125 0.9168882984375 0.9796099296874999 0.9182180843750001 0.980496453125 0.924867021875 0.987588653125 0.9261968078124999 0.9902482265625 0.90425531875 0.9902482265625 0.8789893609374999 0.987588653125 0.8696808515625 0.9902482265625 0.8543882984375 0.9884751765625 0.8490691484375 0.9858156031249999 0.8484042546874999 0.987588653125 0.8364361703125001 0.983156028125 0.8324468078124999 0.987588653125 0.8271276593750001 0.9822695031249999 0.815159575 0.9751773046875 0.8071808515625 0.9751773046875 0.8038563828124999 0.9796099296874999 0.799867021875 0.987588653125 0.8011968078124999 0.987588653125 0.7932180843750001 0.980496453125 0.7825797875 0.980496453125 0.7752659578125 0.9734042546874999 0.7692819156249999 0.9751773046875 0.7599734046875 0.9858156031249999 0.7593085109375 0.987588653125 0.7553191484374999 0.980496453125 0.7453457453125 0.9751773046875 0.7460106390625 0.9760638296874999 0.734707446875 0.9734042546874999 0.7253989359374999 0.9627659578125 0.7253989359374999 0.955673759375 0.7280585109375 0.9547872343750001 0.7440159578125 0.9521276593750001 0.7453457453125 0.9388297874999999 0.7307180843750001 0.9299645390625001 0.737367021875 0.9237588656250001 0.736037234375 0.9343971625 0.7200797875 0.9468085109375 0.7101063828124999 0.9476950359374999 0.704787234375 0.96542553125 0.6788563828124999 0.96542553125 0.671542553125 0.9698581562499999 0.672207446875 0.9778368796875 0.658909575 0.9778368796875 0.6522606390625 0.9902482265625 0.62433510625 0.9902482265625 0.6130319156249999 0.9929078015625 0.608377659375 0.9929078015625 0.577127659375 0.9902482265625 0.575132978125 0.9858156031249999 0.5531914890625 0.9929078015625 0.544547871875 0.9884751765625 0.53125 0.9929078015625 0.5226063828124999 0.9929078015625 0.49401595781249996 0.9902482265625 0.49002659531250004 0.9937943265625 0.484707446875 0.9937943265625 0.4700797875 0.987588653125 0.43550531875000004 0.980496453125 0.42752659531250004 0.9796099296874999 0.41888297812499997 0.980496453125 0.4168882984375 0.9884751765625 0.420877659375 0.9911347515625 0.418218084375 0.987588653125 0.39494680781249997 0.980496453125 0.392287234375 0.980496453125 0.38031914843750003 0.987588653125 0.375 0.987588653125 0.3663563828125 0.9734042546874999 0.36236702187500003 0.97251773125 0.357712765625 0.9796099296874999 0.35571808437499997 0.980496453125 0.34375 0.9734042546874999 0.3390957453125 0.96808510625 0.33111702187500003 0.9751773046875 0.329787234375 0.9778368796875 0.325797871875 0.97251773125 0.3204787234375 0.96808510625 0.3198138296875 0.96808510625 0.3125 0.9601063828124999 0.31050531875 0.96542553125 0.3078457453125 0.9698581562499999 0.30119680781249997 0.9778368796875 0.30119680781249997 0.9796099296874999 0.298537234375 0.9760638296874999 0.298537234375 0.9751773046875 0.295212765625 0.983156028125 0.29321808437499997 0.980496453125 0.2892287234375 0.9822695031249999 0.2852393609375 0.9734042546874999 0.27792553125 0.9734042546874999 0.26861702187500003 0.980496453125 0.264627659375 0.983156028125 0.2593085109375 0.980496453125 0.24002659531249998 0.984929078125 0.237367021875 0.9884751765625 0.230718084375 0.987588653125 0.21675531874999998 0.9796099296874999 0.2127659578125 0.9796099296874999 0.20877659531249998 0.9751773046875 0.206117021875 0.9778368796875 0.20345744687499998 0.9751773046875 0.19747340468750002 0.980496453125 0.1941489359375 0.9796099296874999 0.18550531875 0.983156028125 0.1801861703125 0.983156028125 0.173537234375 0.9317375890624999 0.169547871875 0.9166666671874999 0.169547871875 0.9140070921874999 0.173537234375 0.9015957453125001 0.169547871875 0.858156028125 0.172207446875 0.8484042546874999 0.169547871875 0.8297872343750001 0.169547871875 0.8244680843750001 0.171542553125 0.7872340421875 0.172207446875 0.77925531875 0.169547871875 0.768617021875 0.170877659375 0.763297871875 0.16821808437500002 0.7597517734375 0.170877659375 0.7402482265625 0.172207446875 0.736702128125 0.174867021875 0.7260638296875 0.173537234375 0.72251773125 0.170877659375 0.7163120562499999 0.173537234375 0.7109929078125 0.172872340625 0.7101063828124999 0.170877659375 0.6985815609375 0.172207446875 0.6950354609375 0.169547871875 0.6897163125 0.173537234375 0.6799645390625 0.174867021875 0.669326240625 0.170877659375 0.6356382984375 0.170877659375 0.6329787234375 0.173537234375 0.6285461 0.173537234375 0.6258865250000001 0.170877659375 0.6152482265625 0.172872340625 0.612588653125 0.169547871875 0.606382978125 0.172207446875 0.59485815625 0.169547871875 0.5877659578125 0.172207446875 0.5744680843750001 0.172207446875 0.5673758859375 0.16821808437500002 0.5593971625 0.172207446875 0.5549645390625 0.16821808437500002 0.548758865625 0.169547871875 0.5390070921875 0.1668882984375 0.53102836875 0.169547871875 0.53014184375 0.172207446875 0.52836879375 0.170877659375 0.5248226953125 0.17553191562499998 0.5212765953125 0.172207446875 0.5212765953125 0.1801861703125 0.513297871875 0.1801861703125 0.5115248234374999 0.1828457453125 0.5079787234375 0.1828457453125 0.5062056734375 0.173537234375 0.5044326234375001 0.174867021875 0.502659575 0.170877659375 0.497340425 0.16821808437500002 0.4902482265625 0.16821808437500002 0.485815603125 0.169547871875 0.484042553125 0.172872340625 0.47606382968750005 0.173537234375 0.47517730468749997 0.170877659375 0.46276595781249996 0.173537234375 0.4574468078125 0.169547871875 0.453014184375 0.173537234375 0.44769503593750004 0.173537234375 0.4450354609375 0.170877659375 0.4352836875 0.172207446875 0.4290780140625 0.16821808437500002 0.424645390625 0.16821808437500002 0.421985815625 0.173537234375 0.41843971562500004 0.170877659375 0.40602836875000003 0.173537234375 0.40336879375 0.169547871875 0.40070922031249995 0.169547871875 0.392730496875 0.174867021875 0.389184396875 0.170877659375 0.387411346875 0.173537234375 0.38031914843750003 0.173537234375 0.37765957499999997 0.170212765625 0.37322695 0.169547871875 0.37234042500000003 0.172207446875 0.3634751765625 0.1761968078125 0.357269503125 0.172207446875 0.3510638296875 0.173537234375 0.35017730468749997 0.170877659375 0.34574468125 0.170877659375 0.34042553125 0.174867021875 0.3351063828125 0.170877659375 0.32446808437499997 0.172207446875 0.3191489359375 0.16821808437500002 0.3164893609375 0.16821808437500002 0.3164893609375 0.172207446875 0.3102836875 0.170877659375 0.3093971625 0.16821808437500002 0.3045212765625 0.16821808437500002 0.3014184390625 0.170877659375 0.299645390625 0.16821808437500002 0.296099290625 0.172207446875 0.294326240625 0.169547871875 0.2890070921875 0.16821808437500002 0.28457446875 0.172207446875 0.2765957453125 0.16821808437500002 0.2739361703125 0.170877659375 0.2712765953125 0.16821808437500002 0.2712765953125 0.172207446875 0.26861702187500003 0.173537234375 0.264184396875 0.169547871875 0.2562056734375 0.169547871875 0.25088652499999997 0.1668882984375 0.21808510625 0.1668882984375 0.19858156093749998 0.169547871875 0.17907801406249998 0.1668882984375 0.16932624062499999 0.169547871875 0.15425531875 0.1668882984375 0.1187943265625 0.1668882984375 0.1161347515625 0.16821808437500002 0.1179078015625 0.171542553125 0.1152482265625 0.173537234375 0.112588653125 0.170877659375 0.10726950312500001 0.172207446875 0.1028368796875 0.16821808437500002 0.09485815625 0.1668882984375 0.08377659531250001 0.16821808437500002 0.081560284375 0.170212765625 0.079122340625 0.16821808437500002 0.07801418437499999 0.170877659375 0.074468084375 0.16821808437500002 0.0647163125 0.174867021875 0.0593971625 0.174867021875 0.0567375890625 0.170877659375 0.057624114062499995 0.173537234375 0.0540780140625 0.174867021875 0.0567375890625 0.1761968078125 0.0567375890625 0.190159575 0.0593971625 0.1914893609375 0.0540780140625 0.1928191484375 0.046099290625 0.201462765625 0.049645390625 0.204787234375 0.049645390625 0.2140957453125 0.046099290625 0.2174202125 0.0514184390625 0.2200797875 0.049645390625 0.2240691484375 0.0540780140625 0.2253989359375 0.0540780140625 0.232047871875 0.049645390625 0.22938829843750003 0.043439715625 0.22938829843750003 0.048758865624999995 0.232047871875 0.049645390625 0.237367021875 0.0416666671875 0.23869680781249997 0.039007092187499995 0.2426861703125 0.039007092187499995 0.2513297875 0.0416666671875 0.2513297875 0.044326240625 0.25531914843750003 0.044326240625 0.267287234375 0.0416666671875 0.26861702187500003 0.044326240625 0.27859042500000003 0.039007092187499995 0.2859042546875 0.039007092187499995 0.30119680781249997 0.0416666671875 0.3031914890625 0.0372340421875 0.3125 0.039007092187499995 0.33111702187500003 0.03368794375 0.3390957453125 0.02836879375 0.34109042500000003 0.03457446875 0.34574468125 0.039007092187499995 0.34574468125 0.039007092187499995 0.3477393609375 0.0363475171875 0.34973404218750004 0.0363475171875 0.35505319218750003 0.03191489375 0.358377659375 0.0363475171875 0.36236702187500003 0.02836879375 0.36369680781249997 0.023936170312499998 0.3676861703125 0.025709220312499996 0.37699468125 0.02836879375 0.3789893609375 0.026595745312500002 0.3829787234375 0.03102836875 0.38696808437499997 0.03102836875 0.392287234375 0.026595745312500002 0.3962765953125 0.026595745312500002 0.40625 0.023936170312499998 0.4075797875 0.023936170312499998 0.4115691484375 0.026595745312500002 0.4128989359375 0.023936170312499998 0.42486702187500003 0.03102836875 0.4441489359375 0.025709220312499996 0.450797871875 0.018617021875 0.452127659375 0.016843971875 0.46808510625000005 0.0212765953125 0.4780585109375 0.013297871875 0.483377659375 0.0088652484375 0.49268617031249995 0.0088652484375 0.5013297875 0.013297871875 0.5039893609375 0.0115248234375 0.5079787234375 0.015070921875 0.515292553125
2 0.046099290625 0.577792553125 0.046985815624999996 0.59042553125 0.0540780140625 0.608377659375 0.0549645390625 0.62300531875 0.0593971625 0.6296542546875 0.0620567375 0.642287234375 0.08776595781249999 0.6914893609375 0.108156028125 0.7200797875 0.125886525 0.7386968078125 0.1312056734375 0.7413563828124999 0.1312056734375 0.7440159578125 0.14627659531249998 0.7606382984375 0.174645390625 0.7825797875 0.17730496406250001 0.7878989359374999 0.230496453125 0.8231382984375 0.28368794375 0.84308510625 0.299645390625 0.8517287234375001 0.3085106390625 0.8530585109375 0.3351063828125 0.8636968078124999 0.41489361718750006 0.8843085109375 0.4592198578125 0.890957446875 0.47606382968750005 0.890957446875 0.48492907812499997 0.893617021875 0.5567375890624999 0.893617021875 0.5673758859375 0.890957446875 0.59308510625 0.8896276593750001 0.6010638296875 0.8869680843750001 0.6205673765624999 0.8869680843750001 0.6267730499999999 0.8843085109375 0.65425531875 0.8803191484375 0.65602836875 0.877659575 0.6622340421875 0.8763297874999999 0.671985815625 0.8763297874999999 0.6852836875 0.8703457453125001 0.6968085109375 0.8690159578125 0.705673759375 0.8636968078124999 0.71808510625 0.862367021875 0.7260638296875 0.8557180843750001 0.733156028125 0.8557180843750001 0.7464539 0.8490691484375 0.763297871875 0.8450797874999999 0.766843971875 0.84175531875 0.77925531875 0.8377659578125 0.8014184390624999 0.8231382984375 0.8173758859375001 0.8164893609374999 0.8209219859375001 0.81183510625 0.8342198578125 0.8078457453125001 0.84308510625 0.799867021875 0.84397163125 0.795212765625 0.84751773125 0.797207446875 0.858156028125 0.7932180843750001 0.8679078015625 0.78324468125 0.8812056734375 0.7765957453125 0.9007092203125 0.7606382984375 0.9015957453125001 0.7566489359374999 0.9113475171875001 0.75 0.9210992906250001 0.7386968078125 0.9273049640625001 0.7280585109375 0.9388297874999999 0.71875 0.9476950359374999 0.6988031921875 0.953014184375 0.6961436171875001 0.9601063828124999 0.6888297875 0.9601063828124999 0.68550531875 0.9671985812499999 0.6801861703125 0.9778368796875 0.6575797875 0.9751773046875 0.6522606390625 0.980496453125 0.6502659578125 0.9902482265625 0.6289893609375 0.9902482265625 0.6156914890625 0.9929078015625 0.6136968078125 0.9955673765625 0.5977393609375 0.9955673765625 0.5744680843750001 0.9902482265625 0.5625 0.983156028125 0.5578457453125 0.983156028125 0.5525265953125 0.9929078015625 0.548537234375 0.9955673765625 0.5405585109375 0.9937943265625 0.513962765625 0.9955673765625 0.484042553125 0.99822695 0.480718084375 0.9955673765625 0.46143617031249995 0.9698581562499999 0.40425531875000004 0.9601063828124999 0.389627659375 0.955673759375 0.38696808437499997 0.9423758859375001 0.36236702187500003 0.9326241140624999 0.3543882984375 0.9246453906250001 0.34042553125 0.9051418437500001 0.3231382984375 0.9015957453125001 0.3164893609375 0.8838652484375 0.3051861703125 0.8838652484375 0.3025265953125 0.858156028125 0.2825797875 0.84663120625 0.2765957453125 0.84397163125 0.2719414890625 0.763297871875 0.2267287234375 0.7234042546875 0.2127659578125 0.71719858125 0.20877659531249998 0.705673759375 0.20744680781249997 0.6897163125 0.200797871875 0.6258865250000001 0.1875 0.5851063828124999 0.1828457453125 0.5523049640625 0.1828457453125 0.52836879375 0.1788563828125 0.5088652484375 0.18151595781250002 0.485815603125 0.18151595781250002 0.47872340468749996 0.18417553125 0.4388297875 0.18550531875 0.41046099218750004 0.1914893609375 0.4015957453125 0.1914893609375 0.36968085156249997 0.200797871875 0.360815603125 0.200797871875 0.326241134375 0.2140957453125 0.3200354609375 0.2140957453125 0.3138297875 0.21808510625 0.30673758906250004 0.21875 0.263297871875 0.236037234375 0.24113475156250003 0.25 0.2251773046875 0.2566489359375 0.1950354609375 0.2739361703125 0.15957446875 0.3025265953125 0.1312056734375 0.33111702187500003 0.125886525 0.3337765953125 0.12056737656250001 0.34375 0.108156028125 0.35571808437499997 0.10726950312500001 0.359707446875 0.0984042546875 0.3676861703125 0.0824468078125 0.389627659375 0.079787234375 0.3989361703125 0.0673758859375 0.419547871875 0.0647163125 0.4328457453125 0.0620567375 0.43417553125 0.0514184390625 0.4574468078125 0.046985815624999996 0.4753989359375 0.044326240625 0.5259308515625001 0.0416666671875 0.53058510625 0.039007092187499995 0.5638297875 0.046099290625 0.577792553125
2 0.264184396875 0.21675531874999998 0.2730496453125 0.21675531874999998 0.263297871875 0.2107712765625 0.264184396875 0.206117021875 0.2562056734375 0.206117021875 0.2579787234375 0.2140957453125 0.25531914843750003 0.21675531874999998 0.263297871875 0.2147606390625 0.264184396875 0.21675531874999998
2 0.22578125 0.0109375 0.00078125 0.0015625
2 0.1666666671875 0.011968084375 0.171099290625 0.011968084375 0.16843971562499999 0.0079787234375 0.1666666671875 0.011968084375
2 0.25 0.0392287234375 0.25088652499999997 0.0418882984375 0.25265957499999997 0.0378989359375 0.265957446875 0.0365691484375 0.26861702187500003 0.0325797875 0.2712765953125 0.0106382984375 0.265957446875 0.0039893609375 0.2615248234375 0.002659575 0.24645389999999998 0.0046542546875 0.2429078015625 0.0099734046875 0.24113475156250003 0.0226063828125 0.2455673765625 0.0252659578125 0.2455673765625 0.0378989359375 0.25 0.0392287234375
2 0.3342198578125 0 0.328014184375 0.0053191484375 0.32446808437499997 0.0053191484375 0.3200354609375 0.015957446875 0.3093971625 0.018617021875 0.3058510640625 0.023936170312499998 0.296099290625 0.023936170312499998 0.28723404218750004 0.027925531250000003 0.28102836875000003 0.0359042546875 0.28014184375 0.050531915625 0.2712765953125 0.055186170312500005 0.26684397187500003 0.0525265953125 0.2562056734375 0.055186170312500005 0.25531914843750003 0.048537234375 0.2429078015625 0.049867021875 0.2384751765625 0.047207446874999996 0.232269503125 0.0511968078125 0.2251773046875 0.049202128125 0.2234042546875 0.045877659375000004 0.2296099296875 0.043218084375 0.232269503125 0.0378989359375 0.230496453125 0.033909575 0.2251773046875 0.03125 0.22251773125000002 0.0226063828125 0.21808510625 0.023936170312499998 0.21453900781250002 0.0199468078125 0.21453900781250002 0.0079787234375 0.20921985781250002 0.0053191484375 0.20744680781249997 0.014627659375 0.20212765937500002 0.018617021875 0.19680851093750001 0.0212765953125 0.1799645390625 0.0199468078125 0.17641843906250002 0.027925531250000003 0.17198581562499998 0.02925531875 0.16932624062499999 0.033909575 0.1640070921875 0.035239360937500006 0.1613475171875 0.0392287234375 0.15868794375 0.05917553125 0.1640070921875 0.08377659531250001 0.15691489375 0.09042553125 0.1515957453125 0.1030585109375 0.1489361703125 0.15425531875 0.15602836874999998 0.15757978749999998 0.17198581562499998 0.158909575 0.205673759375 0.15558510625 0.2260638296875 0.158909575 0.24645389999999998 0.15625 0.2562056734375 0.158909575 0.28102836875000003 0.158909575 0.2854609921875 0.15625 0.298758865625 0.1602393609375 0.3076241140625 0.1602393609375 0.3226950359375 0.15757978749999998 0.327127659375 0.15425531875 0.329787234375 0.1476063828125 0.34663120625 0.1476063828125 0.3528368796875 0.1509308515625 0.3528368796875 0.15425531875 0.360815603125 0.1602393609375 0.3705673765625 0.1615691484375 0.37765957499999997 0.158909575 0.39361702187500003 0.158909575 0.40425531875000004 0.15625 0.40602836875000003 0.1642287234375 0.40957446875 0.1642287234375 0.41223404218750004 0.1609042546875 0.4264184390625 0.1615691484375 0.4397163125 0.158909575 0.48049645312499994 0.1615691484375 0.48492907812499997 0.1602393609375 0.487588653125 0.15625 0.4937943265625 0.15757978749999998 0.5044326234375001 0.15425531875 0.5212765953125 0.1602393609375 0.5257092203125 0.158909575 0.5336879437500001 0.1615691484375 0.59308510625 0.1615691484375 0.610815603125 0.15757978749999998 0.6179078015624999 0.1615691484375 0.6285461 0.1602393609375 0.6312056734375 0.1628989359375 0.638297871875 0.1628989359375 0.6604609921875 0.15625 0.6613475171875 0.14627659531249998 0.669326240625 0.14627659531249998 0.6746453906250001 0.1509308515625 0.6764184390625 0.15957446875 0.6799645390625 0.1615691484375 0.71808510625 0.1615691484375 0.730496453125 0.1602393609375 0.733156028125 0.15757978749999998 0.7402482265625 0.1602393609375 0.765070921875 0.158909575 0.78191489375 0.1615691484375 0.8271276593750001 0.1615691484375 0.830673759375 0.158909575 0.84663120625 0.158909575 0.8546099296874999 0.1615691484375 0.8980496453125 0.1615691484375 0.9086879437500001 0.15757978749999998 0.9140070921874999 0.15026595781250002 0.9140070921874999 0.109707446875 0.90957446875 0.09308510625000001 0.9113475171875001 0.0638297875 0.9086879437500001 0.0525265953125 0.8998226953125 0.0398936171875 0.90602836875 0.0365691484375 0.9086879437500001 0.02925531875 0.90691489375 0.0106382984375 0.90336879375 0.0053191484375 0.890957446875 0.0053191484375 0.8891843968750001 0.0013297875 0.8785461 0.018617021875 0.87322695 0.0199468078125 0.8679078015625 0.016622340625000002 0.8652482265625 0.0066489359375 0.8572695031249999 0 0.8448581562499999 0 0.84308510625 0.0046542546875 0.8377659578125 0.0079787234375 0.8351063828124999 0.015957446875 0.828014184375 0.013297871875 0.8244680843750001 0.0079787234375 0.8191489359374999 0.0066489359375 0.8120567375000001 0.0079787234375 0.8058510640625001 0.018617021875 0.7996453906250001 0.018617021875 0.796985815625 0.015957446875 0.7872340421875 0.014627659375 0.7863475171875 0.0079787234375 0.77925531875 0 0.7712765953125 0 0.7712765953125 0.00332446875 0.765957446875 0.0053191484375 0.765957446875 0.0093085109375 0.7562056734375 0.0106382984375 0.7544326234375001 0.015957446875 0.7508865250000001 0.015957446875 0.737588653125 0.0079787234375 0.730496453125 0.0106382984375 0.7260638296875 0.0079787234375 0.71985815625 0.0106382984375 0.7127659578125 0.0066489359375 0.7003546093749999 0.0053191484375 0.6923758859375 0.0066489359375 0.6897163125 0.0093085109375 0.6843971625 0.0066489359375 0.6773049640625 0.0066489359375 0.6746453906250001 0.0093085109375 0.671099290625 0.0066489359375 0.65691489375 0.0066489359375 0.6498226953125 0.0099734046875 0.638297871875 0.00332446875 0.638297871875 0 0.6258865250000001 0 0.6187943265625 0.0093085109375 0.6205673765624999 0.015292553125 0.612588653125 0.0212765953125 0.609042553125 0.0212765953125 0.6001773046875 0.0106382984375 0.5868794328125 0.0079787234375 0.580673759375 0.0093085109375 0.5744680843750001 0.002659575 0.5673758859375 0 0.5540780140625 0 0.5540780140625 0.002659575 0.546985815625 0.0066489359375 0.544326240625 0.013962765625000002 0.5372340421875 0.014627659375 0.52925531875 0.0199468078125 0.515957446875 0.0066489359375 0.5115248234374999 0.0079787234375 0.4902482265625 0.0053191484375 0.48315602812499997 0.0079787234375 0.48226950312500005 0.015292553125 0.46985815625000005 0.023936170312499998 0.46453900781249996 0.0199468078125 0.46453900781249996 0.0093085109375 0.45567375937500004 0 0.4397163125 0 0.4397163125 0.0039893609375 0.4343971625 0.0066489359375 0.4343971625 0.017952128125 0.4308510640625 0.0212765953125 0.42730496406249996 0.0212765953125 0.421985815625 0.017287234375 0.42109929062499996 0.0106382984375 0.4140070921875 0.0106382984375 0.41134751718749996 0.0079787234375 0.3838652484375 0.0093085109375 0.3785461 0.0066489359375 0.3687943265625 0.0066489359375 0.355496453125 0.0093085109375 0.3510638296875 0.0066489359375 0.34485815625 0.0079787234375 0.33776595781249996 0 0.3342198578125 0