2 0.93 0.5426666671875 0.931 0.5466666671875 0.933 0.5426666671875 0.93 0.5426666671875
2 0.851 0.5599999999999999 0.861 0.5599999999999999 0.8699999999999999 0.5546666671875 0.8779999999999999 0.5373333328125 0.893 0.5186666671875 0.9259999999999999 0.5106666671875 0.9410000000000001 0.5186666671875 0.953 0.508 0.953 0.48266666718750006 0.9390000000000001 0.44266666718750003 0.9349999999999999 0.4386666671875 0.933 0.42000000000000004 0.9259999999999999 0.4066666671875 0.925 0.396 0.917 0.3866666671875 0.9109999999999999 0.356 0.907 0.3546666671875 0.897 0.33199999999999996 0.885 0.3306666671875 0.885 0.3386666671875 0.876 0.3426666671875 0.868 0.3613333328125 0.861 0.36266666718749996 0.851 0.372 0.8300000000000001 0.44400000000000006 0.8300000000000001 0.48266666718750006 0.837 0.5253333328124999 0.842 0.544 0.851 0.5599999999999999
2 0.583 0.532 0.596 0.524 0.5980000000000001 0.5306666671875 0.612 0.54 0.653 0.536 0.6599999999999999 0.528 0.657 0.52 0.653 0.5253333328124999 0.651 0.52 0.643 0.524 0.639 0.52 0.623 0.5226666671875 0.618 0.5186666671875 0.5980000000000001 0.5186666671875 0.5940000000000001 0.5226666671875 0.591 0.5146666671875 0.5660000000000001 0.512 0.564 0.5266666671875 0.568 0.5306666671875 0.5730000000000001 0.528 0.583 0.532
2 0.55 0.5233333328125 0.55 0.516 0.546 0.512 0.541 0.5133333328125 0.541 0.5213333328124999 0.55 0.5306666671875 0.545 0.524 0.55 0.5233333328125
2 0.523 0.52 0.509 0.508 0.493 0.508 0.49000000000000005 0.536 0.501 0.54 0.5309999999999999 0.5386666671875 0.523 0.52
2 0.43899999999999995 0.47866666718750006 0.442 0.476 0.43899999999999995 0.46666666718750005 0.43899999999999995 0.47866666718750006
2 0.16799999999999998 0.21200000000000002 0.16399999999999998 0.2106666671875 0.158 0.2186666671875 0.16699999999999998 0.22799999999999998 0.16999999999999998 0.2226666671875 0.16799999999999998 0.21200000000000002
2 0.21600000000000003 0.2106666671875 0.20600000000000002 0.20400000000000001 0.20299999999999999 0.20800000000000002 0.209 0.21600000000000003 0.21600000000000003 0.21600000000000003 0.21600000000000003 0.2106666671875
2 0.129 0.156 0.12 0.1573333328125 0.119 0.16399999999999998 0.15 0.2 0.16 0.1933333328125 0.16399999999999998 0.184 0.172 0.188 0.189 0.188 0.194 0.18 0.223 0.184 0.23900000000000002 0.17466666718749999 0.246 0.17466666718749999 0.248 0.16799999999999998 0.268 0.1546666671875 0.275 0.13999999999999999 0.27999999999999997 0.13999999999999999 0.279 0.128 0.261 0.1346666671875 0.25 0.1226666671875 0.21800000000000003 0.128 0.21200000000000002 0.1346666671875 0.19 0.1346666671875 0.188 0.1306666671875 0.184 0.1346666671875 0.181 0.1306666671875 0.178 0.136 0.172 0.12933333281249998 0.172 0.11200000000000002 0.155 0.0986666671875 0.145 0.1 0.136 0.10800000000000001 0.133 0.1186666671875 0.129 0.1146666671875 0.126 0.1186666671875 0.126 0.1266666671875 0.131 0.128 0.131 0.152 0.129 0.156
2 0.13999999999999999 0.0933333328125 0.143 0.096 0.141 0.088 0.13999999999999999 0.0933333328125
2 0.13799999999999998 0.08 0.136 0.08399999999999999 0.143 0.0866666671875 0.143 0.0826666671875 0.13799999999999998 0.08
2 0.227 0.0466666671875 0.22400000000000003 0.052000000000000005 0.22149999999999997 0.0466666671875 0.21600000000000003 0.0466666671875 0.21000000000000002 0.049333332812500005 0.22599999999999998 0.05600000000000001 0.24100000000000002 0.048 0.227 0.0466666671875
2 0.633 0.384 0.63 0.388 0.632 0.3906666671875 0.635 0.388 0.633 0.384
2 0.783 0.3906666671875 0.786 0.3946666671875 0.795 0.3906666671875 0.792 0.384 0.795 0.368 0.791 0.364 0.764 0.356 0.744 0.356 0.741 0.352 0.744 0.344 0.732 0.344 0.731 0.37466666718749997 0.737 0.388 0.767 0.388 0.783 0.3906666671875
2 0.647 0.4106666671875 0.71 0.41200000000000003 0.716 0.4066666671875 0.713 0.3973333328125 0.716 0.388 0.712 0.36666666718749996 0.704 0.364 0.7 0.368 0.6980000000000001 0.3826666671875 0.686 0.388 0.6809999999999999 0.384 0.6839999999999999 0.3586666671875 0.675 0.3466666671875 0.665 0.3466666671875 0.653 0.33999999999999997 0.648 0.3453333328125 0.646 0.3573333328125 0.648 0.37333333281250003 0.642 0.3933333328125 0.643 0.4066666671875 0.647 0.4106666671875
2 0.321 0.532 0.34900000000000003 0.5386666671875 0.41200000000000003 0.54 0.418 0.5266666671875 0.425 0.524 0.43200000000000005 0.48 0.421 0.45866666718750004 0.314 0.45199999999999996 0.305 0.46799999999999997 0.303 0.48666666718749996 0.296 0.504 0.294 0.5186666671875 0.29900000000000004 0.5306666671875 0.305 0.5346666671875 0.321 0.532
2 0.809375 0.54140625 0.00078125 0.00234375
2 0.774 0.5426666671875 0.7849999999999999 0.5426666671875 0.786 0.5333333328125 0.791 0.5306666671875 0.79 0.5226666671875 0.8 0.5266666671875 0.8 0.496 0.787 0.5 0.786 0.5186666671875 0.782 0.5106666671875 0.778 0.5173333328124999 0.778 0.512 0.771 0.512 0.773 0.5146666671875 0.764 0.532 0.771 0.536 0.774 0.5426666671875
2 0.521 0.476 0.518 0.48 0.5269999999999999 0.48666666718749996 0.532 0.472 0.528 0.46266666718750005 0.523 0.45999999999999996 0.519 0.472 0.513 0.46266666718750005 0.513 0.46666666718750005 0.521 0.476
2 0.739 0.3866666671875 0.74 0.404 0.744 0.40800000000000003 0.75 0.47866666718750006 0.754 0.484 0.776 0.48266666718750006 0.787 0.48666666718749996 0.796 0.476 0.796 0.45466666718750004 0.791 0.43333333281249997 0.8009999999999999 0.43200000000000005 0.808 0.41600000000000004 0.8 0.38 0.796 0.376 0.795 0.3466666671875 0.776 0.32799999999999996 0.772 0.312 0.764 0.3026666671875 0.755 0.304 0.749 0.312 0.7424999999999999 0.312 0.741 0.3173333328125 0.736 0.312 0.731 0.3186666671875 0.734 0.32799999999999996 0.731 0.37466666718749997 0.739 0.3866666671875
2 0.47265625 0.27421875 0.00234375 0.00390625
2 0.5515625 0.21953125 0.00078125 0.0015625
2 0.5660000000000001 0.2106666671875 0.5660000000000001 0.21600000000000003 0.5700000000000001 0.21600000000000003 0.5660000000000001 0.2106666671875
2 0.47400000000000003 0.244 0.46900000000000003 0.244 0.503 0.24533333281249997 0.507 0.2506666671875 0.49400000000000005 0.2666666671875 0.481 0.2746666671875 0.483 0.2866666671875 0.476 0.284 0.479 0.296 0.476 0.2984 0.47400000000000003 0.324 0.477 0.3306666671875 0.47000000000000003 0.33999999999999997 0.46900000000000003 0.3546666671875 0.47400000000000003 0.3586666671875 0.472 0.36266666718749996 0.479 0.376 0.479 0.388 0.472 0.4 0.472 0.41200000000000003 0.483 0.4346666671875 0.49800000000000005 0.42800000000000005 0.522 0.43200000000000005 0.529 0.44800000000000006 0.55 0.46799999999999997 0.55 0.47866666718750006 0.5599999999999999 0.508 0.5730000000000001 0.5106666671875 0.5740000000000001 0.5146666671875 0.601 0.5186666671875 0.611 0.5146666671875 0.621 0.524 0.624 0.536 0.642 0.536 0.647 0.528 0.657 0.524 0.659 0.528 0.666 0.5226666671875 0.669 0.5186666671875 0.671 0.4853333328125 0.6769999999999999 0.476 0.6839999999999999 0.472 0.7230000000000001 0.47066666718750005 0.725 0.45599999999999996 0.72 0.4186666671875 0.713 0.3973333328125 0.7110000000000001 0.36266666718749996 0.7030000000000001 0.36266666718749996 0.6990000000000001 0.3906666671875 0.6940000000000001 0.4 0.6839999999999999 0.4026666671875 0.6769999999999999 0.392 0.6759999999999999 0.38133333281250004 0.6799999999999999 0.368 0.6759999999999999 0.364 0.6809999999999999 0.36266666718749996 0.6809999999999999 0.356 0.6759999999999999 0.3506666671875 0.6769999999999999 0.3493333328125 0.675 0.344 0.6849999999999999 0.3306666671875 0.6799999999999999 0.324 0.6849999999999999 0.3186666671875 0.6849999999999999 0.312 0.679 0.31466666718749997 0.675 0.308 0.671 0.308 0.667 0.316 0.665 0.312 0.6599999999999999 0.316 0.653 0.31066666718749997 0.647 0.312 0.639 0.296 0.621 0.2986666671875 0.619 0.2866666671875 0.615 0.288 0.608 0.2826666671875 0.61 0.2786666671875 0.607 0.2746666671875 0.611 0.272 0.612 0.26 0.61 0.25466666718750003 0.602 0.2506666671875 0.605 0.24 0.585 0.2226666671875 0.5730000000000001 0.22400000000000003 0.564 0.2306666671875 0.5509999999999999 0.22400000000000003 0.548 0.2293333328125 0.545 0.2186666671875 0.536 0.2186666671875 0.528 0.2106666671875 0.512 0.2106666671875 0.506 0.22000000000000003 0.5 0.2146666671875 0.493 0.2226666671875 0.49000000000000005 0.21600000000000003 0.476 0.22000000000000003 0.476 0.2253333328125 0.47000000000000003 0.22400000000000003 0.46699999999999997 0.23199999999999998 0.47400000000000003 0.23733333281250002 0.47400000000000003 0.244
2 0.465 0.1266666671875 0.46699999999999997 0.1346666671875 0.46799999999999997 0.1266666671875 0.465 0.1266666671875
2 0.542 0.1146666671875 0.546 0.1186666671875 0.546 0.1146666671875 0.542 0.1146666671875
2 0.657 0.41200000000000003 0.713 0.4106666671875 0.712 0.368 0.702 0.368 0.702 0.37733333281250003 0.6980000000000001 0.38533333281250004 0.686 0.3986666671875 0.6809999999999999 0.3986666671875 0.6809999999999999 0.3586666671875 0.666 0.356 0.662 0.344 0.657 0.33999999999999997 0.649 0.344 0.648 0.3493333328125 0.648 0.376 0.642 0.3906666671875 0.644 0.40800000000000003 0.657 0.41200000000000003
2 0 0.0866666671875 0.014000000000000002 0.1 0.014000000000000002 0.10800000000000001 0.051000000000000004 0.1426666671875 0.065 0.16399999999999998 0.122 0.22799999999999998 0.128 0.23199999999999998 0.154 0.22799999999999998 0.155 0.21600000000000003 0.124 0.1813333328125 0.09 0.132 0.064 0.10400000000000001 0.063 0.096 0.056999999999999995 0.0946666671875 0.046 0.076 0.028000000000000004 0.0586666671875 0.016 0.036 0.012 0.0346666671875 0 0.0346666671875 0 0.0866666671875
2 0.58359375 0.4609375 0.00078125 0.00390625
2 0.5780000000000001 0.46399999999999997 0.5780000000000001 0.45599999999999996 0.572 0.46266666718750005 0.5690000000000001 0.45599999999999996 0.5690000000000001 0.46266666718750005 0.5780000000000001 0.46399999999999997
2 0.55546875 0.43359375 0.00078125 0.00234375
2 0.577 0.24 0.587 0.2346666671875 0.583 0.2306666671875 0.577 0.24
2 0.476 0.244 0.47400000000000003 0.236 0.47800000000000004 0.23199999999999998 0.48600000000000004 0.244 0.483 0.25466666718750003 0.49000000000000005 0.25866666718750003 0.479 0.2746666671875 0.47400000000000003 0.268 0.472 0.2706666671875 0.476 0.2746666671875 0.472 0.2793333328125 0.476 0.3293333328125 0.46900000000000003 0.344 0.472 0.368 0.483 0.38533333281250004 0.481 0.392 0.476 0.3946666671875 0.47400000000000003 0.404 0.476 0.4226666671875 0.48600000000000004 0.43200000000000005 0.488 0.42800000000000005 0.511 0.42800000000000005 0.514 0.42400000000000004 0.518 0.42800000000000005 0.536 0.4306666671875 0.5469999999999999 0.4266666671875 0.5559999999999999 0.4306666671875 0.5589999999999999 0.42800000000000005 0.561 0.4346666671875 0.572 0.4346666671875 0.577 0.44400000000000006 0.5730000000000001 0.43600000000000005 0.58 0.4306666671875 0.587 0.4346666671875 0.591 0.42800000000000005 0.6 0.43200000000000005 0.615 0.42800000000000005 0.614 0.42000000000000004 0.606 0.4106666671875 0.606 0.4 0.619 0.356 0.629 0.344 0.623 0.33599999999999997 0.616 0.344 0.61 0.3386666671875 0.612 0.316 0.602 0.3066666671875 0.597 0.2626666671875 0.584 0.252 0.5700000000000001 0.252 0.5690000000000001 0.23866666718750001 0.5559999999999999 0.236 0.554 0.2146666671875 0.549 0.2106666671875 0.5269999999999999 0.20800000000000002 0.514 0.2146666671875 0.485 0.2186666671875 0.472 0.2266666671875 0.46900000000000003 0.2306666671875 0.46900000000000003 0.244 0.47400000000000003 0.24 0.476 0.244
2 0 0.268 0.004 0.2746666671875 0.017 0.272 0.019 0.268 0.026000000000000002 0.2706666671875 0.048 0.26 0.052000000000000005 0.264 0.071 0.264 0.086 0.25866666718750003 0.086 0.23199999999999998 0.081 0.22799999999999998 0.072 0.22799999999999998 0.068 0.22400000000000003 0.063 0.22799999999999998 0.027000000000000003 0.2266666671875 0.024 0.21600000000000003 0.028999999999999998 0.2066666671875 0.028000000000000004 0.2026666671875 0.003 0.20400000000000001 0 0.21600000000000003 0.004 0.22400000000000003 0 0.23866666718750001 0 0.268
2 0.786 0.3946666671875 0.795 0.3906666671875 0.796 0.372 0.791 0.364 0.755 0.36 0.75 0.356 0.734 0.3586666671875 0.732 0.37466666718749997 0.737 0.3866666671875 0.762 0.384 0.786 0.3946666671875
2 0.671 0.52 0.675 0.5226666671875 0.6719999999999999 0.512 0.671 0.52
2 0.629 0.45119999999999993 0.633 0.45599999999999996 0.629 0.4589333328125 0.629 0.46666666718750005 0.634 0.476 0.63 0.48 0.63 0.492 0.637 0.5 0.667 0.49466666718749996 0.671 0.48266666718750006 0.6809999999999999 0.472 0.6799999999999999 0.46666666718750005 0.691333 0.46666666718750005 0.6940000000000001 0.472 0.7230000000000001 0.472 0.725 0.46799999999999997 0.722 0.4266666671875 0.717 0.41333333281250006 0.712 0.36266666718749996 0.7030000000000001 0.356 0.697 0.388 0.6910000000000001 0.3946666671875 0.686 0.3946666671875 0.6799999999999999 0.38533333281250004 0.6839999999999999 0.356 0.675 0.33599999999999997 0.6719999999999999 0.33599999999999997 0.67 0.3426666671875 0.6519999999999999 0.33999999999999997 0.633 0.36 0.632 0.37466666718749997 0.62 0.38133333281250004 0.617 0.4106666671875 0.621 0.4226666671875 0.629 0.42800000000000005 0.629 0.45119999999999993
2 0.6809999999999999 0.3186666671875 0.683 0.316 0.6799999999999999 0.3133333328125 0.6809999999999999 0.3186666671875
2 0.74 0.312 0.736 0.3173333328125 0.734 0.312 0.728 0.316 0.726 0.32 0.732 0.32799999999999996 0.741 0.324 0.74 0.312
2 0.745 0.44800000000000006 0.748 0.47866666718750006 0.754 0.48666666718749996 0.754 0.5426666671875 0.762 0.5466666671875 0.772 0.544 0.783 0.548 0.8140000000000001 0.548 0.8150000000000001 0.5173333328124999 0.8140000000000001 0.508 0.8099999999999999 0.5066666671875 0.8140000000000001 0.48 0.8099999999999999 0.476 0.7969999999999999 0.476 0.8 0.45599999999999996 0.792 0.4386666671875 0.794 0.4346666671875 0.8 0.4346666671875 0.8009999999999999 0.42000000000000004 0.805 0.41600000000000004 0.8 0.4106666671875 0.8 0.40533333281250006 0.805 0.4026666671875 0.805 0.3946666671875 0.8009999999999999 0.3906666671875 0.796 0.3506666671875 0.788 0.33999999999999997 0.783 0.33999999999999997 0.779 0.3346666671875 0.773 0.33599999999999997 0.768 0.324 0.768 0.312 0.758 0.304 0.75 0.3066666671875 0.748 0.312 0.754 0.3173333328125 0.75 0.324 0.742 0.3266666671875 0.739 0.33599999999999997 0.731 0.3373333328125 0.731 0.376 0.739 0.392 0.742 0.44400000000000006 0.745 0.44800000000000006
2 0.917 0.45866666718750004 0.916 0.472 0.901 0.49066666718749996 0.9039999999999999 0.5026666671875 0.908 0.508 0.9189999999999999 0.508 0.922 0.5146666671875 0.933 0.5186666671875 0.9349999999999999 0.528 0.945 0.5266666671875 0.9490000000000001 0.5186666671875 0.966 0.528 0.9630000000000001 0.5226666671875 0.966 0.52 0.959 0.5066666671875 0.954 0.48266666718750006 0.9480000000000001 0.4733333328125 0.945 0.45599999999999996 0.93 0.4346666671875 0.93 0.41200000000000003 0.925 0.41200000000000003 0.9259999999999999 0.4226666671875 0.923 0.4266666671875 0.916 0.42800000000000005 0.916 0.4346666671875 0.921 0.4373333328125 0.9199999999999999 0.45599999999999996 0.917 0.45866666718750004
2 0.497 0.3306666671875 0.495 0.33599999999999997 0.5 0.348 0.501 0.32799999999999996 0.497 0.3306666671875
2 0.532 0.292 0.532 0.3066666671875 0.536 0.3 0.5349999999999999 0.292 0.532 0.292
2 0.52265625 0.28515625 0.00078125 0.00234375
2 0.5269999999999999 0.27599999999999997 0.526 0.2826666671875 0.537 0.2786666671875 0.5349999999999999 0.2746666671875 0.5269999999999999 0.27599999999999997
2 0.55703125 0.26328125 0.00234375 0.0015625
2 0.524 0.3506666671875 0.5309999999999999 0.3586666671875 0.529 0.36266666718749996 0.533 0.3866666671875 0.532 0.4106666671875 0.5269999999999999 0.4226666671875 0.546 0.4226666671875 0.558 0.4106666671875 0.561 0.42000000000000004 0.5650000000000001 0.41333333281250006 0.5690000000000001 0.41333333281250006 0.568 0.42000000000000004 0.5740000000000001 0.42800000000000005 0.605 0.43200000000000005 0.613 0.4226666671875 0.615 0.42800000000000005 0.607 0.38533333281250004 0.61 0.3693333328125 0.615 0.37066666718749997 0.619 0.364 0.621 0.3506666671875 0.613 0.3453333328125 0.609 0.3373333328125 0.611 0.3186666671875 0.602 0.3066666671875 0.5980000000000001 0.292 0.593 0.2946666671875 0.5900000000000001 0.2906666671875 0.592 0.2866666671875 0.588 0.2826666671875 0.597 0.2786666671875 0.597 0.272 0.583 0.268 0.5730000000000001 0.272 0.5690000000000001 0.264 0.5599999999999999 0.264 0.564 0.272 0.5740000000000001 0.2733333328125 0.575 0.2786666671875 0.587 0.2853333328125 0.592 0.2986666671875 0.589 0.3026666671875 0.587 0.3 0.5860000000000001 0.30533333281249997 0.5820000000000001 0.3 0.579 0.3026666671875 0.5860000000000001 0.3066666671875 0.5860000000000001 0.31466666718749997 0.5740000000000001 0.316 0.571 0.31066666718749997 0.5660000000000001 0.31066666718749997 0.564 0.316 0.546 0.316 0.536 0.312 0.532 0.3413333328125 0.5269999999999999 0.33999999999999997 0.523 0.344 0.524 0.3506666671875
2 0.9390000000000001 0.96 0.9400000000000001 0.9706666671875 0.953 0.9946666671875001 0.991 0.9986666671875 0.999 0.9906666671875 0.999 0.836 0.9960000000000001 0.8333333328125001 0.999 0.828 0.999 0.7866666671875 0.9890000000000001 0.7586666671875 0.9720000000000001 0.728 0.945 0.7266666671875 0.9259999999999999 0.7453333328125 0.913 0.796 0.9119999999999999 0.8586666671875 0.922 0.9146666671875 0.93 0.9426666671874999 0.9390000000000001 0.96
2 0.866 0.5546666671875 0.8779999999999999 0.5346666671875 0.8880000000000001 0.488 0.8880000000000001 0.4186666671875 0.884 0.4106666671875 0.882 0.388 0.873 0.3653333328125 0.8640000000000001 0.364 0.853 0.372 0.8470000000000001 0.384 0.833 0.43600000000000005 0.833 0.49466666718749996 0.8390000000000001 0.536 0.851 0.5559999999999999 0.866 0.5546666671875
2 0.9470000000000001 0.6986666671874999 0.952 0.6946666671874999 0.952 0.6906666671874999 0.9490000000000001 0.692 0.944 0.7 0.945 0.704 0.9490000000000001 0.7026666671874999 0.9470000000000001 0.6986666671874999
2 0.952 0.6746666671875 0.9490000000000001 0.6786666671875 0.953 0.6826666671875 0.9550000000000001 0.6759999999999999 0.952 0.6746666671875
2 0.96875 0.6296875 0.00234375 0.00234375
2 0.833 0.4933333328125 0.837 0.5013333328125 0.842 0.544 0.852 0.5586666671875 0.8699999999999999 0.5559999999999999 0.866 0.564 0.865 0.6346666671875 0.876 0.7026666671874999 0.89 0.74 0.9029999999999999 0.748 0.9119999999999999 0.7466666671875 0.925 0.736 0.9349999999999999 0.7146666671874999 0.944 0.6799999999999999 0.945 0.6453333328124999 0.953 0.6386666671875 0.953 0.6293333328124999 0.958 0.6266666671875 0.958 0.6186666671875 0.9640000000000001 0.6213333328124999 0.966 0.6266666671875 0.97 0.62 0.97 0.6146666671875 0.9640000000000001 0.6106666671875 0.961 0.6 0.952 0.596 0.944 0.5813333328125 0.9480000000000001 0.572 0.9480000000000001 0.5613333328125 0.954 0.5559999999999999 0.9490000000000001 0.548 0.953 0.54 0.9570000000000001 0.54 0.954 0.5386666671875 0.9460000000000001 0.5466666671875 0.9410000000000001 0.544 0.9400000000000001 0.532 0.953 0.5026666671875 0.953 0.49466666718749996 0.9480000000000001 0.48666666718749996 0.9490000000000001 0.47866666718750006 0.945 0.47466666718750006 0.9339999999999999 0.44000000000000006 0.9259999999999999 0.4306666671875 0.93 0.4186666671875 0.925 0.4106666671875 0.925 0.4 0.9119999999999999 0.3826666671875 0.9099999999999999 0.36 0.8869999999999999 0.3346666671875 0.884 0.33999999999999997 0.8789999999999999 0.33999999999999997 0.869 0.36266666718749996 0.861 0.364 0.851 0.37466666718749997 0.8470000000000001 0.384 0.845 0.404 0.837 0.42400000000000004 0.837 0.43333333281249997 0.833 0.44000000000000006 0.833 0.45466666718750004 0.829 0.46666666718750005 0.833 0.4773333328125 0.833 0.4933333328125
2 0.229 0.07466666718750001 0.24300000000000002 0.07466666718750001 0.266 0.0506666671875 0.248 0.044 0.193 0.04 0.192 0.049333332812500005 0.196 0.0546666671875 0.21600000000000003 0.0706666671875 0.229 0.07466666718750001
2 0.294 0.04 0.29300000000000004 0.0466666671875 0.3 0.0466666671875 0.303 0.0426666671875 0.294 0.04
2 0.149 0.068 0.158 0.05600000000000001 0.162 0.0426666671875 0.159 0.038666667187499996 0.125 0.0346666671875 0.078 0.036 0.076 0.038666667187499996 0.086 0.0466666671875 0.131 0.0706666671875 0.149 0.068
2 0 0.2906666671875 0.063 0.288 0.068 0.284 0.072 0.272 0.078 0.272 0.086 0.2626666671875 0.086 0.23199999999999998 0.08299999999999999 0.22799999999999998 0.071 0.22799999999999998 0.071 0.2186666671875 0.067 0.21200000000000002 0.049 0.2133333328125 0.032 0.2 0.007000000000000001 0.2 0 0.20400000000000001 0 0.2906666671875
2 0.39921875 0.34921875 0.00234375 0.00234375
2 0.298 0.344 0.377 0.3506666671875 0.396 0.3426666671875 0.4 0.3466666671875 0.40800000000000003 0.33599999999999997 0.421 0.3346666671875 0.43 0.3 0.425 0.2893333328125 0.42400000000000004 0.264 0.414 0.25866666718750003 0.409 0.24666666718750002 0.361 0.244 0.33799999999999997 0.24666666718750002 0.333 0.252 0.329 0.24666666718750002 0.317 0.24666666718750002 0.318 0.252 0.303 0.25466666718750003 0.301 0.26 0.307 0.2706666671875 0.307 0.2786666671875 0.298 0.284 0.296 0.2906666671875 0.28900000000000003 0.296 0.282 0.316 0.27999999999999997 0.33199999999999996 0.28300000000000003 0.3426666671875 0.28900000000000003 0.3466666671875 0.298 0.344
2 0.087 0 0.08199999999999999 0.004 0.06999999999999999 0 0.003 0.0013333328125 0 0.008 0 0.032 0.065 0.032 0.29300000000000004 0.048 0.3 0.0466666671875 0.312 0.0226666671875 0.31 0 0.087 0
2 0.344 0.536 0.40700000000000003 0.54 0.41100000000000003 0.5386666671875 0.413 0.5213333328124999 0.421 0.5186666671875 0.421 0.5226666671875 0.425 0.5186666671875 0.409 0.5146666671875 0.403 0.5226666671875 0.395 0.52 0.395 0.5013333328125 0.40099999999999997 0.5 0.403 0.492 0.41100000000000003 0.49466666718749996 0.414 0.48266666718750006 0.42300000000000004 0.47866666718750006 0.421 0.45999999999999996 0.395 0.45599999999999996 0.389 0.45866666718750004 0.381 0.45466666718750004 0.312 0.45466666718750004 0.298 0.5026666671875 0.296 0.5226666671875 0.303 0.532 0.33799999999999997 0.532 0.344 0.536
2 0.4453125 0.334375 0.00234375 0.0078125
2 0.277 0.3346666671875 0.27999999999999997 0.344 0.28700000000000003 0.3506666671875 0.282 0.37466666718749997 0.27 0.4066666671875 0.27 0.41600000000000004 0.277 0.4306666671875 0.282 0.4346666671875 0.361 0.4386666671875 0.367 0.44800000000000006 0.383 0.44800000000000006 0.397 0.44400000000000006 0.40599999999999997 0.42933333281249997 0.414 0.42400000000000004 0.418 0.4066666671875 0.417 0.38 0.42300000000000004 0.3786666671875 0.43899999999999995 0.36 0.43499999999999994 0.3293333328125 0.43899999999999995 0.324 0.44400000000000006 0.324 0.45599999999999996 0.296 0.45599999999999996 0.2906666671875 0.44800000000000006 0.292 0.446 0.2826666671875 0.43499999999999994 0.2826666671875 0.43200000000000005 0.2786666671875 0.43899999999999995 0.268 0.433 0.2653333328125 0.42800000000000005 0.252 0.418 0.2506666671875 0.41100000000000003 0.244 0.3 0.244 0.28900000000000003 0.24666666718750002 0.273 0.264 0.277 0.272 0.275 0.292 0.284 0.3 0.277 0.3346666671875
2 0.31 0.22400000000000003 0.314 0.2226666671875 0.314 0.21600000000000003 0.301 0.2186666671875 0.3 0.2226666671875 0.303 0.22400000000000003 0.306 0.2186666671875 0.31 0.22400000000000003
2 0.355 0.22400000000000003 0.358 0.22799999999999998 0.379 0.22400000000000003 0.386 0.2306666671875 0.393 0.22400000000000003 0.42800000000000005 0.22400000000000003 0.437 0.21600000000000003 0.43899999999999995 0.2026666671875 0.446 0.192 0.446 0.18 0.43899999999999995 0.172 0.437 0.1546666671875 0.43200000000000005 0.148 0.337 0.14666666718750002 0.321 0.152 0.312 0.16399999999999998 0.312 0.1946666671875 0.324 0.2186666671875 0.32999999999999996 0.22400000000000003 0.355 0.22400000000000003
2 0.899 0.788 0.9029999999999999 0.792 0.9019999999999999 0.788 0.899 0.788
2 0.8480000000000001 0.5546666671875 0.86 0.5613333328125 0.8560000000000001 0.5706666671875 0.866 0.576 0.865 0.6373333328124999 0.876 0.712 0.889 0.74 0.898 0.7466666671875 0.9099999999999999 0.748 0.9189999999999999 0.76 0.9119999999999999 0.7906666671875 0.9119999999999999 0.8586666671875 0.922 0.9186666671875001 0.9410000000000001 0.9800000000000001 0.9400000000000001 0.9906666671875 0.9480000000000001 0.9946666671875001 0.9949999999999999 0.9946666671875001 0.999 0.9906666671875 0.999 0.9346666671875001 0.9960000000000001 0.932 0.999 0.9279999999999999 0.999 0.852 0.991 0.8466666671875 0.991 0.8400000000000001 0.9949999999999999 0.8386666671875 0.9949999999999999 0.8293333328125 0.999 0.828 0.999 0.7906666671875 0.9960000000000001 0.788 0.994 0.7626666671875 0.9810000000000001 0.74 0.9869999999999999 0.7226666671875 0.992 0.7226666671875 0.999 0.712 0.991 0.7013333328125 0.9949999999999999 0.6946666671874999 0.9949999999999999 0.6746666671875 0.99 0.6626666671875 0.994 0.6559999999999999 0.986 0.6333333328124999 0.99 0.628 0.986 0.6226666671875 0.99 0.62 0.99 0.6106666671875 0.984 0.6106666671875 0.978 0.6013333328125 0.985 0.596 0.9869999999999999 0.58 0.9720000000000001 0.5813333328125 0.977 0.5666666671875 0.9720000000000001 0.5466666671875 0.975 0.5346666671875 0.9710000000000001 0.52 0.966 0.512 0.962 0.5146666671875 0.958 0.5106666671875 0.9570000000000001 0.49466666718749996 0.9400000000000001 0.45066666718750004 0.933 0.41200000000000003 0.9269999999999999 0.4066666671875 0.924 0.3866666671875 0.9189999999999999 0.38133333281250004 0.9189999999999999 0.372 0.913 0.368 0.9109999999999999 0.3506666671875 0.897 0.324 0.875 0.3266666671875 0.8789999999999999 0.3346666671875 0.8710000000000001 0.344 0.874 0.348 0.8699999999999999 0.3506666671875 0.8699999999999999 0.36 0.851 0.37466666718749997 0.837 0.42400000000000004 0.837 0.43333333281249997 0.833 0.4386666671875 0.829 0.46666666718750005 0.837 0.5 0.841 0.5386666671875 0.8480000000000001 0.5546666671875
2 0.28900000000000003 0.0586666671875 0.29300000000000004 0.064 0.29300000000000004 0.0586666671875 0.28900000000000003 0.0586666671875
2 0.046 0 0.041999999999999996 0.004 0.01 0 0.004 0.004 0 0.0106666671875 0 0.0266666671875 0.01 0.032 0.074 0.0346666671875 0.094 0.0506666671875 0.136 0.0706666671875 0.146 0.068 0.155 0.0546666671875 0.16 0.038666667187499996 0.19 0.04 0.197 0.0546666671875 0.21800000000000003 0.0706666671875 0.233 0.07466666718750001 0.24700000000000003 0.0706666671875 0.264 0.0506666671875 0.269 0.049333332812500005 0.272 0.05600000000000001 0.273 0.0533333328125 0.27999999999999997 0.0586666671875 0.281 0.048 0.3 0.048 0.312 0.0333333328125 0.314 0.04 0.31 0.0466666671875 0.323 0.0586666671875 0.337 0.05600000000000001 0.33999999999999997 0.052000000000000005 0.361 0.0586666671875 0.394 0.048 0.41900000000000004 0.0466666671875 0.44000000000000006 0.0346666671875 0.453 0.0426666671875 0.453 0.004 0.426 0 0.094 0 0.079 0.0106666671875 0.059 0 0.046 0
2 0.333 0 0.333 0.0266666671875 0.344 0.04 0.351 0.05600000000000001 0.42300000000000004 0.0426666671875 0.42800000000000005 0.036 0.42800000000000005 0.008 0.43200000000000005 0.004 0.43200000000000005 0 0.333 0
2 0.421 0.37466666718749997 0.425 0.37466666718749997 0.42300000000000004 0.37066666718749997 0.421 0.37466666718749997
2 0.43499999999999994 0.3506666671875 0.42800000000000005 0.3506666671875 0.43 0.36 0.43499999999999994 0.36 0.43499999999999994 0.3506666671875
2 0.45599999999999996 0.2906666671875 0.449 0.292 0.44400000000000006 0.296 0.44400000000000006 0.3026666671875 0.45099999999999996 0.3066666671875 0.45599999999999996 0.2906666671875
2 0.27999999999999997 0.2986666671875 0.277 0.3 0.282 0.312 0.282 0.33999999999999997 0.29300000000000004 0.3466666671875 0.28700000000000003 0.3506666671875 0.284 0.37066666718749997 0.27 0.40800000000000003 0.27 0.41600000000000004 0.277 0.4306666671875 0.28700000000000003 0.4346666671875 0.325 0.4346666671875 0.33999999999999997 0.4386666671875 0.362 0.43600000000000005 0.365 0.44400000000000006 0.369 0.4453333328125 0.364 0.45466666718750004 0.312 0.45466666718750004 0.296 0.508 0.296 0.5226666671875 0.29900000000000004 0.5293333328125 0.359 0.536 0.367 0.54 0.41100000000000003 0.54 0.418 0.5266666671875 0.425 0.5266666671875 0.43 0.49466666718749996 0.425 0.46399999999999997 0.422 0.45866666718750004 0.398 0.45599999999999996 0.395 0.44800000000000006 0.40499999999999997 0.42800000000000005 0.414 0.4226666671875 0.41900000000000004 0.4 0.418 0.3866666671875 0.41100000000000003 0.3826666671875 0.41600000000000004 0.37466666718749997 0.41600000000000004 0.3586666671875 0.425 0.36 0.426 0.356 0.421 0.3573333328125 0.41900000000000004 0.352 0.42800000000000005 0.3426666671875 0.43200000000000005 0.33199999999999996 0.43200000000000005 0.2946666671875 0.446 0.2906666671875 0.441 0.2866666671875 0.442 0.2826666671875 0.433 0.2826666671875 0.43 0.2786666671875 0.426 0.2693333328125 0.425 0.2506666671875 0.41200000000000003 0.244 0.393 0.24666666718750002 0.375 0.24 0.33999999999999997 0.24666666718750002 0.29100000000000004 0.24666666718750002 0.273 0.268 0.277 0.2746666671875 0.275 0.2906666671875 0.27999999999999997 0.2986666671875
2 0.305 0.2186666671875 0.303 0.2226666671875 0.312 0.2226666671875 0.312 0.2186666671875 0.305 0.2186666671875
2 0.32734375 0.2015625 0.00234375 0.00234375
2 0.331 0.192 0.324 0.1946666671875 0.331 0.2 0.331 0.2053333328125 0.32599999999999996 0.20800000000000002 0.32799999999999996 0.22400000000000003 0.355 0.22400000000000003 0.362 0.22799999999999998 0.371 0.2186666671875 0.372 0.22400000000000003 0.379 0.22400000000000003 0.386 0.2306666671875 0.392 0.22400000000000003 0.398 0.22400000000000003 0.4 0.22799999999999998 0.40499999999999997 0.22400000000000003 0.409 0.22799999999999998 0.414 0.22400000000000003 0.42800000000000005 0.22400000000000003 0.42800000000000005 0.21600000000000003 0.43499999999999994 0.21200000000000002 0.44400000000000006 0.192 0.44400000000000006 0.18 0.442 0.17466666718749999 0.43499999999999994 0.172 0.43499999999999994 0.152 0.43200000000000005 0.1506666671875 0.352 0.148 0.333 0.1506666671875 0.32599999999999996 0.156 0.319 0.1666666671875 0.319 0.1826666671875 0.333 0.1866666671875 0.331 0.192
2 0.44400000000000006 0.1866666671875 0.43499999999999994 0.188 0.43200000000000005 0.19866666718749998 0.421 0.2026666671875 0.43899999999999995 0.2026666671875 0.44400000000000006 0.1866666671875
2 0.42421875 0.1875 0.003125 0.0015625
2 0.38984375 0.18515625 0.00234375 0.00234375
2 0.331 0.20400000000000001 0.341 0.188 0.344 0.192 0.38 0.192 0.386 0.17466666718749999 0.43899999999999995 0.17466666718749999 0.43899999999999995 0.1546666671875 0.42800000000000005 0.144 0.335 0.144 0.33199999999999996 0.148 0.321 0.148 0.31 0.1586666671875 0.307 0.16399999999999998 0.31 0.1946666671875 0.317 0.20800000000000002 0.331 0.20400000000000001
2 0.488 0.42800000000000005 0.488 0.4 0.483 0.38933333281250004 0.483 0.38 0.476 0.384 0.47400000000000003 0.3946666671875 0.47400000000000003 0.4226666671875 0.479 0.43200000000000005 0.485 0.4346666671875 0.488 0.42800000000000005
2 0.040999999999999995 0.0466666671875 0.046 0.0466666671875 0.043 0.044 0.040999999999999995 0.0466666671875
2 0.229 0.07466666718750001 0.24300000000000002 0.07466666718750001 0.252 0.068 0.264 0.0506666671875 0.24300000000000002 0.044 0.21400000000000002 0.0426666671875 0.19 0.0426666671875 0.19 0.048 0.20400000000000001 0.0626666671875 0.229 0.07466666718750001
2 0.05625 0.04296875 0.00078125 0.0015625
2 0.144 0.0706666671875 0.157 0.06 0.16 0.0626666671875 0.16299999999999998 0.044 0.158 0.038666667187499996 0.123 0.0346666671875 0.08349999999999999 0.036 0.08199999999999999 0.0426666671875 0.078 0.036 0.075 0.038666667187499996 0.086 0.0466666671875 0.131 0.0706666671875 0.144 0.0706666671875
2 0.146 0.068 0.157 0.0466666671875 0.156 0.04 0.128 0.036 0.08199999999999999 0.036 0.079 0.038666667187499996 0.087 0.0466666671875 0.136 0.0706666671875 0.146 0.068
2 0.199 0.9906666671875 0.209 0.9946666671875001 0.21400000000000002 0.9866666671875001 0.209 0.976 0.202 0.9720000000000001 0.187 0.9773333328125 0.185 0.9906666671875 0.192 0.9906666671875 0.194 0.9946666671875001 0.199 0.9906666671875
2 0.525 0.4733333328125 0.529 0.46799999999999997 0.524 0.45999999999999996 0.522 0.47066666718750005 0.528 0.47866666718750006 0.529 0.476 0.525 0.4733333328125
2 0.55 0.46799999999999997 0.55 0.47466666718750006 0.5599999999999999 0.484 0.5599999999999999 0.49066666718749996 0.564 0.4933333328125 0.561 0.504 0.564 0.508 0.584 0.508 0.592 0.5146666671875 0.616 0.5146666671875 0.62 0.5026666671875 0.62 0.44000000000000006 0.615 0.4346666671875 0.5740000000000001 0.43333333281249997 0.5559999999999999 0.42400000000000004 0.528 0.42800000000000005 0.524 0.43200000000000005 0.5269999999999999 0.44266666718750003 0.542 0.45466666718750004 0.55 0.46799999999999997
2 0.662 0.4026666671875 0.669 0.4106666671875 0.669 0.404 0.661 0.3946666671875 0.662 0.40133333281250005 0.6559999999999999 0.4066666671875 0.6599999999999999 0.4106666671875 0.662 0.4026666671875
2 0.6759999999999999 0.4106666671875 0.678 0.40533333281250006 0.682 0.4106666671875 0.697 0.4106666671875 0.6990000000000001 0.4066666671875 0.7070000000000001 0.4106666671875 0.709 0.4066666671875 0.7030000000000001 0.4026666671875 0.7030000000000001 0.368 0.6990000000000001 0.3613333328125 0.702 0.344 0.6940000000000001 0.344 0.6950000000000001 0.3346666671875 0.6980000000000001 0.3346666671875 0.692 0.3306666671875 0.675 0.3866666671875 0.6799999999999999 0.396 0.6799999999999999 0.404 0.674 0.40533333281250006 0.6759999999999999 0.4106666671875
2 0.528 0.536 0.522 0.5226666671875 0.514 0.5146666671875 0.497 0.5106666671875 0.493 0.516 0.49000000000000005 0.536 0.513 0.536 0.522 0.54 0.528 0.536
2 0.754 0.544 0.76 0.548 0.7809999999999999 0.5466666671875 0.7849999999999999 0.5506666671875 0.8140000000000001 0.548 0.819 0.5346666671875 0.819 0.524 0.8099999999999999 0.512 0.8019999999999999 0.5146666671875 0.787 0.5026666671875 0.7769999999999999 0.5106666671875 0.772 0.5066666671875 0.754 0.5066666671875 0.754 0.544
2 0.524 0.472 0.526 0.47866666718750006 0.5269999999999999 0.472 0.524 0.472
2 0.554 0.45466666718750004 0.563 0.46666666718750005 0.5599999999999999 0.47866666718750006 0.571 0.49466666718749996 0.5660000000000001 0.496 0.568 0.5 0.561 0.504 0.568 0.508 0.5650000000000001 0.5213333328124999 0.568 0.528 0.577 0.5266666671875 0.579 0.5226666671875 0.584 0.5266666671875 0.5940000000000001 0.5213333328124999 0.611 0.5226666671875 0.628 0.5426666671875 0.6599999999999999 0.536 0.667 0.528 0.679 0.524 0.679 0.5186666671875 0.671 0.5146666671875 0.6639999999999999 0.5013333328125 0.667 0.49466666718749996 0.6639999999999999 0.48666666718749996 0.638 0.49066666718749996 0.637 0.496 0.634 0.49466666718749996 0.623 0.5053333328125 0.616 0.5 0.611 0.4893333328125 0.615 0.48266666718750006 0.614 0.472 0.606 0.4653333328125 0.607 0.4573333328125 0.611 0.45999999999999996 0.612 0.45066666718750004 0.605 0.4386666671875 0.602 0.44400000000000006 0.595 0.43600000000000005 0.593 0.44266666718750003 0.5980000000000001 0.44666666718750003 0.597 0.4493333328125 0.583 0.45066666718750004 0.58 0.45599999999999996 0.5780000000000001 0.45199999999999996 0.5730000000000001 0.45466666718750004 0.568 0.45066666718750004 0.5559999999999999 0.45066666718750004 0.558 0.44266666718750003 0.5519999999999999 0.4346666671875 0.538 0.4346666671875 0.536 0.45466666718750004 0.5389999999999999 0.45199999999999996 0.546 0.45999999999999996 0.554 0.45466666718750004
2 0.337 0.2226666671875 0.34700000000000003 0.2226666671875 0.362 0.2106666671875 0.37 0.2106666671875 0.386 0.22400000000000003 0.40700000000000003 0.21600000000000003 0.42800000000000005 0.2186666671875 0.437 0.21600000000000003 0.43899999999999995 0.2026666671875 0.446 0.192 0.445 0.176 0.437 0.172 0.41900000000000004 0.172 0.41200000000000003 0.1666666671875 0.40599999999999997 0.172 0.391 0.172 0.388 0.16799999999999998 0.382 0.172 0.379 0.16799999999999998 0.367 0.16799999999999998 0.356 0.1586666671875 0.353 0.1666666671875 0.344 0.1666666671875 0.344 0.18 0.333 0.2066666671875 0.333 0.2186666671875 0.337 0.2226666671875
2 0.34700000000000003 0.156 0.34700000000000003 0.1626666671875 0.351 0.156 0.34700000000000003 0.156
2 0.386 0.156 0.391 0.1546666671875 0.388 0.152 0.386 0.156
2 0.363 0.5386666671875 0.41100000000000003 0.54 0.418 0.524 0.425 0.524 0.43 0.48266666718750006 0.426 0.47866666718750006 0.425 0.46399999999999997 0.42000000000000004 0.45866666718750004 0.314 0.45199999999999996 0.308 0.45999999999999996 0.298 0.49866666718749997 0.296 0.5226666671875 0.307 0.5346666671875 0.32999999999999996 0.532 0.363 0.5386666671875
2 0.29 0.3093333328125 0.286 0.3066666671875 0.284 0.31066666718749997 0.284 0.3386666671875 0.29100000000000004 0.3346666671875 0.29500000000000004 0.3386666671875 0.294 0.348 0.28700000000000003 0.3506666671875 0.284 0.37066666718749997 0.27 0.40800000000000003 0.27599999999999997 0.42933333281249997 0.29300000000000004 0.4346666671875 0.363 0.4346666671875 0.372 0.44266666718750003 0.395 0.44266666718750003 0.40499999999999997 0.43200000000000005 0.40700000000000003 0.42400000000000004 0.414 0.42000000000000004 0.418 0.392 0.409 0.3826666671875 0.41600000000000004 0.372 0.41600000000000004 0.36666666718749996 0.41200000000000003 0.3546666671875 0.40499999999999997 0.3493333328125 0.40499999999999997 0.3346666671875 0.409 0.32799999999999996 0.425 0.32799999999999996 0.42800000000000005 0.3186666671875 0.42400000000000004 0.31466666718749997 0.42800000000000005 0.3116666671875 0.42800000000000005 0.3046666671875 0.42300000000000004 0.3066666671875 0.42300000000000004 0.3026666671875 0.42800000000000005 0.2976666671875 0.42800000000000005 0.2906666671875 0.422 0.2706666671875 0.41900000000000004 0.27599999999999997 0.41600000000000004 0.2706666671875 0.40700000000000003 0.2706666671875 0.41200000000000003 0.26 0.41200000000000003 0.2506666671875 0.409 0.24666666718750002 0.36 0.244 0.33999999999999997 0.24666666718750002 0.339 0.2533333328125 0.335 0.24666666718750002 0.316 0.24666666718750002 0.319 0.252 0.317 0.256 0.306 0.2573333328125 0.301 0.2533333328125 0.3 0.24666666718750002 0.296 0.24666666718750002 0.284 0.26 0.282 0.2786666671875 0.277 0.288 0.27999999999999997 0.296 0.28900000000000003 0.296 0.29700000000000004 0.30533333281249997 0.29 0.3093333328125
2 0.34765625 0.15703125 0.00234375 0.00234375
2 0.362 0.22400000000000003 0.365 0.21600000000000003 0.377 0.21600000000000003 0.382 0.22400000000000003 0.388 0.22400000000000003 0.392 0.2133333328125 0.397 0.2106666671875 0.425 0.22000000000000003 0.43499999999999994 0.2106666671875 0.44400000000000006 0.188 0.442 0.176 0.418 0.172 0.386 0.17466666718749999 0.382 0.16933333281250001 0.391 0.1546666671875 0.39 0.1506666671875 0.381 0.152 0.38 0.16799999999999998 0.37 0.16799999999999998 0.371 0.1626666671875 0.369 0.1666666671875 0.367 0.1626666671875 0.361 0.1666666671875 0.363 0.152 0.358 0.152 0.352 0.16 0.351 0.16799999999999998 0.34199999999999997 0.172 0.33999999999999997 0.192 0.331 0.2106666671875 0.333 0.2226666671875 0.362 0.22400000000000003
2 0.575 0.236 0.5740000000000001 0.244 0.5780000000000001 0.244 0.579 0.23866666718750001 0.575 0.236
2 0.5 0.304 0.51 0.284 0.53 0.2853333328125 0.532 0.29333333281249996 0.54 0.3 0.546 0.312 0.55 0.312 0.542 0.3026666671875 0.554 0.296 0.554 0.27599999999999997 0.5509999999999999 0.272 0.5559999999999999 0.268 0.558 0.2573333328125 0.564 0.25466666718750003 0.5660000000000001 0.24 0.558 0.236 0.554 0.20400000000000001 0.529 0.20800000000000002 0.516 0.21600000000000003 0.49000000000000005 0.21600000000000003 0.47000000000000003 0.2266666671875 0.46699999999999997 0.2306666671875 0.46699999999999997 0.256 0.476 0.3186666671875 0.5 0.304
2 0.5 0.1906666671875 0.508 0.1866666671875 0.512 0.17466666718749999 0.518 0.176 0.518 0.184 0.554 0.1826666671875 0.5549999999999999 0.1373333328125 0.5589999999999999 0.1226666671875 0.5549999999999999 0.1146666671875 0.522 0.1146666671875 0.515 0.1306666671875 0.509 0.12933333281249998 0.504 0.1146666671875 0.46299999999999997 0.11599999999999999 0.462 0.1426666671875 0.46699999999999997 0.1866666671875 0.483 0.192 0.5 0.1906666671875
2 0.367 0.4386666671875 0.394 0.44000000000000006 0.4 0.4386666671875 0.40499999999999997 0.4266666671875 0.41200000000000003 0.4226666671875 0.414 0.4066666671875 0.40800000000000003 0.38133333281250004 0.414 0.37466666718749997 0.414 0.36 0.40700000000000003 0.352 0.348 0.3546666671875 0.343 0.3506666671875 0.28900000000000003 0.3506666671875 0.275 0.3906666671875 0.27 0.41600000000000004 0.279 0.43200000000000005 0.366 0.4346666671875 0.367 0.4386666671875
2 0.234375 0.065625 0.00390625 0.00234375
2 0.093 0 0.08499999999999999 0.004 0.072 0.004 0.068 0 0.003 0.0013333328125 0 0.008 0 0.0866666671875 0.027000000000000003 0.1146666671875 0.034999999999999996 0.128 0.040999999999999995 0.1306666671875 0.12 0.2266666671875 0.129 0.23199999999999998 0.153 0.22799999999999998 0.155 0.21600000000000003 0.11000000000000001 0.1653333328125 0.099 0.1453333328125 0.093 0.1426666671875 0.075 0.1186666671875 0.074 0.11200000000000002 0.065 0.1066666671875 0.064 0.0986666671875 0.05500000000000001 0.0933333328125 0.043 0.07466666718750001 0.032 0.0653333328125 0.020999999999999998 0.0506666671875 0.015 0.0346666671875 0.067 0.032 0.096 0.036 0.098 0.048 0.10500000000000001 0.044 0.11499999999999999 0.0586666671875 0.128 0.0666666671875 0.13899999999999998 0.068 0.15 0.05600000000000001 0.15 0.048 0.146 0.0453333328125 0.149 0.04 0.187 0.038666667187499996 0.195 0.0426666671875 0.248 0.048 0.3 0.048 0.312 0.024 0.31 0 0.093 0
2 0.307 0.316 0.305 0.32 0.308 0.324 0.31 0.3186666671875 0.307 0.316
2 0.31110344843750004 0.3291034484375 0.314 0.33199999999999996 0.314 0.344 0.317 0.3466666671875 0.386 0.3466666671875 0.397 0.33599999999999997 0.40199999999999997 0.3346666671875 0.404 0.3386666671875 0.40599999999999997 0.3266666671875 0.418 0.324 0.413 0.316 0.42800000000000005 0.3066666671875 0.425 0.264 0.41600000000000004 0.25866666718750003 0.409 0.24666666718750002 0.33999999999999997 0.24666666718750002 0.333 0.25866666718750003 0.32599999999999996 0.2506666671875 0.32799999999999996 0.248 0.321 0.24666666718750002 0.324 0.256 0.319 0.256 0.312 0.272 0.317 0.2946666671875 0.317 0.2986666671875 0.314 0.2986666671875 0.316 0.3226666671875 0.314 0.32799999999999996 0.31110344843750004 0.3291034484375
2 0.365 0.2186666671875 0.381 0.22400000000000003 0.404 0.2226666671875 0.40800000000000003 0.2186666671875 0.425 0.22000000000000003 0.43499999999999994 0.21600000000000003 0.43499999999999994 0.2093333328125 0.44400000000000006 0.192 0.44400000000000006 0.1786666671875 0.44000000000000006 0.17466666718749999 0.366 0.176 0.34900000000000003 0.172 0.34500000000000003 0.17466666718749999 0.344 0.184 0.333 0.20400000000000001 0.331 0.2186666671875 0.337 0.22400000000000003 0.362 0.22400000000000003 0.365 0.2186666671875
2 0.146 0.16399999999999998 0.16399999999999998 0.1226666671875 0.16299999999999998 0.10800000000000001 0.158 0.1 0.145 0.1 0.13 0.136 0.128 0.1506666671875 0.131 0.1586666671875 0.13999999999999999 0.1666666671875 0.146 0.16399999999999998
2 0.272 0.41600000000000004 0.277 0.42800000000000005 0.27999999999999997 0.42800000000000005 0.27999999999999997 0.4226666671875 0.275 0.41733333281249996 0.281667 0.41200000000000003 0.296 0.4106666671875 0.304 0.404 0.318 0.4066666671875 0.319 0.4106666671875 0.314 0.41600000000000004 0.32599999999999996 0.42133333281249996 0.32799999999999996 0.4266666671875 0.37 0.4266666671875 0.379 0.4066666671875 0.384 0.3786666671875 0.381 0.372 0.377 0.372 0.374 0.3866666671875 0.37 0.388 0.365 0.372 0.341 0.372 0.333 0.364 0.32999999999999996 0.37066666718749997 0.324 0.372 0.307 0.356 0.3 0.36 0.296 0.3506666671875 0.29100000000000004 0.3506666671875 0.28700000000000003 0.356 0.28900000000000003 0.36666666718749996 0.282 0.37466666718749997 0.275 0.3946666671875 0.275 0.404 0.272 0.4066666671875 0.27599999999999997 0.41200000000000003 0.272 0.41600000000000004
2 0.679 0.384 0.6825 0.3886666671875 0.6839999999999999 0.3786666671875 0.6809999999999999 0.37466666718749997 0.6799999999999999 0.3786666671875 0.679 0.384
2 0.679 0.392 0.6809999999999999 0.3986666671875 0.6823333328125 0.3897777765625 0.679 0.392
2 0.686 0.3466666671875 0.689 0.3426666671875 0.686 0.344 0.6849999999999999 0.368 0.686 0.3573333328125 0.689 0.3546666671875 0.686 0.3466666671875
2 0.728 0.3386666671875 0.731 0.37466666718749997 0.742 0.3986666671875 0.74 0.4066666671875 0.745 0.4 0.748 0.404 0.746 0.4066666671875 0.776 0.4106666671875 0.782 0.41600000000000004 0.782 0.4226666671875 0.792 0.43600000000000005 0.8099999999999999 0.4386666671875 0.8160000000000001 0.4493333328125 0.8230000000000001 0.45199999999999996 0.827 0.44400000000000006 0.827 0.43200000000000005 0.819 0.40133333281250005 0.8160000000000001 0.37333333281250003 0.8230000000000001 0.33999999999999997 0.819 0.3066666671875 0.8130000000000001 0.3 0.799 0.3 0.79 0.31066666718749997 0.784 0.312 0.782 0.304 0.769 0.3 0.764 0.2906666671875 0.746 0.2946666671875 0.734 0.292 0.73 0.3026666671875 0.7230000000000001 0.3066666671875 0.73 0.3306666671875 0.728 0.3386666671875
2 0.758 0.9039999999999999 0.762 0.8960000000000001 0.762 0.8800000000000001 0.758 0.868 0.753 0.8693333328125 0.75 0.8906666671875 0.753 0.8933333328125 0.754 0.9039999999999999 0.758 0.9039999999999999
2 0.737 0.9279999999999999 0.732 0.9133333328125 0.732 0.9 0.736 0.8866666671875001 0.732 0.8826666671875 0.731 0.8666666671875 0.722 0.868 0.712 0.892 0.709 0.9386666671875 0.717 0.9426666671874999 0.734 0.9426666671874999 0.737 0.9279999999999999
2 0.796 0.472 0.796 0.45599999999999996 0.7809999999999999 0.4186666671875 0.7769999999999999 0.4146666671875 0.742 0.4146666671875 0.74 0.4266666671875 0.75 0.48266666718750006 0.786 0.48666666718749996 0.796 0.472
2 0.6809999999999999 0.472 0.7230000000000001 0.472 0.725 0.46799999999999997 0.725 0.44666666718750003 0.717 0.41200000000000003 0.646 0.41200000000000003 0.629 0.43333333281249997 0.628 0.46666666718750005 0.634 0.484 0.671 0.48266666718750006 0.6809999999999999 0.472
2 0.284 0.3 0.284 0.31066666718749997 0.277 0.33199999999999996 0.282 0.348 0.323 0.3466666671875 0.40099999999999997 0.352 0.409 0.3466666671875 0.40800000000000003 0.33999999999999997 0.425 0.3386666671875 0.43200000000000005 0.3306666671875 0.42800000000000005 0.272 0.41200000000000003 0.252 0.41200000000000003 0.24666666718750002 0.314 0.244 0.29100000000000004 0.24666666718750002 0.282 0.256 0.279 0.2746666671875 0.275 0.27999999999999997 0.277 0.296 0.284 0.3
2 0.303 0.2186666671875 0.303 0.2226666671875 0.312 0.2186666671875 0.303 0.2186666671875
2 0.324 0.21600000000000003 0.335 0.22400000000000003 0.361 0.2266666671875 0.369 0.2213333328125 0.40099999999999997 0.22400000000000003 0.433 0.2186666671875 0.44400000000000006 0.192 0.44400000000000006 0.176 0.437 0.1706666671875 0.437 0.156 0.43200000000000005 0.148 0.331 0.148 0.317 0.16 0.312 0.1666666671875 0.312 0.1946666671875 0.323 0.2013333328125 0.324 0.21600000000000003
2 0.984375 0.73359375 0.00078125 0.00234375
2 0.857 0.5946666671874999 0.859 0.596 0.861 0.5906666671874999 0.8640000000000001 0.5933333328125 0.865 0.6559999999999999 0.869 0.6639999999999999 0.875 0.712 0.882 0.7226666671875 0.885 0.736 0.8939999999999999 0.7466666671875 0.917 0.7546666671875 0.9259999999999999 0.74 0.9259999999999999 0.7346666671875 0.9400000000000001 0.72 0.945 0.7226666671875 0.959 0.7186666671874999 0.9630000000000001 0.7226666671875 0.9789999999999999 0.716 0.9869999999999999 0.72 0.9869999999999999 0.7266666671875 0.999 0.72 0.999 0.708 0.9949999999999999 0.7053333328125 0.9960000000000001 0.6826666671875 0.999 0.6799999999999999 0.994 0.6653333328125 0.9949999999999999 0.62 0.9890000000000001 0.6106666671875 0.99 0.5946666671874999 0.985 0.584 0.977 0.5826666671875 0.967 0.5706666671875 0.97 0.564 0.975 0.5626666671875 0.975 0.5506666671875 0.97 0.5386666671875 0.9630000000000001 0.5333333328125 0.961 0.52 0.9490000000000001 0.5213333328124999 0.945 0.516 0.9369999999999999 0.516 0.9339999999999999 0.508 0.925 0.508 0.921 0.5026666671875 0.9119999999999999 0.5026666671875 0.9029999999999999 0.496 0.892 0.5133333328125 0.8869999999999999 0.5146666671875 0.8710000000000001 0.5546666671875 0.865 0.5626666671875 0.853 0.568 0.857 0.5946666671874999
2 0.292 0.3346666671875 0.296 0.3466666671875 0.3 0.3306666671875 0.296 0.32799999999999996 0.28700000000000003 0.33599999999999997 0.282 0.3466666671875 0.286 0.348 0.288 0.33599999999999997 0.292 0.3346666671875
2 0.333 0.2506666671875 0.331 0.24666666718750002 0.32799999999999996 0.256 0.333 0.26 0.337 0.24666666718750002 0.333 0.2506666671875
2 0.277 0.2986666671875 0.286 0.3 0.298 0.27999999999999997 0.305 0.25466666718750003 0.317 0.2506666671875 0.316 0.24666666718750002 0.307 0.244 0.294 0.244 0.27999999999999997 0.26 0.27999999999999997 0.2706666671875 0.272 0.2786666671875 0.273 0.288 0.277 0.2986666671875
2 0.316 0.2186666671875 0.303 0.21600000000000003 0.298 0.2186666671875 0.298 0.22400000000000003 0.313 0.22400000000000003 0.316 0.2186666671875
2 0.49375 0.50703125 0.00234375 0.0015625
2 0.458 0.46266666718750005 0.453 0.45599999999999996 0.437 0.45999999999999996 0.433 0.46399999999999997 0.43499999999999994 0.48266666718750006 0.458 0.492 0.458 0.46266666718750005
2 0.529 0.536 0.522 0.52 0.515 0.5146666671875 0.493 0.5146666671875 0.49000000000000005 0.536 0.518 0.54 0.5269999999999999 0.54 0.529 0.536
2 0.77421875 0.51171875 0.0046875 0.0015625
2 0.7969999999999999 0.508 0.796 0.5066666671875 0.796 0.5 0.787 0.5 0.788 0.512 0.7969999999999999 0.508
2 0.633 0.488 0.647 0.49066666718749996 0.648 0.48266666718750006 0.661 0.48666666718749996 0.662 0.48266666718750006 0.674 0.4773333328125 0.6759999999999999 0.472 0.6809999999999999 0.472 0.6809999999999999 0.46666666718750005 0.7110000000000001 0.47066666718750005 0.722 0.46799999999999997 0.725 0.46266666718750005 0.7230000000000001 0.43200000000000005 0.717 0.41333333281250006 0.716 0.372 0.712 0.36 0.705 0.3546666671875 0.7070000000000001 0.3506666671875 0.7030000000000001 0.348 0.6940000000000001 0.3546666671875 0.6940000000000001 0.3506666671875 0.688 0.3506666671875 0.689 0.344 0.683 0.3426666671875 0.688 0.32799999999999996 0.6849999999999999 0.324 0.689 0.32 0.689 0.312 0.6849999999999999 0.308 0.671 0.308 0.6679999999999999 0.316 0.662 0.3186666671875 0.6599999999999999 0.32799999999999996 0.6679999999999999 0.3333333328125 0.662 0.33999999999999997 0.649 0.33599999999999997 0.643 0.344 0.635 0.344 0.634 0.3506666671875 0.621 0.36266666718749996 0.62 0.3786666671875 0.617 0.3826666671875 0.619 0.3866666671875 0.615 0.392 0.616 0.41733333281249996 0.629 0.4346666671875 0.628 0.46666666718750005 0.633 0.488
2 0.731 0.368 0.726 0.376 0.731 0.3786666671875 0.739 0.396 0.74 0.42533333281249996 0.75 0.48 0.787 0.48666666718749996 0.795 0.47866666718750006 0.799 0.46266666718750005 0.792 0.4373333328125 0.8 0.4346666671875 0.808 0.4226666671875 0.805 0.40933333281250006 0.806 0.392 0.8 0.37733333281250003 0.796 0.344 0.774 0.3266666671875 0.776 0.324 0.772 0.312 0.764 0.3 0.746 0.3026666671875 0.744 0.31066666718749997 0.726 0.308 0.728 0.31066666718749997 0.725 0.3213333328125 0.731 0.3546666671875 0.731 0.368
2 0 0.952 0.004 0.9706666671875 0.008 0.9706666671875 0.012 0.9640000000000001 0.05600000000000001 0.9666666671874999 0.067 0.9946666671875001 0.092 0.9946666671875001 0.092 0.9800000000000001 0.086 0.9586666671874999 0.06999999999999999 0.9400000000000001 0.046 0.9306666671875 0.004 0.9266666671875001 0 0.9306666671875 0 0.952
2 0.643 0.4146666671875 0.643 0.3906666671875 0.64 0.38133333281250004 0.642 0.3786666671875 0.624 0.37466666718749997 0.617 0.3906666671875 0.617 0.4186666671875 0.623 0.42800000000000005 0.634 0.42800000000000005 0.643 0.4146666671875
2 0.524 0.488 0.529 0.48666666718749996 0.532 0.472 0.5269999999999999 0.45999999999999996 0.513 0.46266666718750005 0.512 0.472 0.516 0.47066666718750005 0.522 0.476 0.524 0.488
2 0.50234375 0.24296875 0.0046875 0.0015625
2 0.476 0.3906666671875 0.47400000000000003 0.41600000000000004 0.481 0.4306666671875 0.499 0.42800000000000005 0.522 0.43333333281249997 0.529 0.44800000000000006 0.54 0.45466666718750004 0.545 0.4653333328125 0.55 0.46799999999999997 0.55 0.47866666718750006 0.5559999999999999 0.484 0.5599999999999999 0.508 0.583 0.5146666671875 0.616 0.5146666671875 0.62 0.5026666671875 0.62 0.45599999999999996 0.623 0.45066666718750004 0.623 0.43600000000000005 0.606 0.40933333281250006 0.606 0.38533333281250004 0.615 0.3786666671875 0.619 0.3573333328125 0.628 0.344 0.624 0.33599999999999997 0.62 0.33999999999999997 0.611 0.33599999999999997 0.611 0.3306666671875 0.606 0.3266666671875 0.61 0.316 0.595 0.316 0.589 0.31066666718749997 0.592 0.3066666671875 0.591 0.288 0.597 0.2826666671875 0.597 0.272 0.584 0.2706666671875 0.5780000000000001 0.26 0.5599999999999999 0.26 0.558 0.252 0.55 0.24666666718750002 0.523 0.23866666718750001 0.52 0.244 0.51 0.24666666718750002 0.508 0.2573333328125 0.504 0.26 0.51 0.2653333328125 0.509 0.272 0.493 0.272 0.497 0.29333333281249996 0.49000000000000005 0.3026666671875 0.48600000000000004 0.3 0.483 0.316 0.476 0.324 0.472 0.3506666671875 0.483 0.388 0.48 0.392 0.476 0.3906666671875
2 0.542 0.22799999999999998 0.546 0.22799999999999998 0.544 0.2186666671875 0.541 0.2186666671875 0.545 0.22400000000000003 0.541 0.2253333328125 0.542 0.22799999999999998
2 0.509 0.2186666671875 0.508 0.2266666671875 0.5 0.22799999999999998 0.497 0.23199999999999998 0.513 0.22799999999999998 0.513 0.2186666671875 0.509 0.2186666671875
2 0.537 0.21600000000000003 0.5309999999999999 0.2106666671875 0.521 0.21200000000000002 0.522 0.22400000000000003 0.532 0.236 0.537 0.21600000000000003
2 0.898 0.744 0.915 0.744 0.922 0.7373333328125 0.933 0.716 0.943 0.6666666671875 0.944 0.6386666671875 0.9380000000000001 0.5826666671875 0.93 0.5506666671875 0.9179999999999999 0.5226666671875 0.914 0.5186666671875 0.9029999999999999 0.5186666671875 0.893 0.524 0.875 0.548 0.867 0.5866666671874999 0.867 0.6506666671875 0.8789999999999999 0.7106666671874999 0.893 0.74 0.898 0.744
2 0.375 0.0626666671875 0.377 0.068 0.384 0.0666666671875 0.375 0.0626666671875
2 0.28900000000000003 0.0666666671875 0.29300000000000004 0.0706666671875 0.3 0.064 0.29500000000000004 0.0586666671875 0.279 0.0586666671875 0.279 0.0626666671875 0.282 0.068 0.28900000000000003 0.0666666671875
2 0.356 0.05600000000000001 0.363 0.05600000000000001 0.358 0.0546666671875 0.356 0.05600000000000001
2 0.37421875 0.05 0.0046875 0.00390625
2 0.317 0.0506666671875 0.321 0.048 0.318 0.0466666671875 0.317 0.0506666671875
2 0.403125 0.0203125 0.00234375 0.00390625
2 0.393 0.0186666671875 0.393 0.0266666671875 0.398 0.028000000000000004 0.393 0.0186666671875
2 0.633 0 0.625 0.0106666671875 0.587 0.0026666671875 0.5660000000000001 0.004 0.5599999999999999 0.012 0.561 0.05600000000000001 0.572 0.068 0.606 0.0706666671875 0.609 0.064 0.647 0.068 0.667 0.06 0.6809999999999999 0.0626666671875 0.6839999999999999 0.0586666671875 0.693 0.0586666671875 0.7070000000000001 0.0626666671875 0.72 0.05600000000000001 0.731 0.06 0.732 0.048 0.74 0.052000000000000005 0.759 0.0506666671875 0.762 0.0586666671875 0.795 0.0586666671875 0.806 0.05600000000000001 0.807 0.052000000000000005 0.82 0.052000000000000005 0.82 0.0586666671875 0.8300000000000001 0.0626666671875 0.837 0.05600000000000001 0.842 0.0586666671875 0.8480000000000001 0.0546666671875 0.842 0.024 0.8390000000000001 0.024 0.8240000000000001 0 0.8109999999999999 0 0.8029999999999999 0.008 0.796 0.0066666671875 0.791 0 0.762 0 0.763 0.0066666671875 0.755 0.016 0.736 0.008 0.727 0.016 0.717 0.0186666671875 0.71 0.032 0.697 0.028000000000000004 0.7 0.0106666671875 0.697 0.004 0.6900000000000001 0 0.6839999999999999 0 0.669 0.02 0.661 0.0186666671875 0.661 0.0106666671875 0.654 0 0.633 0
2 0.421 0.0426666671875 0.42000000000000004 0.0506666671875 0.414 0.052000000000000005 0.41200000000000003 0.06 0.421 0.068 0.43 0.068 0.43099999999999994 0.064 0.446 0.064 0.45099999999999996 0.068 0.45499999999999996 0.0546666671875 0.453 0.0026666671875 0.42300000000000004 0 0.42800000000000005 0.012 0.43 0.032 0.426 0.0426666671875 0.421 0.0426666671875
2 0.40499999999999997 0.0066666671875 0.393 0 0.394 0.012 0.386 0.0106666671875 0.384 0 0.372 0.0026666671875 0.37 0.004 0.395 0.016 0.404 0.012 0.40499999999999997 0.0066666671875
2 0.312 0 0.317 0.0226666671875 0.314 0.0346666671875 0.319 0.0426666671875 0.32599999999999996 0.0426666671875 0.324 0.024 0.321 0.0213333328125 0.32799999999999996 0.016 0.32999999999999996 0.004 0.335 0 0.32925 0 0.32799999999999996 0.0066666671875 0.3235 0 0.312 0
2 0.16 0 0.16499999999999998 0.004 0.16599999999999998 0 0.16 0
2 0.43125 0.3453125 0.00234375 0.00234375
2 0.42800000000000005 0.3386666671875 0.43200000000000005 0.33999999999999997 0.43200000000000005 0.33599999999999997 0.42800000000000005 0.3386666671875
2 0.43899999999999995 0.3306666671875 0.441 0.3693333328125 0.449 0.37466666718749997 0.458 0.37466666718749997 0.46299999999999997 0.364 0.462 0.3413333328125 0.465 0.3226666671875 0.458 0.3 0.45499999999999996 0.26 0.45099999999999996 0.256 0.437 0.256 0.43 0.272 0.42800000000000005 0.284 0.43499999999999994 0.3 0.43499999999999994 0.32799999999999996 0.43899999999999995 0.3306666671875
2 0.34700000000000003 0.528 0.35 0.5186666671875 0.36 0.5186666671875 0.363 0.5306666671875 0.372 0.5306666671875 0.388 0.52 0.389 0.49866666718749997 0.382 0.4853333328125 0.379 0.46266666718750005 0.371 0.46266666718750005 0.363 0.45599999999999996 0.3315 0.45599999999999996 0.327 0.46266666718750005 0.32625000000000004 0.45599999999999996 0.321 0.45599999999999996 0.32799999999999996 0.46666666718750005 0.317 0.47066666718750005 0.314 0.46266666718750005 0.307 0.476 0.305 0.49066666718749996 0.3 0.496 0.3 0.5146666671875 0.323 0.5146666671875 0.337 0.5266666671875 0.34700000000000003 0.528
2 0.6769999999999999 0 0.6679999999999999 0.016 0.662 0.013333332812500001 0.662 0.004 0.658 0 0.562 0.0053333328125 0.5599999999999999 0.0586666671875 0.5650000000000001 0.0666666671875 0.585 0.068 0.589 0.072 0.601 0.068 0.609 0.072 0.615 0.068 0.654 0.0706666671875 0.663 0.064 0.6809999999999999 0.0666666671875 0.724 0.0626666671875 0.736 0.068 0.745 0.06 0.775 0.064 0.7809999999999999 0.0586666671875 0.798 0.0586666671875 0.806 0.0626666671875 0.8160000000000001 0.05600000000000001 0.8240000000000001 0.05600000000000001 0.834 0.0626666671875 0.853 0.05600000000000001 0.843 0.036 0.845 0.030666667187500003 0.8400000000000001 0.02 0.8240000000000001 0 0.759 0 0.751 0.0066666671875 0.726 0.004 0.7150000000000001 0.016 0.7070000000000001 0.016 0.702 0.004 0.6950000000000001 0 0.6769999999999999 0
2 0.298 0.516 0.296 0.5186666671875 0.3 0.524 0.303 0.5226666671875 0.298 0.516
2 0.651 0.5146666671875 0.647 0.5106666671875 0.629 0.5106666671875 0.625 0.516 0.629 0.5226666671875 0.643 0.5226666671875 0.651 0.5146666671875
2 0.667 0.508 0.658 0.508 0.654 0.512 0.653 0.5186666671875 0.657 0.5226666671875 0.666 0.5226666671875 0.667 0.508
2 0.772 0.5346666671875 0.774 0.5426666671875 0.786 0.5426666671875 0.7849999999999999 0.536 0.79 0.5346666671875 0.788 0.5173333328124999 0.791 0.512 0.794 0.512 0.796 0.52 0.8 0.52 0.796 0.5 0.79 0.5026666671875 0.786 0.5146666671875 0.778 0.5106666671875 0.768 0.5146666671875 0.768 0.524 0.764 0.5266666671875 0.764 0.532 0.772 0.5346666671875
2 0.523 0.4853333328125 0.5269999999999999 0.48666666718749996 0.532 0.47866666718750006 0.532 0.46799999999999997 0.5269999999999999 0.45999999999999996 0.523 0.45999999999999996 0.518 0.46266666718750005 0.518 0.472 0.522 0.476 0.523 0.4853333328125
2 0.80234375 0.40859375 0.003125 0.00390625
2 0.745 0.3306666671875 0.748 0.3346666671875 0.748 0.3266666671875 0.745 0.3306666671875
2 0.6719999999999999 0.3186666671875 0.674 0.312 0.671 0.312 0.67 0.3266666671875 0.675 0.3266666671875 0.675 0.3186666671875 0.6719999999999999 0.3186666671875
2 0.744 0.396 0.742 0.404 0.745 0.4106666671875 0.741 0.4226666671875 0.75 0.48266666718750006 0.786 0.488 0.796 0.476 0.796 0.45599999999999996 0.791 0.44400000000000006 0.791 0.43200000000000005 0.787 0.42800000000000005 0.795 0.41600000000000004 0.7889999999999999 0.41200000000000003 0.799 0.3866666671875 0.795 0.3786666671875 0.794 0.364 0.79 0.3613333328125 0.794 0.356 0.787 0.3506666671875 0.787 0.3426666671875 0.782 0.3346666671875 0.774 0.3333333328125 0.772 0.324 0.765 0.3173333328125 0.768 0.312 0.766 0.31066666718749997 0.759 0.312 0.757 0.32 0.758 0.3266666671875 0.768 0.33599999999999997 0.765 0.33999999999999997 0.748 0.3506666671875 0.74 0.33999999999999997 0.734 0.3466666671875 0.731 0.372 0.726 0.37466666718749997 0.731 0.37466666718749997 0.744 0.396
2 0.465625 0.3046875 0.00234375 0.00390625
2 0.514 0.25866666718750003 0.518 0.25866666718750003 0.515 0.25466666718750003 0.514 0.25866666718750003
2 0.50859375 0.24921875 0.00078125 0.00546875
2 0.284 0.312 0.27999999999999997 0.3186666671875 0.27999999999999997 0.33999999999999997 0.28900000000000003 0.3506666671875 0.27999999999999997 0.3826666671875 0.273 0.396 0.27 0.41600000000000004 0.277 0.4306666671875 0.286 0.4346666671875 0.363 0.4386666671875 0.365 0.45066666718750004 0.397 0.44266666718750003 0.40499999999999997 0.42800000000000005 0.414 0.42000000000000004 0.41200000000000003 0.4106666671875 0.418 0.396 0.418 0.38533333281250004 0.43899999999999995 0.36666666718749996 0.449 0.36666666718749996 0.44800000000000006 0.37066666718749997 0.453 0.368 0.446 0.36266666718749996 0.45099999999999996 0.356 0.44800000000000006 0.33999999999999997 0.45199999999999996 0.3373333328125 0.453 0.3306666671875 0.46299999999999997 0.3266666671875 0.47000000000000003 0.316 0.461 0.31466666718749997 0.462 0.3026666671875 0.454 0.2906666671875 0.45599999999999996 0.288 0.449 0.2906666671875 0.446 0.2826666671875 0.434 0.2773333328125 0.446 0.268 0.446 0.2613333328125 0.45099999999999996 0.256 0.449 0.252 0.421 0.25466666718750003 0.413 0.252 0.41200000000000003 0.24666666718750002 0.389 0.244 0.319 0.244 0.29100000000000004 0.24666666718750002 0.281 0.25466666718750003 0.27999999999999997 0.2626666671875 0.275 0.2626666671875 0.273 0.268 0.277 0.2746666671875 0.275 0.2906666671875 0.284 0.3 0.284 0.312
2 0.472 0.4026666671875 0.476 0.42400000000000004 0.483 0.4346666671875 0.49400000000000005 0.4266666671875 0.507 0.43200000000000005 0.524 0.43200000000000005 0.528 0.44666666718750003 0.549 0.4693333328125 0.5519999999999999 0.48266666718750006 0.5589999999999999 0.49066666718749996 0.561 0.508 0.5650000000000001 0.5106666671875 0.611 0.5146666671875 0.62 0.5226666671875 0.62 0.492 0.624 0.48666666718749996 0.629 0.5026666671875 0.651 0.5 0.661 0.504 0.666 0.5026666671875 0.671 0.48666666718749996 0.6809999999999999 0.47466666718750006 0.722 0.472 0.725 0.46666666718750005 0.722 0.42800000000000005 0.714 0.4106666671875 0.716 0.4026666671875 0.7110000000000001 0.36666666718749996 0.704 0.36266666718749996 0.696 0.3973333328125 0.689 0.4026666671875 0.682 0.4 0.675 0.3826666671875 0.679 0.368 0.6759999999999999 0.37066666718749997 0.675 0.364 0.6719999999999999 0.36666666718749996 0.6639999999999999 0.3613333328125 0.662 0.3586666671875 0.666 0.3546666671875 0.663 0.3573333328125 0.662 0.348 0.657 0.3426666671875 0.643 0.3466666671875 0.639 0.33999999999999997 0.628 0.3346666671875 0.63 0.3266666671875 0.639 0.32799999999999996 0.642 0.324 0.642 0.2986666671875 0.638 0.296 0.627 0.30133333281249997 0.623 0.31466666718749997 0.609 0.312 0.602 0.30133333281249997 0.605 0.2786666671875 0.603 0.27999999999999997 0.601 0.2706666671875 0.609 0.26 0.6 0.2533333328125 0.6 0.23866666718750001 0.591 0.23866666718750001 0.587 0.24266666718750002 0.583 0.24 0.5780000000000001 0.248 0.5780000000000001 0.23866666718750001 0.5740000000000001 0.23199999999999998 0.572 0.23733333281250002 0.5650000000000001 0.23866666718750001 0.563 0.24666666718750002 0.557 0.24266666718750002 0.549 0.24666666718750002 0.542 0.244 0.5415 0.252 0.5309999999999999 0.256 0.5309999999999999 0.2626666671875 0.525 0.272 0.514 0.268 0.513 0.2773333328125 0.508 0.284 0.493 0.2746666671875 0.497 0.2946666671875 0.483 0.308 0.479 0.3186666671875 0.481 0.3386666671875 0.47400000000000003 0.344 0.476 0.36266666718749996 0.483 0.376 0.483 0.388 0.472 0.4026666671875
2 0.587 0.22799999999999998 0.583 0.2306666671875 0.592 0.236 0.593 0.23199999999999998 0.587 0.22799999999999998
2 0.462 0.2266666671875 0.453 0.23199999999999998 0.453 0.236 0.462 0.23866666718750001 0.462 0.2266666671875
2 0.314 0.2226666671875 0.314 0.21600000000000003 0.307 0.21600000000000003 0.301 0.2226666671875 0.306 0.2186666671875 0.308 0.22400000000000003 0.314 0.2226666671875
2 0.532 0.22400000000000003 0.532 0.21600000000000003 0.522 0.21600000000000003 0.514 0.20800000000000002 0.51 0.2106666671875 0.509 0.2186666671875 0.514 0.22799999999999998 0.518 0.2226666671875 0.532 0.22400000000000003
2 0.458 0.2026666671875 0.462 0.2026666671875 0.45999999999999996 0.19866666718749998 0.458 0.2026666671875
2 0.32599999999999996 0.21600000000000003 0.331 0.22400000000000003 0.358 0.22400000000000003 0.361 0.22799999999999998 0.365 0.22400000000000003 0.383 0.22400000000000003 0.389 0.22799999999999998 0.397 0.2226666671875 0.41100000000000003 0.22400000000000003 0.414 0.2186666671875 0.425 0.2226666671875 0.441 0.2146666671875 0.442 0.1973333328125 0.446 0.188 0.44400000000000006 0.17466666718749999 0.43600000000000005 0.1706666671875 0.43899999999999995 0.1666666671875 0.437 0.1546666671875 0.43200000000000005 0.148 0.33999999999999997 0.14666666718750002 0.321 0.152 0.312 0.16399999999999998 0.312 0.1946666671875 0.321 0.21200000000000002 0.319 0.21600000000000003 0.32599999999999996 0.21600000000000003
2 0.372 0.6146666671875 0.372 0.6106666671875 0.363 0.608 0.358 0.608 0.358 0.612 0.363 0.6093333328125 0.372 0.6146666671875
2 0.359375 0.5953125 0.00234375 0.0015625
2 0.358 0.5866666671874999 0.361 0.592 0.361 0.5866666671874999 0.358 0.5866666671874999
2 0.368 0.532 0.384 0.532 0.386 0.528 0.389 0.5306666671875 0.395 0.52 0.386 0.46266666718750005 0.382 0.46266666718750005 0.38 0.46799999999999997 0.372 0.46799999999999997 0.361 0.45999999999999996 0.337 0.45866666718750004 0.333 0.46399999999999997 0.3302857140625 0.46279364999999995 0.32799999999999996 0.476 0.307 0.476 0.307 0.49066666718749996 0.3 0.5013333328125 0.298 0.5146666671875 0.303 0.5266666671875 0.325 0.5266666671875 0.33999999999999997 0.536 0.365 0.536 0.368 0.532
2 0.458 0 0.45599999999999996 0.016 0.45999999999999996 0.0426666671875 0.45999999999999996 0.08 0.462 0.10266666718749999 0.465 0.1066666671875 0.537 0.10800000000000001 0.554 0.10266666718749999 0.5549999999999999 0.013333332812500001 0.558 0.004 0.5559999999999999 0 0.458 0
2 0.782 0.5266666671875 0.768 0.5266666671875 0.764 0.528 0.768 0.536 0.782 0.536 0.782 0.5266666671875
2 0.775 0.51328125 0.00234375 0.00234375
2 0.63359375 0.3671875 0.00078125 0.0015625
2 0.741 0.40533333281250006 0.744 0.40933333281250006 0.74 0.41600000000000004 0.74 0.42800000000000005 0.75 0.48266666718750006 0.787 0.48666666718749996 0.796 0.47466666718750006 0.795 0.44800000000000006 0.791 0.44266666718750003 0.791 0.43200000000000005 0.7849999999999999 0.42533333281249996 0.7809999999999999 0.41200000000000003 0.773 0.40533333281250006 0.773 0.4 0.795 0.3906666671875 0.791 0.3826666671875 0.794 0.368 0.772 0.356 0.742 0.356 0.742 0.344 0.741 0.348 0.734 0.344 0.732 0.3466666671875 0.734 0.3586666671875 0.731 0.37733333281250003 0.742 0.3906666671875 0.741 0.40533333281250006
2 0.628 0.472 0.633 0.492 0.647 0.49466666718749996 0.657 0.488 0.661 0.49066666718749996 0.663 0.484 0.671 0.48266666718750006 0.683 0.472 0.722 0.472 0.725 0.46799999999999997 0.7230000000000001 0.42800000000000005 0.717 0.4146666671875 0.717 0.392 0.712 0.364 0.7030000000000001 0.36266666718749996 0.6990000000000001 0.368 0.6950000000000001 0.388 0.688 0.392 0.6799999999999999 0.384 0.683 0.36266666718749996 0.6809999999999999 0.3546666671875 0.675 0.348 0.6519999999999999 0.33999999999999997 0.639 0.3586666671875 0.646 0.3693333328125 0.644 0.37333333281250003 0.621 0.3786666671875 0.616 0.4066666671875 0.62 0.4226666671875 0.629 0.43333333281249997 0.628 0.472
2 0.47000000000000003 0.2226666671875 0.496 0.21200000000000002 0.563 0.2026666671875 0.577 0.2106666671875 0.5780000000000001 0.21600000000000003 0.581 0.2146666671875 0.587 0.22400000000000003 0.587 0.2306666671875 0.595 0.236 0.597 0.244 0.619 0.252 0.62 0.2626666671875 0.628 0.2786666671875 0.647 0.296 0.653 0.3066666671875 0.6599999999999999 0.3066666671875 0.665 0.3186666671875 0.674 0.312 0.675 0.3 0.667 0.27999999999999997 0.655 0.2733333328125 0.647 0.2626666671875 0.639 0.26 0.62 0.236 0.619 0.22799999999999998 0.612 0.22400000000000003 0.596 0.2 0.577 0.184 0.541 0.184 0.509 0.188 0.492 0.1946666671875 0.46699999999999997 0.192 0.45099999999999996 0.196 0.442 0.20400000000000001 0.442 0.21600000000000003 0.449 0.2226666671875 0.47000000000000003 0.2226666671875
2 0.515625 0.11328125 0.0046875 0.00234375
2 0.388 0.43200000000000005 0.386 0.43600000000000005 0.391 0.4386666671875 0.393 0.43600000000000005 0.388 0.43200000000000005
2 0.4 0.4266666671875 0.40199999999999997 0.4226666671875 0.395 0.42000000000000004 0.391 0.4226666671875 0.393 0.4266666671875 0.394 0.4226666671875 0.4 0.4266666671875
2 0.28700000000000003 0.3506666671875 0.286 0.36666666718749996 0.277 0.388 0.272 0.41200000000000003 0.27999999999999997 0.4306666671875 0.329 0.43200000000000005 0.34199999999999997 0.42800000000000005 0.34900000000000003 0.4346666671875 0.358 0.42800000000000005 0.37 0.4306666671875 0.379 0.42400000000000004 0.381 0.42800000000000005 0.386 0.42400000000000004 0.386 0.42800000000000005 0.388 0.38533333281250004 0.393 0.38 0.41100000000000003 0.3786666671875 0.41600000000000004 0.372 0.41600000000000004 0.3586666671875 0.41900000000000004 0.356 0.421 0.36266666718749996 0.426 0.3586666671875 0.422 0.352 0.425 0.33599999999999997 0.43200000000000005 0.3226666671875 0.43200000000000005 0.3 0.426 0.2666666671875 0.414 0.25466666718750003 0.41100000000000003 0.24666666718750002 0.29100000000000004 0.24666666718750002 0.282 0.256 0.275 0.2826666671875 0.275 0.292 0.284 0.3 0.279 0.3386666671875 0.28700000000000003 0.3506666671875
2 0.312 0.21600000000000003 0.301 0.2186666671875 0.3 0.2226666671875 0.303 0.22400000000000003 0.314 0.22000000000000003 0.312 0.21600000000000003
2 0.319 0.1826666671875 0.333 0.184 0.337 0.188 0.32799999999999996 0.21200000000000002 0.32799999999999996 0.2186666671875 0.333 0.22400000000000003 0.363 0.2266666671875 0.368 0.2226666671875 0.425 0.22000000000000003 0.43499999999999994 0.21600000000000003 0.44400000000000006 0.192 0.44400000000000006 0.1786666671875 0.4345 0.17466666718749999 0.43499999999999994 0.152 0.43200000000000005 0.1506666671875 0.335 0.148 0.32599999999999996 0.156 0.324 0.16399999999999998 0.317 0.1666666671875 0.324 0.176 0.319 0.1826666671875
2 0.45234375 0.02734375 0.00234375 0.0015625
2 0.51 0 0.503 0.004 0.45899999999999996 0.0013333328125 0.458 0.036 0.465 0.0666666671875 0.462 0.068 0.462 0.07466666718750001 0.466 0.07466666718750001 0.46900000000000003 0.0826666671875 0.465 0.10400000000000001 0.548 0.10400000000000001 0.554 0.0986666671875 0.5559999999999999 0 0.51 0
2 0.337 0 0.333 0.004 0.333 0.0266666671875 0.352 0.05600000000000001 0.42300000000000004 0.0426666671875 0.42800000000000005 0.038666667187499996 0.43 0.028000000000000004 0.43899999999999995 0.0186666671875 0.433 0.016 0.42800000000000005 0.008 0.43 0.004 0.425 0 0.337 0
2 0 0.028000000000000004 0.004 0.032 0.063 0.032 0.119 0.038666667187499996 0.122 0.048 0.11200000000000002 0.052000000000000005 0.11399999999999999 0.05600000000000001 0.12 0.0506666671875 0.126 0.064 0.129 0.06 0.133 0.0666666671875 0.136 0.0626666671875 0.141 0.0666666671875 0.13899999999999998 0.04 0.186 0.038666667187499996 0.194 0.0426666671875 0.231 0.0426666671875 0.254 0.048 0.296 0.048 0.305 0.0426666671875 0.312 0.024 0.31 0 0.004 0.0026666671875 0 0.0106666671875 0 0.028000000000000004
2 0.9984375 0.7703125 0.00078125 0.00390625
2 0.933 0.54 0.93 0.5466666671875 0.9339999999999999 0.5506666671875 0.9349999999999999 0.5746666671875 0.9390000000000001 0.58 0.944 0.6106666671875 0.944 0.6679999999999999 0.9390000000000001 0.7 0.9349999999999999 0.708 0.9349999999999999 0.7153333328125 0.9380000000000001 0.716 0.9349999999999999 0.7226666671875 0.943 0.716 0.962 0.7226666671875 0.9800000000000001 0.72 0.982 0.736 0.992 0.7466666671875 0.9890000000000001 0.7493333328125 0.992 0.752 0.99 0.7573333328125 0.9949999999999999 0.7586666671875 0.992 0.748 0.993 0.7266666671875 0.999 0.7226666671875 0.999 0.7026666671874999 0.9960000000000001 0.7013333328125 0.999 0.692 0.999 0.6706666671875 0.9949999999999999 0.6666666671875 0.9949999999999999 0.6519999999999999 0.999 0.648 0.999 0.62 0.991 0.6106666671875 0.99 0.592 0.985 0.584 0.967 0.5706666671875 0.97 0.564 0.975 0.564 0.976 0.5519999999999999 0.966 0.536 0.961 0.5373333328125 0.958 0.5226666671875 0.952 0.5186666671875 0.945 0.5266666671875 0.9369999999999999 0.5253333328124999 0.9349999999999999 0.516 0.924 0.512 0.917 0.5186666671875 0.925 0.528 0.9269999999999999 0.54 0.933 0.54
2 0.244 0.07466666718750001 0.264 0.0506666671875 0.23199999999999998 0.044 0.194 0.0426666671875 0.194 0.052000000000000005 0.21000000000000002 0.0666666671875 0.22799999999999998 0.07466666718750001 0.244 0.07466666718750001
2 0.782 0.5466666671875 0.8130000000000001 0.5466666671875 0.819 0.524 0.8150000000000001 0.516 0.8009999999999999 0.5146666671875 0.792 0.508 0.774 0.5106666671875 0.759 0.504 0.754 0.504 0.754 0.5426666671875 0.758 0.54 0.782 0.5466666671875
2 0.32599999999999996 0.028000000000000004 0.323 0.0333333328125 0.319 0.0426666671875 0.32799999999999996 0.044 0.329 0.0293333328125 0.32599999999999996 0.028000000000000004
2 0.046 0 0.041999999999999996 0.004 0.01 0 0.006 0.004 0 0.0106666671875 0 0.024 0.009 0.030666667187500003 0.06899999999999999 0.032 0.129 0.068 0.146 0.0666666671875 0.157 0.038666667187499996 0.186 0.038666667187499996 0.2 0.0453333328125 0.199 0.052000000000000005 0.20299999999999999 0.052000000000000005 0.202 0.05600000000000001 0.221 0.0706666671875 0.233 0.0706666671875 0.238 0.0666666671875 0.23900000000000002 0.0706666671875 0.24500000000000002 0.0706666671875 0.252 0.064 0.252 0.052000000000000005 0.263 0.048 0.29900000000000004 0.048 0.312 0.028000000000000004 0.313 0.016 0.327 0.016 0.33399999999999996 0.037333332812499995 0.33999999999999997 0.038666667187499996 0.351 0.05600000000000001 0.414 0.0466666671875 0.425 0.0426666671875 0.43200000000000005 0.028000000000000004 0.453 0.030666667187500003 0.45099999999999996 0.012 0.442 0.0186666671875 0.433 0.0066666671875 0.43499999999999994 0.004 0.425 0 0.319 0 0.316 0.004 0.312 0 0.094 0 0.081 0.0106666671875 0.056999999999999995 0 0.046 0