2 0.348039215625 0.715686275 0.242647059375 0.7205882359375 0.2475490203125 0.75 0.367647059375 0.7369281046875 0.36274509843749997 0.723856209375 0.348039215625 0.715686275
2 0.3 0.740625 0.00234375 0.0015625
2 0.313725490625 0.723856209375 0.32107843125 0.723856209375 0.31617647031249996 0.7205882359375 0.313725490625 0.723856209375
2 0.276960784375 0.7385620921875 0.2818627453125 0.7450980390625 0.2916666671875 0.741830065625 0.2818627453125 0.7369281046875 0.2818627453125 0.7254901953124999 0.27450980468749997 0.7205882359375 0.25 0.7205882359375 0.25 0.7483660125 0.26960784375 0.7450980390625 0.276960784375 0.7385620921875
2 0.3259803921875 0.7205882359375 0.3235294125 0.740196078125 0.365196078125 0.7369281046875 0.35539215625 0.7173202609375 0.3259803921875 0.7205882359375
2 0.15441176406249998 0.6633986921874999 0.188725490625 0.668300653125 0.21323529375 0.6797385625000001 0.25 0.6830065359375 0.259803921875 0.6911764703125 0.2794117640625 0.6911764703125 0.2916666671875 0.6993464046875 0.35539215625 0.707516340625 0.367647059375 0.715686275 0.3921568625 0.715686275 0.3970588234375 0.7205882359375 0.4068627453125 0.715686275 0.44117647031249996 0.73202614375 0.5416666671875 0.7532679734375 0.5514705875 0.7614379078125 0.5857843140625 0.7647058828125 0.6813725484375001 0.7908496734375 0.7377450984375 0.7973856203125 0.8333333328125001 0.704248365625 0.8259803921875 0.687908496875 0.8578431375 0.6830065359375 0.8700980390625 0.671568628125 0.8627450984375 0.6633986921874999 0.830882353125 0.66013071875 0.8039215687500001 0.669934640625 0.7990196078125 0.6552287578125 0.796568628125 0.6650326796875 0.784313725 0.668300653125 0.776960784375 0.6633986921874999 0.7254901953124999 0.668300653125 0.71323529375 0.66013071875 0.6813725484375001 0.65849673125 0.6666666671875 0.651960784375 0.659313725 0.6552287578125 0.6397058828125 0.64379085 0.6225490203125 0.6470588234375 0.5661764703125 0.6274509796875 0.5563725484375001 0.6307189546874999 0.5490196078125 0.6225490203125 0.509803921875 0.6209150328125 0.46323529375000005 0.6013071890624999 0.419117646875 0.596405228125 0.40931372499999996 0.58823529375 0.3970588234375 0.58986928125 0.37745097968749997 0.581699346875 0.3529411765625 0.581699346875 0.34068627500000004 0.5735294125 0.3259803921875 0.5735294125 0.313725490625 0.5653594765625 0.28431372499999996 0.5653594765625 0.2720588234375 0.5571895421875 0.2549019609375 0.5571895421875 0.1936274515625 0.60620915 0.1568627453125 0.6274509796875 0.134803921875 0.6470588234375 0.134803921875 0.6552287578125 0.14460784375 0.6552287578125 0.15441176406249998 0.6633986921874999
2 0.24019607812500002 0.83986928125 0.2671568625 0.83823529375 0.28431372499999996 0.8513071890624999 0.3529411765625 0.848039215625 0.365196078125 0.8431372546875 0.39950980468749997 0.8431372546875 0.5955882359375 0.8186274515624999 0.6470588234375 0.8186274515624999 0.7181372546875 0.8071895421875 0.7205882359375 0.8022875812500001 0.7426470593750001 0.8055555562500001 0.7524509796875 0.7908496734375 0.759803921875 0.8022875812500001 0.7745098046875001 0.8022875812500001 0.8088235296875 0.794117646875 0.921568628125 0.7859477125 0.9877450984375 0.7745098046875001 0.973039215625 0.7532679734375 0.8995098046875001 0.6846405234375 0.8627450984375 0.7091503265625 0.8235294124999999 0.715686275 0.7573529406249999 0.7892156859375 0.7009803921875 0.7990196078125 0.6666666671875 0.7859477125 0.6323529406249999 0.7826797390625 0.615196078125 0.7745098046875001 0.580882353125 0.7728758171875 0.544117646875 0.758169934375 0.48039215625000004 0.7483660125 0.47303921562499995 0.741830065625 0.42892156875 0.73202614375 0.2818627453125 0.75 0.242647059375 0.75 0.23039215624999998 0.740196078125 0.2205882359375 0.7467320265625 0.20833333281250002 0.73039215625 0.20833333281250002 0.7124183000000001 0.223039215625 0.7091503265625 0.2279411765625 0.7009803921875 0.24019607812500002 0.704248365625 0.2450980390625 0.6993464046875 0.26960784375 0.69607843125 0.25 0.6911764703125 0.23284313750000002 0.6764705875 0.2279411765625 0.6813725484375001 0.21323529375 0.6748366015625 0.171568628125 0.6748366015625 0.171568628125 0.689542484375 0.2254901953125 0.8333333328125001 0.24019607812500002 0.83986928125
2 0.16176470625 0.62418300625 0.25245097968749997 0.5571895421875 0.2671568625 0.5555555562500001 0.276960784375 0.560457515625 0.3014705875 0.560457515625 0.35049019531250003 0.5767973859375 0.4044117640625 0.580065359375 0.4142156859375 0.58986928125 0.44607843125 0.58823529375 0.4485294125 0.598039215625 0.4681372546875 0.5996732031249999 0.49509803906250005 0.614379084375 0.6397058828125 0.6176470593750001 0.6495098046875001 0.62581699375 0.6666666671875 0.62581699375 0.669117646875 0.6372549015625 0.67892156875 0.6421568625 0.705882353125 0.6454248359375 0.7083333328125 0.6552287578125 0.7181372546875 0.6552287578125 0.7254901953124999 0.6633986921874999 0.740196078125 0.651960784375 0.7524509796875 0.66013071875 0.776960784375 0.65849673125 0.7818627453125 0.6633986921874999 0.794117646875 0.6470588234375 0.7990196078125 0.6503267968750001 0.7818627453125 0.6372549015625 0.7818627453125 0.6176470593750001 0.8161764703125 0.6225490203125 0.8431372546875 0.65849673125 0.8676470593750001 0.65849673125 0.875 0.6503267968750001 0.8700980390625 0.6388888890625 0.848039215625 0.6176470593750001 0.848039215625 0.6094771234375 0.794117646875 0.5375816999999999 0.7671568625 0.1911764703125 0.12009803906250001 0.20915032656250002 0.1078431375 0.2124183 0.1078431375 0.2450980390625 0.1495098046875 0.62581699375 0.16176470625 0.62418300625
2 0.688725490625 0.5326797390625 0.69607843125 0.5359477125 0.69607843125 0.5310457515625 0.688725490625 0.5326797390625
2 0.1299019609375 0.44934640468750003 0.13970588281250002 0.47385620937499995 0.134803921875 0.5032679734375 0.14460784375 0.5359477125 0.203431371875 0.5359477125 0.223039215625 0.5555555562500001 0.2279411765625 0.5506535953125 0.25 0.55228758125 0.2549019609375 0.544117646875 0.296568628125 0.5473856203125 0.3014705875 0.55228758125 0.30882352968750004 0.5326797390625 0.3455882359375 0.527777778125 0.367647059375 0.5326797390625 0.3700980390625 0.527777778125 0.3970588234375 0.5245098046875001 0.44362745156249994 0.527777778125 0.4681372546875 0.5228758171875 0.5122549015625 0.5245098046875001 0.5245098046875001 0.51960784375 0.5563725484375001 0.5228758171875 0.6421568625 0.51633986875 0.659313725 0.5310457515625 0.6985294125 0.51960784375 0.6985294125 0.5359477125 0.705882353125 0.5359477125 0.7279411765625 0.5245098046875001 0.7352941171875 0.509803921875 0.759803921875 0.5032679734375 0.776960784375 0.5065359484374999 0.7916666671875 0.5 0.76960784375 0.2254901953125 0.7450980390625 0.215686275 0.75 0.2026143796875 0.7671568625 0.20098039218750002 0.7647058828125 0.19444444375 0.7475490203125 0.1928104578125 0.7352941171875 0.2026143796875 0.723039215625 0.1928104578125 0.686274509375 0.1993464046875 0.5514705875 0.19607843125 0.5294117640625 0.1993464046875 0.5049019609375 0.215686275 0.5 0.20098039218750002 0.48774509843749997 0.1993464046875 0.4240196078125 0.20098039218750002 0.3897058828125 0.20751634062500002 0.3431372546875 0.20424836562499998 0.25245097968749997 0.20751634062500002 0.242647059375 0.2124183 0.12254902031249999 0.2124183 0.1127450984375 0.215686275 0.11519607812499999 0.26797385625 0.125 0.3202614375 0.1299019609375 0.44934640468750003
2 0.5490196078125 0.5 0.58823529375 0.491830065625 0.6397058828125 0.49509803906250005 0.651960784375 0.490196078125 0.7450980390625 0.4869281046875 0.7205882359375 0.2254901953125 0.20833333281250002 0.241830065625 0.203431371875 0.2859477125 0.23039215624999998 0.5147058828125 0.4754901953125 0.5 0.5490196078125 0.5
2 0.4240196078125 0.7287581703125 0.39950980468749997 0.7205882359375 0.3578431375 0.7173202609375 0.296568628125 0.6993464046875 0.2549019609375 0.6993464046875 0.21323529375 0.707516340625 0.20588235312499997 0.7205882359375 0.223039215625 0.7532679734375 0.384803921875 0.7369281046875 0.4240196078125 0.7287581703125