2 0.4432186890625 0.5143576828125 0.4503569109375 0.512846346875 0.4769630109375 0.512846346875 0.483452303125 0.5113350125 0.493835171875 0.5113350125 0.497728746875 0.512846346875 0.506164828125 0.5113350125 0.5301752109375 0.5118387906249999 0.536664503125 0.51032745625 0.562621675 0.51032745625 0.5717066843749999 0.5078085640625 0.602206359375 0.5088161203125 0.6086956515625 0.5078085640625 0.6132381578125 0.50478589375 0.6132381578125 0.48261964687500003 0.6125892281249999 0.4785894203125 0.6099935109375 0.4770780859375 0.5418559375 0.47607052968749997 0.3543153796875 0.480604534375 0.35366645 0.5088161203125 0.354964309375 0.51032745625 0.36664503593750003 0.512846346875 0.4432186890625 0.5143576828125
2 0.375081115625 0.54811083125 0.436729396875 0.54811083125 0.4516547703125 0.546599496875 0.4821544453125 0.547607053125 0.50097339375 0.546599496875 0.5055158984375 0.5450881609375 0.522388059375 0.546599496875 0.5249837765625001 0.5450881609375 0.5476963015625 0.5435768265625 0.55418559375 0.5450881609375 0.5944192078125 0.5450881609375 0.60350421875 0.5435768265625 0.6404931859375 0.54256926875 0.6437378328125 0.542065490625 0.6528228421875 0.5340050375 0.6547696296875001 0.5264483625 0.6547696296875001 0.518387909375 0.650227125 0.5133501265625 0.63400389375 0.512846346875 0.60934458125 0.5093199 0.6015574296875 0.5113350125 0.587929915625 0.5113350125 0.577547046875 0.5093199 0.5606748859375 0.5118387906249999 0.522388059375 0.512846346875 0.517196625 0.5143576828125 0.506164828125 0.5143576828125 0.50486696875 0.512846346875 0.4983776765625 0.5143576828125 0.48929266718750003 0.512846346875 0.47890979843750003 0.5143576828125 0.40752757968750003 0.5133501265625 0.3724853984375 0.5153652390625 0.3517196625 0.51032745625 0.3030499671875 0.5118387906249999 0.301752109375 0.5289672546874999 0.305645684375 0.5370277078125001 0.323166775 0.541057934375 0.375081115625 0.54811083125
2 0.15184944843749998 0.9702770781250001 0.1537962359375 0.9717884124999999 0.154445165625 0.9702770781250001 0.15184944843749998 0.9702770781250001
2 0.650227125 0.9717884124999999 0.64633355 0.969269521875 0.643088903125 0.969269521875 0.645035690625 0.9758186390624999 0.6469824796875 0.976826196875 0.6508760546875 0.9732997484375 0.650227125 0.9717884124999999
2 0.6456846203125 0.963727959375 0.6476314078125001 0.9627204031250001 0.64633355 0.9622166249999999 0.6456846203125 0.963727959375
2 0.521875 0.90703125 0.00078125 0.0015625
2 0.48994159687499994 0.8876574312500001 0.4873458796875 0.8841309828125 0.4841012328125 0.8866498734375 0.4841012328125 0.8901763218750001 0.48799480781250004 0.8901763218750001 0.48994159687499994 0.8876574312500001
2 0.06554185625 0.838287153125 0.06748864375 0.8397984890625001 0.06748864375 0.838287153125 0.06554185625 0.838287153125
2 0.057105775000000004 0.5904282109375 0.0532122 0.586397984375 0.049967553125 0.586397984375 0.0525632703125 0.592947103125 0.057105775000000004 0.592947103125 0.057105775000000004 0.5904282109375
2 0.8312783906250001 0.5677581859374999 0.8338741078125 0.569269521875 0.8345230375 0.563727959375 0.8312783906250001 0.5596977328125 0.8293316031250001 0.5596977328125 0.8293316031250001 0.56120906875 0.8312783906250001 0.5627204031249999 0.8312783906250001 0.5677581859374999
2 0.06015625 0.55390625 0.0015625 0.00078125
2 0.0266061 0 0.025308240625 0.0030226703125 0.0266061 0.057934509375 0.0259571703125 0.0780856421875 0.023361453125 0.0906801 0.0259571703125 0.1002518890625 0.0259571703125 0.1204030234375 0.028552887500000002 0.1360201515625 0.0259571703125 0.157178840625 0.027255029687499998 0.17531486093749998 0.025308240625 0.18488664999999999 0.0279039578125 0.20100755625 0.027255029687499998 0.25843828750000003 0.0246593125 0.267506296875 0.027255029687499998 0.28211586875 0.0259571703125 0.35314861406250003 0.0292018171875 0.3657430734375 0.0279039578125 0.4277078078125 0.0324464640625 0.43022669999999996 0.059701492187500003 0.430730478125 0.0811161578125 0.428715365625 0.154445165625 0.42921914375 0.1576898125 0.4277078078125 0.17196625625 0.4277078078125 0.1836469828125 0.42921914375 0.1862427 0.4327455921875 0.1842959125 0.4413098234375 0.1842959125 0.512846346875 0.1823491234375 0.5153652390625 0.172615184375 0.518387909375 0.17196625625 0.5229219140625 0.1732641140625 0.5264483625 0.181051265625 0.5279596984375 0.1894873453125 0.531989925 0.1862427 0.53501259375 0.1842959125 0.54256926875 0.1862427 0.6115869015625 0.184944840625 0.6508816125 0.186891628125 0.68010075625 0.1855937703125 0.7415617125 0.1881894875 0.7576826203125 0.1862427 0.7697733 0.1888384171875 0.7793450875000001 0.186891628125 0.79345088125 0.186891628125 0.8277078078125 0.184944840625 0.830730478125 0.182998053125 0.8292191437499999 0.1609344578125 0.8267002515625 0.14730694375 0.8277078078125 0.146009084375 0.8292191437499999 0.12654120625 0.8292191437499999 0.11875405624999999 0.8347607046875 0.11615833906249999 0.8428211593749999 0.117456196875 0.8528967250000001 0.1200519140625 0.8569269515625001 0.1414665796875 0.8664987406250001 0.15184944843749998 0.8680100749999999 0.154445165625 0.8715365234375 0.15785204375 0.8715365234375 0.1576898125 0.87455919375 0.150551590625 0.8785894203125 0.1427644390625 0.8801007562500001 0.1362751453125 0.894710328125 0.13692407499999998 0.9143576828125 0.1434133671875 0.9229219140625 0.14730694375 0.924937028125 0.1537962359375 0.93501259375 0.156391953125 0.9370277078125 0.1888384171875 0.9370277078125 0.19857235625 0.931486146875 0.2037637890625 0.924937028125 0.20441271875 0.9042821156249999 0.2102530828125 0.8931989921874999 0.209604153125 0.8891687656249999 0.2121998703125 0.8851385390625 0.2160934453125 0.8851385390625 0.22063595 0.8891687656249999 0.234263465625 0.8906801 0.24918883906249997 0.8967254406249999 0.25567813125 0.8972292187500001 0.2641142109375 0.9012594453125 0.28812459375 0.9062972296874999 0.3419857234375 0.9234256921874999 0.3517196625 0.924937028125 0.36794289375 0.9304785890625 0.37767683281250003 0.9304785890625 0.37767683281250003 0.9360201515625001 0.3653471765625 0.940050378125 0.358857884375 0.9506297234375 0.356911096875 0.9702770781250001 0.3614536015625 0.9818639796875 0.36599610625 0.986397984375 0.373134328125 0.9894206546875 0.375081115625 0.9944584390625 0.3828682671875 0.9969773296875 0.39714471093750003 0.9969773296875 0.4003893578125 0.9954659953125 0.4127190140625 0.9969773296875 0.4237508109375 0.9959697734375 0.4328358203125 0.9853904281249999 0.4328358203125 0.96322418125 0.43867618437499994 0.957178840625 0.43932511406249997 0.9491183875000001 0.43153796250000004 0.946599496875 0.42829331562500006 0.9435768265625001 0.426346528125 0.9450881609374999 0.42180402343749995 0.9440806046875 0.41466580156250005 0.9370277078125 0.4094743671875 0.9370277078125 0.40622972031250004 0.9319899250000001 0.4003893578125 0.931486146875 0.39649578124999996 0.9284634765625001 0.4055807921875 0.92745591875 0.4094743671875 0.9289672546875 0.41920830625 0.9289672546875 0.43024010312499994 0.9279596984375 0.43737832499999996 0.924937028125 0.4432186890625 0.9158690171874999 0.4432186890625 0.9062972296874999 0.43932511406249997 0.8997481109375001 0.43153796250000004 0.895717884375 0.42180402343749995 0.8931989921874999 0.40817650937499994 0.8916876578125 0.38805970156249997 0.8851385390625 0.37962362031249997 0.8851385390625 0.375081115625 0.882619646875 0.35626216718750003 0.8785894203125 0.3478260875 0.87455919375 0.3251135625 0.8705289671875001 0.3101881890625 0.86498740625 0.30369889687499996 0.86498740625 0.29785853281249997 0.8614609578125 0.2887735234375 0.859949621875 0.28747566562500004 0.8584382875 0.27384814999999996 0.8569269515625001 0.2582738484375 0.85188916875 0.2511356265625 0.85188916875 0.24853990937499998 0.84433249375 0.250486696875 0.8241813609375 0.25502920156250003 0.8221662468750001 0.295262815625 0.8221662468750001 0.33679428906250003 0.8186397984375 0.376378975 0.8186397984375 0.3913043484375 0.815617128125 0.47436729375000003 0.814609571875 0.48280337500000003 0.8115869015625 0.570408825 0.8105793453125001 0.5801427640625 0.8075566750000001 0.64633355 0.8065491187499999 0.657365346875 0.809068009375 0.6612589234375 0.8272040296875 0.657365346875 0.829722921875 0.6476314078125001 0.8261964734375 0.6353017515625 0.8282115875 0.628812459375 0.8342569265625001 0.628812459375 0.8423173796875 0.6327060343750001 0.8463476078125 0.6443867625 0.8503778343749999 0.6534717718749999 0.8559193953124999 0.6709928625 0.85944584375 0.6703439328125 0.8634760703125 0.665801428125 0.86498740625 0.663854640625 0.867506296875 0.6528228421875 0.8690176328125 0.6456846203125 0.8785894203125 0.645035690625 0.8952141062500001 0.6476314078125001 0.9007556671874999 0.6508760546875 0.902267003125 0.6528228421875 0.9078085640625 0.6560674890625 0.9093199000000001 0.66060999375 0.9158690171874999 0.6632057109375 0.9158690171874999 0.667748215625 0.919395465625 0.6833225171875 0.9209068015625 0.6917585984375 0.918387909375 0.7021414671875 0.918387909375 0.7092796890625 0.9128463468750001 0.7125243343750001 0.90478589375 0.7112264765625 0.895717884375 0.71382219375 0.8891687656249999 0.7131732640624999 0.883123425 0.71771576875 0.8811083125 0.71771576875 0.8685138531250001 0.7203114859374999 0.8680100749999999 0.724853990625 0.8705289671875001 0.7313432828125 0.8705289671875001 0.74237508125 0.87455919375 0.7547047375 0.87556675 0.7650876046875 0.8795969765624999 0.781959765625 0.8811083125 0.7988319265625 0.8876574312500001 0.8195976640625 0.8901763218750001 0.8572355609375 0.9007556671874999 0.8857884484375 0.9052896718750001 0.8961713171874999 0.9088161203125 0.9143413375 0.9103274562499999 0.9175859828125 0.9128463468750001 0.92861778125 0.9128463468750001 0.929266709375 0.9153652390625 0.9201817 0.9214105796875 0.9110966906250001 0.9224181359375001 0.90590525625 0.9299748109375001 0.90395846875 0.9551637281250001 0.9065541859374999 0.96120906875 0.916937053125 0.9677581859375 0.9247242046874999 0.977329975 0.935756003125 0.9808564234375 0.966255678125 0.9798488671875001 0.9759896171875001 0.9727959703125 0.9779364046874999 0.969269521875 0.9798831921875 0.9455919390625 0.9883192734374999 0.9319899250000001 0.9727449703125 0.9304785890625 0.9656067484375 0.9279596984375 0.9636599609375001 0.9244332500000001 0.951979234375 0.9209068015625 0.948085659375 0.9168765750000001 0.9422452953124999 0.9143576828125 0.9474367296875 0.911838790625 0.9604153140625 0.911838790625 0.9727449703125 0.9057934515625 0.9759896171875001 0.9007556671874999 0.9766385468750001 0.8901763218750001 0.9720960421875 0.8841309828125 0.964308890625 0.8795969765624999 0.953926021875 0.8785894203125 0.948085659375 0.87556675 0.93640493125 0.87556675 0.929266709375 0.8720403015624999 0.9052563265625 0.8690176328125 0.8981181046875 0.865491184375 0.8851395203125 0.8639798484375 0.8786502265625 0.860957178125 0.8572355609375 0.8584382875 0.8442569765625001 0.8544080609375 0.835171965625 0.8544080609375 0.8273848156250001 0.8503778343749999 0.8137573 0.8488664984375 0.802725503125 0.844836271875 0.7871512 0.8438287156250001 0.7852044125 0.8423173796875 0.7826086953125 0.84433249375 0.780012978125 0.8413098234374999 0.7735236859375 0.8413098234374999 0.7683322515625 0.838287153125 0.7650876046875 0.8387909312499999 0.7624918890625 0.828715365625 0.763789746875 0.8020151140625 0.7611940296874999 0.7954659953125 0.763789746875 0.7783375312499999 0.7611940296874999 0.724937028125 0.761842959375 0.6937027703124999 0.763789746875 0.6866498734375 0.761842959375 0.658942065625 0.763789746875 0.65188916875 0.761842959375 0.6408060453125 0.763789746875 0.5808564234375 0.7611940296874999 0.557178840625 0.7644386765625 0.546599496875 0.761842959375 0.5430730484375 0.7611940296874999 0.52544080625 0.761842959375 0.51788413125 0.7722258281250001 0.5133501265625 0.7722258281250001 0.5088161203125 0.7611940296874999 0.50478589375 0.763789746875 0.5012594453125 0.763789746875 0.4347607046875 0.761842959375 0.4327455921875 0.7624918890625 0.4277078078125 0.7592472421875 0.42267002500000006 0.761842959375 0.4201511328125 0.7683322515625 0.4186397984375 0.9273199218749999 0.4186397984375 0.9318624265625 0.4130982375 0.9299156390625001 0.39395465937499996 0.9312134984375 0.3727959703125 0.9253731343749999 0.3586901765625 0.9312134984375 0.35566750625 0.9299156390625001 0.3294710328125 0.9318624265625 0.312846346875 0.9299156390625001 0.282619646875 0.93251135625 0.273047859375 0.93251135625 0.25994962187500004 0.9299156390625001 0.251385390625 0.9299156390625001 0.23778337500000002 0.9338092140625 0.230730478125 0.93056456875 0.177833753125 0.93251135625 0.17178841250000002 0.9312134984375 0.1440806046875 0.93445814375 0.1355163734375 0.93445814375 0.12241813593749999 0.93251135625 0.119395465625 0.93445814375 0.0186397984375 0.9312134984375 0.0171284640625 0.882543803125 0.0171284640625 0.8786502265625 0.015617128125 0.8286826734374999 0.0171284640625 0.8254380265625001 0.015617128125 0.802725503125 0.01612090625 0.7968851390625 0.014609571875 0.7793640500000001 0.015617128125 0.7754704734375 0.0171284640625 0.7722258281250001 0.015617128125 0.74042829375 0.014105793750000001 0.7183646984375 0.01612090625 0.6988968203125 0.013098237500000002 0.66060999375 0.014105793750000001 0.650227125 0.0120906796875 0.6262167421875 0.0115869015625 0.6158338734375 0.009068009375 0.6015574296875 0.0115869015625 0.5606748859375 0.0115869015625 0.5483452296875 0.009068009375 0.5321219984375001 0.0105793453125 0.5256327062499999 0.009068009375 0.4983776765625 0.010075567187499999 0.48929266718750003 0.009068009375 0.4873458796875 0.0075566750000000005 0.467229071875 0.009068009375 0.4127190140625 0.006549118750000001 0.39260220625 0.0075566750000000005 0.3822193375 0.005037782812500001 0.376378975 0.006549118750000001 0.358857884375 0.006549118750000001 0.3491239453125 0.0035264484375000004 0.33679428906250003 0.0035264484375000004 0.3348475015625 0.005037782812500001 0.30889033125 0.0035264484375000004 0.27579493906249997 0.0040302265625 0.266709928125 0.0025188921875 0.2426995453125 0.0040302265625 0.2375081109375 0.0025188921875 0.209604153125 0.0035264484375000004 0.1842959125 0.0020151140625 0.17196625625 0.0035264484375000004 0.1596366 0.0020151140625 0.1077222578125 0.0025188921875 0.10577547031250001 0 0.0817650875 0.0025188921875 0.076573653125 0.0020151140625 0.0752757953125 0 0.0720311484375 0 0.0687865015625 0.0025188921875 0.057754704687500005 0.0020151140625 0.057105775000000004 0 0.0266061 0
2 0.314081765625 0.5395466 0.3329007140625 0.541057934375 0.340687865625 0.5435768265625 0.376378975 0.54811083125 0.4360804671875 0.54811083125 0.46203763750000004 0.5460957171875 0.4996755359375 0.546599496875 0.5055158984375 0.5450881609375 0.5230369890625 0.546599496875 0.5249837765625001 0.5450881609375 0.5321219984375001 0.5460957171875 0.547047371875 0.5435768265625 0.5548345234375 0.5450881609375 0.5924724203125 0.5450881609375 0.6404931859375 0.54256926875 0.6534717718749999 0.53299748125 0.6534717718749999 0.5168765750000001 0.6508760546875 0.5143576828125 0.63400389375 0.512846346875 0.624918884375 0.51032745625 0.6151849453125 0.51032745625 0.61129136875 0.5078085640625 0.6132381578125 0.48261964687500003 0.6125892281249999 0.4785894203125 0.6099935109375 0.4770780859375 0.4873458796875 0.4770780859375 0.4445165484375 0.4795969765625 0.3543153796875 0.48110831249999997 0.3543153796875 0.5088161203125 0.3523685921875 0.51032745625 0.3121349765625 0.51032745625 0.3030499671875 0.5118387906249999 0.301752109375 0.5224181359375 0.3030499671875 0.533501259375 0.305645684375 0.5370277078125001 0.314081765625 0.5395466
2 0.39260220625 0.44886649843750004 0.39649578124999996 0.44534005 0.3932511359375 0.4463476078125 0.39260220625 0.44886649843750004
2 0.5554834515625 0.4473551640625 0.5567813109374999 0.44382871562500004 0.5535366640625 0.43879093124999996 0.5483452296875 0.4392947109375 0.5463984421875 0.4413098234375 0.5463984421875 0.4463476078125 0.55029201875 0.4478589421875 0.5554834515625 0.4473551640625
2 0.4587929921875 0.44937027656249995 0.467229071875 0.4478589421875 0.4808565859375 0.44886649843750004 0.4873458796875 0.4463476078125 0.4841012328125 0.44282115937500005 0.4678780015625 0.438287153125 0.44192083125000003 0.44080604531249995 0.434782609375 0.4423173796875 0.434782609375 0.4463476078125 0.452952628125 0.4473551640625 0.4587929921875 0.44937027656249995
2 0.5301752109375 0.44080604531249995 0.5249837765625001 0.437279596875 0.52368591875 0.4392947109375 0.5230369890625 0.44534005 0.5249837765625001 0.4478589421875 0.5282284234375 0.4478589421875 0.5301752109375 0.44080604531249995
2 0.0266061 0 0.025308240625 0.0025188921875 0.0259571703125 0.0780856421875 0.023361453125 0.09017632187499999 0.025308240625 0.09420654843750001 0.027255029687499998 0.12846347656249998 0.027255029687499998 0.1501259453125 0.025308240625 0.1596977328125 0.027255029687499998 0.17027707812499998 0.027255029687499998 0.26498740625 0.0246593125 0.2690176328125 0.027255029687499998 0.28010075625 0.027255029687499998 0.4272040296875 0.030499674999999997 0.43022669999999996 0.061648279687499995 0.430730478125 0.0811161578125 0.428715365625 0.111615834375 0.43022669999999996 0.140168721875 0.4277078078125 0.1713173265625 0.4277078078125 0.17585983125 0.42921914375 0.1959766390625 0.43022669999999996 0.21155094062500002 0.42921914375 0.2147955875 0.4277078078125 0.22063595 0.42921914375 0.23621025312500002 0.42921914375 0.25762491875000004 0.4267002515625 0.28617780625 0.4277078078125 0.289422453125 0.4261964734375 0.307592471875 0.4261964734375 0.3114860484375 0.4277078078125 0.3192732 0.4261964734375 0.35561323749999996 0.42518891718749996 0.3867618421875 0.4277078078125 0.3919532765625 0.4261964734375 0.41466580156250005 0.42518891718749996 0.43737832499999996 0.4261964734375 0.442569759375 0.42367758125000005 0.4769630109375 0.4261964734375 0.483452303125 0.42367758125000005 0.5113562625 0.42367758125000005 0.5230369890625 0.42518891718749996 0.5249837765625001 0.42367758125000005 0.626865671875 0.42367758125000005 0.6365996109375 0.421158690625 0.7021414671875 0.422166246875 0.7144711218750001 0.4196473546875 0.9091499031250001 0.4196473546875 0.9299156390625001 0.4181360203125 0.9318624265625 0.41460957187499997 0.9318624265625 0.3717884125 0.9279688515625001 0.3591939546875 0.9318624265625 0.35566750625 0.9299156390625001 0.3460957171875 0.9318624265625 0.319395465625 0.9299156390625001 0.2921914359375 0.93251135625 0.267506296875 0.9299156390625001 0.2347607046875 0.93251135625 0.230730478125 0.9338092140625 0.21158690156249998 0.9312134984375 0.1667506296875 0.9318624265625 0.1365239296875 0.9338092140625 0.134508815625 0.93445814375 0.12342569218749999 0.93251135625 0.0886649875 0.9351070734375 0.05692695156250001 0.9351070734375 0.022166246875 0.9338092140625 0.0186397984375 0.929266709375 0.01612090625 0.898767034375 0.0171284640625 0.8935755999999999 0.015617128125 0.8552887734375 0.01612090625 0.82608695625 0.014609571875 0.77287475625 0.01612090625 0.7469175859375 0.013098237500000002 0.7170668390625 0.014609571875 0.7131732640624999 0.013098237500000002 0.6748864375 0.013098237500000002 0.6508760546875 0.0105793453125 0.6385463984374999 0.0115869015625 0.6210253078125 0.009068009375 0.602206359375 0.0105793453125 0.5989617125 0.0120906796875 0.5970149250000001 0.015617128125 0.5950681375 0.015617128125 0.5911745625 0.0105793453125 0.48799480781250004 0.009068009375 0.46982478906249997 0.0035264484375000004 0.46398442500000003 0.0075566750000000005 0.4328358203125 0.0075566750000000005 0.39260220625 0.006549118750000001 0.39065541875 0.005037782812500001 0.36599610625 0.006045340625 0.36210253125 0.0040302265625 0.35820895468749997 0.005037782812500001 0.3530175203125 0.0035264484375000004 0.2946138875 0.0025188921875 0.28033744375 0.0040302265625 0.2680077875 0.0040302265625 0.264763140625 0.0025188921875 0.0804672296875 0.0025188921875 0.076573653125 0.0020151140625 0.0759247234375 0 0.0687865015625 0 0.06748864375 0.0020151140625 0.06359506875 0.0025188921875 0.058403634375 0.0020151140625 0.057754704687500005 0 0.0266061 0