2 0.80234375 0.23203125 0.0046875 0.00546875
2 0.8108695656249999 0.2289855078125 0.8152173906250001 0.260869565625 0.8217391296875001 0.24637681093750002 0.8434782609375 0.2550724640625 0.8478260875 0.2434782609375 0.8543478265625 0.2550724640625 0.9065217390625 0.24637681093750002 0.9217391296875 0.260869565625 0.9326086953124999 0.2434782609375 0.9326086953124999 0.22608695625 0.9217391296875 0.22608695625 0.9173913046875001 0.211594203125 0.9217391296875 0.2 0.9326086953124999 0.2 0.9326086953124999 0.1565217390625 0.92608695625 0.14492753593750002 0.9021739125 0.1507246375 0.8934782609375 0.136231884375 0.884782609375 0.14492753593750002 0.8565217390625 0.1420289859375 0.8586956515624999 0.089855071875 0.8391304343750001 0.089855071875 0.8369565218749999 0.09855072499999999 0.8282608703125 0.089855071875 0.7652173906249999 0.089855071875 0.760869565625 0.0927536234375 0.786956521875 0.2550724640625 0.7956521734375 0.22318840624999997 0.8108695656249999 0.2289855078125
2 0.5152173906249999 0.7681159421875 0.5217391296875 0.77681159375 0.5217391296875 0.8521739125 0.55 0.8492753625 0.5478260875000001 0.7710144921875 0.57608695625 0.7536231890625 0.584782609375 0.7536231890625 0.586956521875 0.7681159421875 0.6 0.77681159375 0.5934782609375 0.82608695625 0.5934782609375 0.8434782609375 0.6 0.8492753625 0.62608695625 0.8463768109375 0.62608695625 0.8289855078125001 0.6978260875 0.8289855078125001 0.7043478265625 0.7565217390625001 0.7434782609374999 0.72753623125 0.7913043484375 0.72463768125 0.8086956515624999 0.6550724640625 0.8043478265624999 0.5333333328125 0.7 0.52463768125 0.6826086953125 0.513043478125 0.6565217390625 0.5159420296875 0.6434782609374999 0.510144928125 0.636956521875 0.489855071875 0.5282608703125 0.489855071875 0.5152173906249999 0.4956521734375 0.5152173906249999 0.5217391296875 0.5086956515625001 0.52753623125 0.40434782656249996 0.5333333328125 0.38478260937500003 0.5449275359375 0.3572456515625 0.5449275359375 0.3586956515625 0.5536231890625001 0.3434782609375 0.5449275359375 0.336956521875 0.5478260875000001 0.42608695625 0.5884057968749999 0.42608695625 0.7304347828125 0.5152173906249999 0.7681159421875
2 0.5152173906249999 0.4521739125 0.5195652171875 0.46086956562500003 0.5217391296875 0.4492753625 0.5152173906249999 0.4521739125
2 0.610869565625 0.4289855078125 0.6043478265625 0.4289855078125 0.6043478265625 0.4434782609375 0.610869565625 0.440579709375 0.610869565625 0.4289855078125
2 0.560869565625 0.42608695625 0.5695652171875001 0.40869565156250004 0.5913043484375 0.40579710156250004 0.6 0.38260869531249997 0.6217391296875 0.38260869531249997 0.6282608703125 0.3942028984375 0.636956521875 0.388405796875 0.6217391296875 0.3681159421875 0.615217390625 0.37391304375 0.6021739125 0.36521739062499997 0.6 0.37681159375 0.589130434375 0.36521739062499997 0.536956521875 0.3681159421875 0.536956521875 0.40289855 0.5565217390625 0.40579710156250004 0.565217390625 0.41449275312499995 0.560869565625 0.42608695625
2 0.6934782609375 0.489855071875 0.7217391296875 0.489855071875 0.7326086953125001 0.46666666718750005 0.7456521734375 0.46956521718750005 0.75 0.489855071875 0.789130434375 0.4811594203125 0.7934782609375 0.489855071875 0.8695652171875 0.489855071875 0.87608695625 0.4811594203125 0.8826086953125 0.489855071875 0.9195652171875001 0.489855071875 0.9152173906250001 0.37681159375 0.8978260875 0.36521739062499997 0.8978260875 0.32753623125 0.8913043484375001 0.32173912968749996 0.8826086953125 0.32463768125 0.8804347828125 0.3681159421875 0.8478260875 0.37681159375 0.8326086953124999 0.362318840625 0.8326086953124999 0.3304347828125 0.82391304375 0.3507246375 0.8152173906250001 0.3478260875 0.8043478265624999 0.362318840625 0.8 0.3565217390625 0.8086956515624999 0.32173912968749996 0.8 0.32173912968749996 0.7978260875000001 0.3710144921875 0.7347826093750001 0.3681159421875 0.7282608703125 0.359420290625 0.7326086953125001 0.3304347828125 0.7195652171875 0.32173912968749996 0.6978260875 0.32753623125 0.6934782609375 0.388405796875 0.7 0.42318840625 0.6934782609375 0.4289855078125 0.6934782609375 0.489855071875
2 0.036956521874999995 0.20579710156250003 0.086956521875 0.2289855078125 0.089130434375 0.3333333328125 0.1434782609375 0.3565217390625 0.15 0.3681159421875 0.1717391296875 0.5536231890625001 0.18260869531249999 0.7478260875 0.2043478265625 0.9130434781250001 0.210869565625 0.9304347828124999 0.22173912968749998 0.9275362312500001 0.1934782609375 0.6782608703124999 0.1934782609375 0.62608695625 0.22608695625 0.62246376875 0.2434782609375 0.8463768109375 0.2543478265625 0.8840579703125 0.265217390625 0.8840579703125 0.265217390625 0.8492753625 0.2826086953125 0.8463768109375 0.2826086953125 0.9217391296875 0.28913043437499997 0.9246376812499999 0.3 0.901449275 0.310869565625 0.72753623125 0.310869565625 0.5536231890625001 0.30434782656250003 0.5217391296875 0.3086956515625 0.5014492749999999 0.3 0.46956521718750005 0.3 0.3565217390625 0.3282608703125 0.3304347828125 0.36521739062499997 0.32753623125 0.37608695625 0.2434782609375 0.3717391296875 0.1913043484375 0.38478260937500003 0.17391304375 0.41521739062499996 0.16811594218749998 0.38260869531249997 0.1565217390625 0.2521739125 0.16811594218749998 0.25 0.0840579703125 0.2434782609375 0.0695652171875 0.16086956562500002 0.0666666671875 0.15434782656249998 0.17391304375 0.14782608749999998 0.185507246875 0.0543478265625 0.1942028984375 0.036956521874999995 0.20579710156250003
2 0.7413043484374999 0.46956521718750005 0.7478260875 0.489855071875 0.9195652171875001 0.486956521875 0.9152173906250001 0.37681159375 0.8978260875 0.36521739062499997 0.8978260875 0.32753623125 0.8826086953125 0.32463768125 0.8804347828125 0.36521739062499997 0.8478260875 0.37391304375 0.8326086953124999 0.3565217390625 0.8326086953124999 0.3304347828125 0.8217391296875001 0.3478260875 0.8108695656249999 0.339130434375 0.8086956515624999 0.32173912968749996 0.8 0.32173912968749996 0.7956521734375 0.3710144921875 0.736956521875 0.3681159421875 0.72608695625 0.32173912968749996 0.710869565625 0.3159420296875 0.6978260875 0.32753623125 0.6934782609375 0.489855071875 0.7217391296875 0.489855071875 0.7326086953125001 0.46956521718750005 0.7413043484374999 0.46956521718750005
2 0.5043478265625 0.486956521875 0.610869565625 0.4927536234375 0.6586956515625 0.489855071875 0.665217390625 0.4811594203125 0.665217390625 0.4521739125 0.6782608703124999 0.4434782609375 0.665217390625 0.41739130468749996 0.665217390625 0.37681159375 0.6565217390625 0.3681159421875 0.6282608703125 0.37391304375 0.6217391296875 0.32173912968749996 0.610869565625 0.32753623125 0.615217390625 0.362318840625 0.6 0.3681159421875 0.589130434375 0.385507246875 0.5826086953125 0.37971014531249997 0.5826086953125 0.32173912968749996 0.57608695625 0.3159420296875 0.5695652171875001 0.32463768125 0.5195652171875 0.3159420296875 0.5043478265625 0.33623188437499996 0.5043478265625 0.4 0.5152173906249999 0.42318840625 0.5043478265625 0.4318840578125 0.5043478265625 0.486956521875
2 0.1413043484375 0.3536231890625 0.15434782656249998 0.3681159421875 0.186956521875 0.36521739062499997 0.2 0.3507246375 0.210869565625 0.3681159421875 0.22173912968749998 0.3681159421875 0.24565217343749998 0.3478260875 0.3021739125 0.3536231890625 0.3282608703125 0.3304347828125 0.36521739062499997 0.32753623125 0.37608695625 0.24637681093750002 0.37608695625 0.188405796875 0.38260869531249997 0.17681159375 0.3949275375 0.17391304375 0.389130434375 0.17391304375 0.38260869531249997 0.1565217390625 0.25 0.16811594218749998 0.2434782609375 0.15942029062500002 0.2434782609375 0.0695652171875 0.16086956562500002 0.0695652171875 0.16086956562500002 0.14492753593750002 0.1521739125 0.18260869531249999 0.028260870312500002 0.20289855 0.089130434375 0.23188405781250002 0.089130434375 0.3333333328125 0.11086956562500001 0.3478260875 0.1413043484375 0.3536231890625
2 0.7021739124999999 0.2434782609375 0.715217390625 0.260869565625 0.72608695625 0.260869565625 0.736956521875 0.24637681093750002 0.736956521875 0.1942028984375 0.7434782609374999 0.1913043484375 0.7434782609374999 0.17681159375 0.7304347828125 0.14492753593750002 0.7217391296875 0.136231884375 0.7 0.136231884375 0.689130434375 0.1043478265625 0.6826086953125 0.1159420296875 0.6717391296875 0.14782608749999998 0.6782608703124999 0.24927536250000001 0.686956521875 0.260869565625 0.7021739124999999 0.2434782609375
2 0.49347826093749997 0.2550724640625 0.5434782609375 0.260869565625 0.5586956515625 0.2521739125 0.57608695625 0.263768115625 0.6021739125 0.234782609375 0.610869565625 0.260869565625 0.636956521875 0.260869565625 0.65 0.14492753593750002 0.6326086953125001 0.136231884375 0.5826086953125 0.14492753593750002 0.5695652171875001 0.136231884375 0.5543478265624999 0.14782608749999998 0.5478260875000001 0.139130434375 0.55 0.089855071875 0.49347826093749997 0.089855071875 0.5 0.1043478265625 0.5 0.234782609375 0.49347826093749997 0.2550724640625
2 0.7826086953125 0.2521739125 0.786956521875 0.260869565625 0.8043478265624999 0.2434782609375 0.8152173906250001 0.260869565625 0.8304347828124999 0.234782609375 0.8434782609375 0.2550724640625 0.886956521875 0.2550724640625 0.9021739125 0.240579709375 0.9217391296875 0.260869565625 0.9326086953124999 0.2434782609375 0.9326086953124999 0.22608695625 0.92391304375 0.214492753125 0.92608695625 0.2 0.9326086953124999 0.2 0.9326086953124999 0.1565217390625 0.9217391296875 0.1420289859375 0.865217390625 0.1420289859375 0.8586956515624999 0.1304347828125 0.8586956515624999 0.089855071875 0.760869565625 0.089855071875 0.7782608703125 0.2289855078125 0.8 0.240579709375 0.7826086953125 0.2521739125
2 0.5173913046874999 0.7681159421875 0.5217391296875 0.8521739125 0.55 0.8463768109375 0.5456521734375 0.77391304375 0.57391304375 0.7536231890625 0.5826086953125 0.7536231890625 0.586956521875 0.7681159421875 0.6 0.77681159375 0.5934782609375 0.8434782609375 0.6195652171875 0.8492753625 0.62608695625 0.8289855078125001 0.6978260875 0.8289855078125001 0.7 0.762318840625 0.7086956515625 0.7507246375000001 0.72608695625 0.7449275359375 0.739130434375 0.72753623125 0.7913043484375 0.72463768125 0.7978260875000001 0.7159420296875 0.8086956515624999 0.6434782609374999 0.8086956515624999 0.5449275359375 0.8021739125 0.5333333328125 0.7065217390625 0.52753623125 0.6717391296875 0.5159420296875 0.6521739125 0.52753623125 0.6065217390625001 0.5304347828125 0.4282608703125 0.5304347828125 0.3695652171875 0.5449275359375 0.36521739062499997 0.5565217390625 0.3586956515625 0.5449275359375 0.3478260875 0.5449275359375 0.339130434375 0.5478260875000001 0.42608695625 0.5884057968749999 0.42608695625 0.7304347828125 0.5173913046874999 0.7681159421875
2 0.49347826093749997 0.2550724640625 0.55 0.2550724640625 0.5565217390625 0.24637681093750002 0.5782608703125 0.260869565625 0.6 0.211594203125 0.610869565625 0.260869565625 0.6195652171875 0.24927536250000001 0.636956521875 0.260869565625 0.65 0.14782608749999998 0.565217390625 0.1420289859375 0.5543478265624999 0.1536231890625 0.5434782609375 0.136231884375 0.5434782609375 0.1043478265625 0.55 0.089855071875 0.49347826093749997 0.089855071875 0.5 0.1043478265625 0.5 0.2434782609375 0.49347826093749997 0.2550724640625