3 0.1408450703125 0.9391771015625 0.139839034375 0.929338103125 0.13883299843750002 0.9302325578125 0.13996762499999998 0.9499038296875 0.1408450703125 0.9391771015625
3 0.139336015625 0.9677996421874999 0.139839034375 0.9991055453125 0.14134808906250002 0.9695885515624999 0.14055164375 0.9600290703125 0.1408450703125 0.9651162796874999 0.139336015625 0.9677996421874999
3 0.136820925 0.9087656531249999 0.13782696249999998 0.915026834375 0.1363179078125 0.9168157421875 0.139336015625 0.917710196875 0.136820925 0.9087656531249999
3 0.136820925 0.87119856875 0.1363179078125 0.8809096593750001 0.1374357234375 0.88431719375 0.136820925 0.87119856875
3 0.1383299796875 0.9033989265625 0.13749425937499998 0.8855662390625 0.1363179078125 0.8857656531250001 0.1363179078125 0.9051878359375 0.1383299796875 0.9033989265625
3 0.11116700156249999 0.9463327375 0.11971830937500001 0.913237925 0.12273641875 0.9087656531249999 0.124748490625 0.9141323796874999 0.1242454734375 0.9946332734375 0.12525150937500001 0.9991055453125 0.1267605640625 0.9991055453125 0.1292756546875 0.99373881875 0.129778671875 0.9168157421875 0.1262575453125 0.8881932015625 0.1262575453125 0.87119856875 0.12122736406250001 0.8586762078125 0.114688128125 0.8586762078125 0.110160965625 0.893559928125 0.107645875 0.933810375 0.0945674046875 0.9767441859374999 0.09356136875 0.9973166375 0.1046277671875 0.9991055453125 0.10965794843750001 0.9669051874999999 0.11116700156249999 0.9463327375
3 0.0945674046875 0.6806797859375 0.10010060312499999 0.6905187828125 0.1066398390625 0.6923076921875 0.1086519109375 0.6878354203125 0.1161971828125 0.704830053125 0.1232394359375 0.7066189625 0.124748490625 0.7003577812499999 0.1232394359375 0.6923076921875 0.12273641875 0.6565295171875001 0.1192152921875 0.6520572453125 0.11418511093749999 0.6726296953124999 0.1086519109375 0.677996421875 0.0995975859375 0.6592128796875001 0.10814889375 0.635957065625 0.11116700156249999 0.6055456171875 0.114688128125 0.5983899828125 0.11971830937500001 0.5983899828125 0.12122736406250001 0.5939177109375 0.11971830937500001 0.5903398921874999 0.11167002031249999 0.5939177109375 0.1066398390625 0.6055456171875 0.1046277671875 0.630590340625 0.0945674046875 0.6556350625 0.0915492953125 0.6699463328124999 0.0945674046875 0.6806797859375
3 0.11820925625 0.9168157421875 0.12273641875 0.9069767437499999 0.124748490625 0.913237925 0.124748490625 0.9991055453125 0.1277666 0.9991055453125 0.1292756546875 0.99373881875 0.1292756546875 0.913237925 0.12525150937500001 0.8864042937500001 0.124748490625 0.8649373875 0.120221328125 0.8586762078125 0.114688128125 0.860465115625 0.110160965625 0.8953488374999999 0.107645875 0.9347048296875 0.0945674046875 0.9785330953125 0.09356136875 0.9991055453125 0.1046277671875 0.9991055453125 0.11116700156249999 0.9463327375 0.11820925625 0.9168157421875
3 0.0995975859375 0.6905187828125 0.1066398390625 0.6923076921875 0.1086519109375 0.688729875 0.11317907499999999 0.702146690625 0.11820925625 0.7066189625 0.1232394359375 0.7066189625 0.124748490625 0.7039356 0.124748490625 0.6967799640625 0.12273641875 0.653846153125 0.1177062375 0.653846153125 0.11418511093749999 0.6717352421875 0.110663984375 0.6762075140625 0.10814889375 0.6762075140625 0.0995975859375 0.657423971875 0.10814889375 0.635957065625 0.11116700156249999 0.606440071875 0.11519114687500001 0.5983899828125 0.11971830937500001 0.5983899828125 0.12122736406250001 0.5921288015624999 0.11820925625 0.5903398921874999 0.11167002031249999 0.5939177109375 0.1066398390625 0.6037567078125 0.1046277671875 0.630590340625 0.0945674046875 0.6556350625 0.0915492953125 0.6717352421875 0.0995975859375 0.6905187828125
3 0.5080482890625 0.720035778125 0.5115694171875 0.73076923125 0.5065392359375 0.7361359578125 0.48692152968749997 0.746869409375 0.46931589531249995 0.74865831875 0.4662977875 0.7504472265625 0.4662977875 0.7567084078125 0.48490945625000004 0.7549194984375001 0.5145875249999999 0.7406082296875 0.536217303125 0.7406082296875 0.5452716296875 0.7343470484375 0.548074159375 0.7339637109375 0.546277665625 0.73076923125 0.516599596875 0.7343470484375 0.51509054375 0.7325581390625 0.5160965796875 0.7164579609375 0.50955734375 0.7012522359375 0.5045271625 0.6744186046875 0.5045271625 0.68837209375 0.5065392359375 0.6905187828125 0.5045271625 0.6930232562499999 0.5045271625 0.6976744187499999 0.5080482890625 0.71288014375 0.5080482890625 0.720035778125
3 0.5548289734375 0.7280858671875 0.555835009375 0.7325581390625 0.551810865625 0.7325581390625 0.5503018109375 0.7289803218750001 0.5484528796875 0.733911909375 0.5714285718750001 0.73076923125 0.570925553125 0.726296959375 0.5626257546875 0.726296959375 0.5608651906250001 0.73076923125 0.5598591546875 0.726296959375 0.556338028125 0.73076923125 0.5548289734375 0.7280858671875
3 0.5201207250000001 0.6699463328124999 0.5251509046875 0.6726296953124999 0.5211267609375 0.666368515625 0.5201207250000001 0.6699463328124999
3 0.512575453125 0.6636851515625 0.5186116703125 0.666368515625 0.516599596875 0.6627906984374999 0.516599596875 0.653846153125 0.5367203218750001 0.615384615625 0.55432595625 0.59570661875 0.570925553125 0.586762075 0.5719315890625001 0.579606440625 0.5679074453124999 0.57781753125 0.55432595625 0.5840787125 0.5417505031250001 0.5939177109375 0.5316901406250001 0.6082289796875 0.5115694171875 0.648479428125 0.5060362171875 0.6502683359375 0.5065392359375 0.6699463328124999 0.512575453125 0.6636851515625
3 0.663983903125 0.5894454390625 0.659456740625 0.59570661875 0.65694165 0.6118067984375 0.65694165 0.62611806875 0.6599597578124999 0.630590340625 0.6579476859375 0.657423971875 0.6559356140625 0.6681574234375 0.6488933609374999 0.6833631484375 0.6267605640625 0.7164579609375 0.624748490625 0.720035778125 0.624748490625 0.726296959375 0.6332997984375 0.71824686875 0.6579476859375 0.6806797859375 0.664486921875 0.6457960640625 0.664486921875 0.633273703125 0.6680080484375 0.6296958859374999 0.669517103125 0.6216457953125001 0.671529175 0.59570661875 0.6680080484375 0.5921288015624999 0.6680080484375 0.5876565296875 0.6649899390625 0.5858676203125001 0.668511065625 0.582289803125 0.669517103125 0.566189625 0.671529175 0.5617173531249999 0.6730382296874999 0.5411449015625001 0.674547284375 0.537567084375 0.674547284375 0.5161001781250001 0.6725352109375 0.49105545624999997 0.6710261562500001 0.48747763906249997 0.6730382296874999 0.48389982187499997 0.671529175 0.4794275484375 0.6725352109375 0.47316636875 0.66649899375 0.47316636875 0.6680080484375 0.537567084375 0.6649899390625 0.55992844375 0.6659959765625 0.5652951703125 0.663983903125 0.5894454390625
3 0.624748490625 0.5393559921875 0.624748490625 0.5500894453125 0.634808853125 0.54203935625 0.6478873234375 0.49105545624999997 0.649396378125 0.48389982187499997 0.6483903421874999 0.4794275484375 0.6509054328125 0.47584973125 0.6468812875000001 0.47137745937500003 0.6383299796874999 0.49194991093749996 0.639336015625 0.5008944546875 0.6363179078125001 0.5169946328125 0.6302816906250001 0.5339892671875 0.624748490625 0.5393559921875
1 0.640625 0.703125 0.00078125 0.0015625
1 0.6579476859375 0.6699463328124999 0.6534205234375 0.6744186046875 0.6483903421874999 0.6842576031250001 0.649396378125 0.6860465109375 0.6559356140625 0.67978533125 0.6579476859375 0.6699463328124999
1 0.6614688125 0.6386404296875 0.6634808859375 0.630590340625 0.6680080484375 0.6279069765624999 0.669517103125 0.597495528125 0.66649899375 0.5921288015624999 0.6599597578124999 0.5939177109375 0.659456740625 0.6037567078125 0.65643863125 0.6162790703125001 0.65694165 0.62611806875 0.6614688125 0.6386404296875
1 0.5065392359375 0.16457960625 0.5080482890625 0.169051878125 0.507545271875 0.20840787187499998 0.50503018125 0.21824686875000002 0.5065392359375 0.22271914062499998 0.5065392359375 0.2719141328125 0.50503018125 0.2745974953125 0.507545271875 0.282647584375 0.5060362171875 0.3085867625 0.507545271875 0.333631484375 0.5060362171875 0.3389982109375 0.5060362171875 0.36672629687499997 0.5080482890625 0.3792486578125 0.5065392359375 0.38103756718750004 0.5080482890625 0.3962432921875 0.507545271875 0.4051878359375 0.5060362171875 0.40697674375000004 0.5065392359375 0.4794275484375 0.5080482890625 0.48389982187499997 0.5065392359375 0.5035778171875 0.5080482890625 0.5304114484375 0.5065392359375 0.537567084375 0.5080482890625 0.54203935625 0.5246478875 0.5474060828125 0.542253521875 0.5474060828125 0.5482897390625 0.5500894453125 0.55331991875 0.5483005359375 0.5669014078125 0.5518783546875 0.570925553125 0.5500894453125 0.5734406437499999 0.5572450812499999 0.572937625 0.615384615625 0.5749496984375 0.6216457953125001 0.5749496984375 0.6296958859374999 0.5714285718750001 0.64400715625 0.572937625 0.7218246875000001 0.5704225359375 0.7280858671875 0.5669014078125 0.7280858671875 0.5598591546875 0.7245080500000001 0.555835009375 0.71824686875 0.5367203218750001 0.7066189625 0.5331991953124999 0.7101967796875 0.5311871234375001 0.71824686875 0.5311871234375001 0.7280858671875 0.556338028125 0.7629695890625 0.556338028125 0.7924865828125001 0.580985915625 0.8023255812500001 0.6242454734375 0.8023255812500001 0.635311871875 0.7924865828125001 0.6408450703125 0.790697675 0.7751509046875 0.7745974953125 0.77917505 0.7710196781249999 0.77917505 0.7584973171875 0.7751509046875 0.7522361359375 0.6332997984375 0.7549194984375001 0.629778671875 0.7477638640625 0.6262575453125 0.7334525937499999 0.6267605640625 0.720035778125 0.6232394359375 0.7164579609375 0.6232394359375 0.695885509375 0.625251509375 0.677996421875 0.624748490625 0.6699463328124999 0.62273641875 0.6672629703124999 0.6262575453125 0.6636851515625 0.6267605640625 0.6565295171875001 0.624748490625 0.6547406078125 0.624748490625 0.6457960640625 0.6212273640625 0.6404293375 0.6212273640625 0.6189624328125001 0.6232394359375 0.6118067984375 0.62273641875 0.600178890625 0.6212273640625 0.5966010734375 0.6212273640625 0.570661896875 0.6232394359375 0.5572450812499999 0.6217303828125 0.5500894453125 0.625251509375 0.5456171734375 0.6327967812499999 0.5500894453125 0.639336015625 0.5644007156249999 0.639839034375 0.5858676203125001 0.6413480890625001 0.5876565296875 0.6468812875000001 0.5858676203125001 0.6579476859375 0.5894454390625 0.6599597578124999 0.5858676203125001 0.6624748484375 0.5858676203125001 0.6634808859375 0.5894454390625 0.66649899375 0.5894454390625 0.669517103125 0.57781753125 0.6725352109375 0.57781753125 0.674547284375 0.582289803125 0.6773138828125 0.582289803125 0.6765593562500001 0.5876565296875 0.6815895375000001 0.59570661875 0.6830985921875 0.5894454390625 0.6800804828125 0.582289803125 0.6830985921875 0.5697674421875 0.688631790625 0.5697674421875 0.6926559359375 0.576028621875 0.742454728125 0.576028621875 0.74949698125 0.579606440625 0.7786720328125 0.579606440625 0.8013078468750001 0.5840787125 0.8485915500000001 0.5858676203125001 0.8531187125 0.582289803125 0.8561368203124999 0.3032200359375 0.8531187125 0.2656529515625 0.8546277671875 0.22003577812500003 0.8531187125 0.21198568906249998 0.85261569375 0.100178890625 0.816398390625 0.0983899828125 0.7726358156249999 0.10196780000000001 0.521629778125 0.1082289796875 0.512575453125 0.11001788906250001 0.5065392359375 0.118067978125 0.5045271625 0.12880143125000001 0.5045271625 0.14400715625 0.5065392359375 0.14669051875 0.5065392359375 0.16457960625
2 0.2092555328125 0.7790697671875 0.213279678125 0.786225403125 0.2218309859375 0.790697675 0.2515090546875 0.795169946875 0.2565392359375 0.8023255812500001 0.266599596875 0.8085867625000001 0.28621730312500004 0.8103756703125 0.2932595578125 0.8067978531250001 0.28973843125 0.7942754921875 0.28822937656250003 0.7665474062500001 0.28319919531250004 0.760286225 0.25452716249999996 0.7504472265625 0.25100603593750004 0.746869409375 0.23189134843749998 0.744186046875 0.22786720312500003 0.7406082296875 0.217806840625 0.7388193203125 0.203219315625 0.7289803218750001 0.193158953125 0.7343470484375 0.19164989999999998 0.7388193203125 0.19164989999999998 0.7647584968750001 0.193158953125 0.7719141328125 0.19668008125 0.7763864046875 0.2092555328125 0.7790697671875
2 0.91649899375 0.462432915625 0.9144869218749999 0.46779964218750003 0.9099597578124999 0.47137745937500003 0.8832997984375 0.4794275484375 0.8838028171874999 0.48389982187499997 0.8812877265625 0.48389982187499997 0.8883299796875 0.4856887296875 0.8933601609374999 0.49105545624999997 0.8913480890625 0.495527728125 0.885311871875 0.5 0.8848088531249999 0.5035778171875 0.8863179078125001 0.5080500890625 0.886820925 0.5322003578125 0.8908450703125 0.5438282640625001 0.899899396875 0.54203935625 0.9149899390625 0.5474060828125 0.94668008125 0.5500894453125 0.9698189140625001 0.5393559921875 0.9914486921875 0.537567084375 0.9994969812500001 0.531305903125 0.9994969812500001 0.47763864062500005 0.9914486921875 0.4740608234375 0.9994969812500001 0.4275491953125 0.9964788734375001 0.4275491953125 0.9959758546874999 0.42486583125 0.9909456734375001 0.4275491953125 0.987927565625 0.4212880140625 0.9547283703125 0.41681574218749995 0.9532193156250001 0.41323792499999995 0.957746478125 0.408765653125 0.96026156875 0.3971377453125 0.967806840625 0.3872987484375 0.9849094562499999 0.38908765624999997 0.9884305828125 0.3792486578125 0.992957746875 0.3765652953125 0.987424546875 0.36762075156249996 0.9547283703125 0.36493738750000004 0.9426559359375 0.37745975 0.9295774640625 0.3747763859375 0.9295774640625 0.38908765624999997 0.9245472843749999 0.38550983906249997 0.9230382296874999 0.3944543828125 0.918511065625 0.3872987484375 0.9129778671875 0.38550983906249997 0.9079476859375 0.38908765624999997 0.899899396875 0.40339892656250004 0.8928571421875 0.40697674375000004 0.8913480890625 0.4311270125 0.8933601609374999 0.43738819375000004 0.9154929578125 0.45348837187499996 0.91649899375 0.462432915625
2 0.634808853125 0.33542039375 0.639336015625 0.3166368515625 0.639336015625 0.300536671875 0.6378269624999999 0.29516994687500003 0.62273641875 0.29516994687500003 0.620221328125 0.3032200359375 0.6212273640625 0.372987478125 0.6363179078125001 0.3747763859375 0.639336015625 0.369409659375 0.634808853125 0.33542039375
2 0.9175050296875 0.4651162796875 0.9215291750000001 0.4669051875 0.9426559359375 0.4633273703125 0.9471830984375 0.45169946406249994 0.948189134375 0.45527728125 0.9532193156250001 0.4588550984375 0.9532193156250001 0.45527728125 0.94668008125 0.45080500937499995 0.94668008125 0.44543828281250003 0.9527162984374999 0.432915921875 0.9884305828125 0.432915921875 0.9949698187499999 0.429338103125 0.9964788734375001 0.42486583125 0.9909456734375001 0.4212880140625 0.9652917499999999 0.41949910625 0.9567404421875001 0.41681574218749995 0.9557344062500001 0.41413237968749994 0.9662977875 0.38908765624999997 0.9864185109375001 0.38908765624999997 0.9899396375 0.38103756718750004 0.9959758546874999 0.38103756718750004 0.9964788734375001 0.37745975 0.9904426562499999 0.37119856875 0.9899396375 0.36493738750000004 0.9693158953125 0.3631484796875 0.9547283703125 0.3631484796875 0.9451710265625 0.372987478125 0.938128771875 0.3747763859375 0.9366197187499999 0.372987478125 0.9346076453125001 0.34883720937499996 0.9280684109375 0.34883720937499996 0.9250503015625 0.34347048281250003 0.9190140843749999 0.34704830000000003 0.9180080484375001 0.3407871203125 0.9149899390625 0.384615384375 0.9109657953125 0.38550983906249997 0.9004024140625001 0.40071556406250003 0.8948692156250001 0.40339892656250004 0.8913480890625 0.408765653125 0.889839034375 0.4311270125 0.8948692156250001 0.4391771015625 0.9149899390625 0.45348837187499996 0.9175050296875 0.4651162796875
2 0.9215291750000001 0.3345259390625 0.9260563375 0.3345259390625 0.9245472843749999 0.330948121875 0.9215291750000001 0.3345259390625
2 0.9295774640625 0.2745974953125 0.9245472843749999 0.2745974953125 0.9245472843749999 0.277280859375 0.9300804828125001 0.2790697671875 0.9295774640625 0.2745974953125
2 0.9959758546874999 0.20214669062500001 0.9994969812500001 0.20214669062500001 0.9964788734375001 0.20035778125 0.9959758546874999 0.20214669062500001
2 0.9552313890624999 0.20393560000000002 0.9652917499999999 0.20393560000000002 0.9668008046875001 0.19856887343750002 0.9517102609375 0.19856887343750002 0.948189134375 0.1940966015625 0.9471830984375 0.1967799640625 0.9230382296874999 0.19856887343750002 0.9205231390625 0.20125223593750002 0.9215291750000001 0.2101967796875 0.9351106640625 0.2101967796875 0.9512072437500001 0.20840787187499998 0.9552313890624999 0.20393560000000002
2 0.6332997984375 0.782647584375 0.6312877265625 0.782647584375 0.6312877265625 0.7924865828125001 0.6332997984375 0.7924865828125001 0.6332997984375 0.782647584375
2 0.5326961765625 0.7271914125000001 0.536217303125 0.73076923125 0.536217303125 0.726296959375 0.53470825 0.726296959375 0.536217303125 0.7101967796875 0.5331991953124999 0.71288014375 0.5326961765625 0.71824686875 0.53470825 0.720035778125 0.5326961765625 0.722719140625 0.5326961765625 0.7271914125000001
2 0.5749496984375 0.2924865828125 0.575955734375 0.3032200359375 0.575955734375 0.306797853125 0.572937625 0.3103756703125 0.572937625 0.37030411406249997 0.5749496984375 0.38640429374999996 0.5744466796875 0.40697674375000004 0.572937625 0.4105545609375 0.5734406437499999 0.5617173531249999 0.5719315890625001 0.600178890625 0.572937625 0.6189624328125001 0.5744466796875 0.62254025 0.572937625 0.635957065625 0.5719315890625001 0.702146690625 0.572937625 0.73076923125 0.5704225359375 0.7388193203125 0.5643863171875 0.7406082296875 0.561368209375 0.7495527734375 0.561871228125 0.7584973171875 0.556841046875 0.768336315625 0.556338028125 0.791592128125 0.586016096875 0.8023255812500001 0.6167002015625 0.8023255812500001 0.6192152921875 0.7987477640625 0.6262575453125 0.800536671875 0.6282696171875 0.7969588546875 0.6292756546875 0.7808586765625 0.6262575453125 0.7719141328125 0.6282696171875 0.768336315625 0.6282696171875 0.7629695890625 0.6262575453125 0.7593917703125 0.6262575453125 0.7388193203125 0.6232394359375 0.73076923125 0.6232394359375 0.6762075140625 0.6212273640625 0.6672629703124999 0.62273641875 0.66457960625 0.6212273640625 0.6610017890625 0.6232394359375 0.658318425 0.6217303828125 0.6404293375 0.6232394359375 0.630590340625 0.6232394359375 0.555456171875 0.6217303828125 0.5500894453125 0.6217303828125 0.5393559921875 0.6232394359375 0.535778175 0.6232394359375 0.49373881875 0.6212273640625 0.48032200312500006 0.6232394359375 0.47137745937500003 0.6232394359375 0.4051878359375 0.6212273640625 0.39982110937500004 0.6197183093749999 0.3363148484375 0.6197183093749999 0.304114490625 0.6232394359375 0.290697675 0.6217303828125 0.22271914062499998 0.6192152921875 0.2146690515625 0.605130784375 0.20661896249999998 0.5995975859375 0.20661896249999998 0.5764587531250001 0.2164579609375 0.5734406437499999 0.22003577812500003 0.5714285718750001 0.22808586718749999 0.572937625 0.271019678125 0.575452715625 0.27549195000000004 0.5714285718750001 0.286225403125 0.5749496984375 0.2924865828125
2 0.9768611671875 0.932915921875 0.982897384375 0.9311270125 0.9864185109375001 0.9257602859375 0.9994969812500001 0.92486583125 0.9994969812500001 0.7969588546875 0.997484909375 0.7969588546875 0.9944668015625 0.790697675 0.9869215296875 0.790697675 0.982897384375 0.795169946875 0.9763581484375001 0.8076923078125 0.9698189140625001 0.8309481218749999 0.9683098593749999 0.848837209375 0.9662977875 0.8926654734374999 0.9647887328125 0.8962432921874999 0.9647887328125 0.9212880140624999 0.9768611671875 0.932915921875
2 0.1262575453125 0.9615384609375001 0.1262575453125 0.9677996421874999 0.1267605640625 0.9651162796874999 0.1262575453125 0.9615384609375001
2 0.1363179078125 0.8810375671875 0.135311871875 0.8872987484375001 0.136820925 0.893559928125 0.1383299796875 0.8846153843750001 0.1363179078125 0.8810375671875
2 0.1177062375 0.9212880140624999 0.124748490625 0.9302325578125 0.12525150937500001 0.9454382828125001 0.129778671875 0.9490161 0.129778671875 0.9275491953125 0.12826961718750002 0.923971378125 0.12525150937500001 0.924567978125 0.12525150937500001 0.915026834375 0.12826961718750002 0.9168157421875 0.1262575453125 0.9114490156249999 0.1277666 0.9087656531249999 0.12525150937500001 0.9087656531249999 0.1242454734375 0.9033989265625 0.1277666 0.9007155640625 0.1277666 0.893559928125 0.124748490625 0.8872987484375001 0.1242454734375 0.8649373875 0.11971830937500001 0.8586762078125 0.114688128125 0.8595706625 0.11267605624999999 0.8810375671875 0.1086519109375 0.9007155640625 0.1066398390625 0.941860465625 0.0945674046875 0.9785330953125 0.0945674046875 0.9991055453125 0.1046277671875 0.9991055453125 0.10965794843750001 0.9499105546875001 0.1177062375 0.9212880140624999
2 0.0724346078125 0.8747763859375001 0.09255533125 0.848837209375 0.09305835 0.8434704828124999 0.0799798796875 0.8389982109374999 0.053319918749999994 0.8765652953125 0.0528169015625 0.8881932015625 0.055835009375 0.8926654734374999 0.06790744531250001 0.8890876562500001 0.0724346078125 0.8747763859375001
2 0.2859375 0.771875 0.00078125 0.0015625
2 0.1066398390625 0.6404293375 0.10261569374999999 0.6502683359375 0.09909456718750001 0.64400715625 0.0965794765625 0.648479428125 0.0915492953125 0.66457960625 0.0915492953125 0.6744186046875 0.09808853125 0.6905187828125 0.09808853125 0.7003577812499999 0.1086519109375 0.6967799640625 0.1161971828125 0.708407871875 0.1262575453125 0.708407871875 0.1262575453125 0.7003577812499999 0.1232394359375 0.6860465109375 0.1232394359375 0.653846153125 0.12122736406250001 0.6502683359375 0.11720321874999999 0.6520572453125 0.107645875 0.637745975 0.11116700156249999 0.6055456171875 0.12122736406250001 0.5939177109375 0.114688128125 0.5921288015624999 0.10814889375 0.5992844359375 0.10513078437500001 0.61359570625 0.1046277671875 0.6323792484374999 0.1021126765625 0.637745975 0.1066398390625 0.6404293375
2 0.9315895375000001 0.1967799640625 0.919517103125 0.20035778125 0.92102615625 0.2271914125 0.919517103125 0.24239713749999997 0.9175050296875 0.38103756718750004 0.9079476859375 0.38908765624999997 0.8988933609374999 0.40339892656250004 0.8928571421875 0.40697674375000004 0.889839034375 0.4275491953125 0.8933601609374999 0.4364937390625 0.9144869218749999 0.45438282656249995 0.91649899375 0.4669051875 0.9089537218749999 0.47763864062500005 0.8958752515624999 0.47763864062500005 0.8851710265625 0.4823971375 0.8893360156250001 0.4856887296875 0.894366196875 0.4856887296875 0.8963782703125001 0.489266546875 0.8953722328125 0.492844365625 0.8863179078125001 0.501788909375 0.8883299796875 0.535778175 0.8913480890625 0.54203935625 0.903923540625 0.54203935625 0.9079476859375 0.5456171734375 0.9330985921874999 0.5483005359375 0.9532193156250001 0.5474060828125 0.9668008046875001 0.5393559921875 0.9959758546874999 0.535778175 0.9994969812500001 0.531305903125 0.9994969812500001 0.5178890875 0.9964788734375001 0.5152057250000001 0.9964788734375001 0.4973166375 0.9949698187499999 0.49463327343749997 0.9964788734375001 0.49105545624999997 0.9899396375 0.47584973125 0.9813883296875 0.47584973125 0.9793762578124999 0.48032200312500006 0.9753521125000001 0.48121645781250005 0.9763581484375001 0.47584973125 0.972837021875 0.47316636875 0.9557344062500001 0.47584973125 0.9532193156250001 0.47137745937500003 0.9451710265625 0.47137745937500003 0.9411468812500001 0.4669051875 0.9441649906249999 0.4588550984375 0.948189134375 0.45527728125 0.9461770625 0.4463327375 0.9512072437500001 0.432915921875 0.9994969812500001 0.432915921875 0.9994969812500001 0.4230769234375 0.983400403125 0.41949910625 0.9668008046875001 0.41949910625 0.9587525156250001 0.41681574218749995 0.956237425 0.41323792499999995 0.9612676062500001 0.393559928125 0.9647887328125 0.3872987484375 0.9859154921875 0.3872987484375 0.9864185109375001 0.37745975 0.9818913484375 0.37119856875 0.97032193125 0.36493738750000004 0.9592555328125 0.3631484796875 0.9421529171874999 0.3747763859375 0.9371227359375001 0.372987478125 0.9346076453125001 0.23345259375 0.9361167 0.21556350625 0.9386317906249999 0.2101967796875 0.9994969812500001 0.20840787187499998 0.9994969812500001 0.19856887343750002 0.9668008046875001 0.19856887343750002 0.9527162984374999 0.1967799640625 0.9496981890624999 0.1923076921875 0.950704225 0.1815742390625 0.9647887328125 0.1806797859375 0.9748490953125 0.1762075140625 0.9909456734375001 0.153846153125 0.9964788734375001 0.135957065625 0.996981890625 0.1216457953125 0.9994969812500001 0.11985688750000001 0.9994969812500001 0.08944543906249999 0.996981890625 0.0876565296875 0.9959758546874999 0.07602862187500001 0.9919517109375 0.0652951703125 0.979879275 0.045617173437500005 0.9673038234375 0.0393559921875 0.94668008125 0.035778175 0.9315895375000001 0.045617173437500005 0.9245472843749999 0.055456171875 0.9180080484375001 0.0697674421875 0.91197183125 0.100178890625 0.9114688125000001 0.11985688750000001 0.9149899390625 0.142218246875 0.9180080484375001 0.1520572453125 0.9330985921874999 0.1762075140625 0.9330985921874999 0.1940966015625 0.9315895375000001 0.1967799640625
2 0.0945674046875 0.653846153125 0.0915492953125 0.66457960625 0.0915492953125 0.6726296953124999 0.0995975859375 0.6923076921875 0.11116700156249999 0.6967799640625 0.11670020156250001 0.7066189625 0.124748490625 0.7066189625 0.1262575453125 0.7003577812499999 0.1242454734375 0.693202146875 0.1232394359375 0.6520572453125 0.11820925625 0.6502683359375 0.11317907499999999 0.6726296953124999 0.1091549296875 0.6762075140625 0.0995975859375 0.657423971875 0.1066398390625 0.6404293375 0.12122736406250001 0.5939177109375 0.11971830937500001 0.5921288015624999 0.11971830937500001 0.5983899828125 0.114688128125 0.5983899828125 0.11519114687500001 0.5921288015624999 0.11167002031249999 0.5939177109375 0.10814889375 0.600178890625 0.10513078437500001 0.6144901609375 0.1046277671875 0.630590340625 0.10110663906249999 0.642218246875 0.0945674046875 0.653846153125
2 0.36267605625 0.160107334375 0.36770623750000003 0.16189624375 0.3712273640625 0.1699463328125 0.3707243453125 0.17441860468749998 0.36267605625 0.1788908765625 0.365694165625 0.1949910546875 0.36267605625 0.22361359531249997 0.36820925625 0.2325581390625 0.36820925625 0.23613595781250002 0.364688128125 0.2406082296875 0.364688128125 0.2719141328125 0.3661971828125 0.2745974953125 0.365191146875 0.286225403125 0.3667002015625 0.2924865828125 0.364688128125 0.32647585 0.3692152921875 0.330948121875 0.3661971828125 0.3372093015625 0.3661971828125 0.3542039359375 0.364688128125 0.357781753125 0.364688128125 0.3980322 0.3692152921875 0.41681574218749995 0.363179075 0.4311270125 0.369718309375 0.435599284375 0.369718309375 0.4391771015625 0.364688128125 0.44722719218749996 0.3661971828125 0.45348837187499996 0.364688128125 0.47316636875 0.3667002015625 0.49373881875 0.3712273640625 0.4973166375 0.36820925625 0.5134168156250001 0.36820925625 0.522361359375 0.364688128125 0.5322003578125 0.3661971828125 0.55992844375 0.369718309375 0.566189625 0.3667002015625 0.579606440625 0.36820925625 0.5948121640624999 0.3661971828125 0.5983899828125 0.36820925625 0.6046511625 0.3661971828125 0.6100178890625 0.3661971828125 0.6234347046875001 0.36820925625 0.630590340625 0.36820925625 0.6404293375 0.37273641875 0.651162790625 0.369718309375 0.660107334375 0.369718309375 0.6681574234375 0.3762575453125 0.6771019671875 0.37323943593750003 0.6842576031250001 0.3742454734375 0.6896243296875 0.37273641875 0.695885509375 0.374748490625 0.704830053125 0.3692152921875 0.709302325 0.36770623750000003 0.74865831875 0.3692152921875 0.7522361359375 0.3777666 0.7540250453125 0.3963782703125 0.74865831875 0.40191146875 0.744186046875 0.4129778671875 0.7423971375 0.41498993906250004 0.7388193203125 0.424547284375 0.7361359578125 0.43108651875000004 0.73076923125 0.43963782656249994 0.73076923125 0.4406438625 0.7280858671875 0.453219315625 0.7245080500000001 0.45523138906250005 0.7209302328125 0.46277665937499995 0.720035778125 0.46378269687499996 0.7164579609375 0.47283702187500004 0.7164579609375 0.4818913484375 0.7101967796875 0.4894366203125 0.7101967796875 0.4944668015625 0.702146690625 0.4934607640625 0.6985688734375 0.49496981875 0.6923076921875 0.492957746875 0.688729875 0.492957746875 0.6806797859375 0.49496981875 0.6717352421875 0.492957746875 0.66457960625 0.49597585468750005 0.660107334375 0.4934607640625 0.658318425 0.4934607640625 0.653846153125 0.4964788734375 0.6502683359375 0.4934607640625 0.6457960640625 0.4964788734375 0.635957065625 0.49496981875 0.6323792484374999 0.497987928125 0.6296958859374999 0.4984909453125 0.6216457953125001 0.4944668015625 0.61359570625 0.49496981875 0.6082289796875 0.492957746875 0.6046511625 0.4944668015625 0.5921288015624999 0.492957746875 0.5769230765625 0.502515090625 0.5697674421875 0.5015090546875001 0.5652951703125 0.49496981875 0.566189625 0.4934607640625 0.5635062609375 0.4964788734375 0.55992844375 0.49496981875 0.5572450812499999 0.49496981875 0.5518783546875 0.4964788734375 0.5500894453125 0.49496981875 0.5393559921875 0.496981890625 0.535778175 0.5015090546875001 0.535778175 0.497987928125 0.5241502687499999 0.497987928125 0.5161001781250001 0.49496981875 0.5125223609375 0.492957746875 0.49463327343749997 0.4934607640625 0.4794275484375 0.496981890625 0.4695885515625 0.492957746875 0.4588550984375 0.492957746875 0.44454382812500004 0.49597585468750005 0.4275491953125 0.492957746875 0.41234347031249996 0.4944668015625 0.3872987484375 0.4944668015625 0.3792486578125 0.492957746875 0.375670840625 0.49496981875 0.369409659375 0.49496981875 0.3586762078125 0.4934607640625 0.355098390625 0.4934607640625 0.3273703046875 0.4914486921875 0.322003578125 0.492957746875 0.3148479421875 0.4934607640625 0.286225403125 0.492957746875 0.28085867656249996 0.49094567343750006 0.2781753125 0.492957746875 0.27280858750000003 0.492957746875 0.2611806796875 0.49496981875 0.2522361359375 0.492957746875 0.235241503125 0.4964788734375 0.22093023281250002 0.4964788734375 0.20214669062500001 0.4934607640625 0.1949910546875 0.49597585468750005 0.1699463328125 0.49496981875 0.15831842499999998 0.49195171093749995 0.1502683359375 0.4944668015625 0.1457960640625 0.4894366203125 0.133273703125 0.4899396375 0.1279069765625 0.4934607640625 0.1216457953125 0.492957746875 0.10375670781249999 0.48692152968749997 0.10196780000000001 0.4808853125 0.09570661875 0.473340040625 0.097495528125 0.47032193125 0.0939177109375 0.4662977875 0.0939177109375 0.463279678125 0.100178890625 0.453722334375 0.100178890625 0.4461770625 0.0983899828125 0.443661971875 0.0939177109375 0.44114688125 0.0939177109375 0.438631790625 0.0983899828125 0.43460764531249996 0.100178890625 0.4280684109375 0.09570661875 0.41649899375 0.097495528125 0.40995975781249994 0.0939177109375 0.37273641875 0.0939177109375 0.3692152921875 0.09570661875 0.363179075 0.1055456171875 0.3616700203125 0.13237924843749999 0.364688128125 0.14669051875 0.364688128125 0.1565295171875 0.36267605625 0.160107334375
2 0.10714285781249999 0.6940966015625001 0.114688128125 0.7039356 0.1242454734375 0.7066189625 0.1262575453125 0.7003577812499999 0.1232394359375 0.693202146875 0.1232394359375 0.653846153125 0.12122736406250001 0.6502683359375 0.11820925625 0.6520572453125 0.11418511093749999 0.6726296953124999 0.110663984375 0.6762075140625 0.10814889375 0.6762075140625 0.09808853125 0.658318425 0.095070421875 0.660107334375 0.0915492953125 0.666368515625 0.0915492953125 0.6726296953124999 0.09808853125 0.6905187828125 0.10714285781249999 0.6940966015625001
2 0.89738430625 0.54203935625 0.9245472843749999 0.5500894453125 0.9542253515624999 0.5500894453125 0.9552313890624999 0.5474060828125 0.9597585515624999 0.5474060828125 0.9698189140625001 0.540250446875 0.9894366203124999 0.5393559921875 0.9994969812500001 0.5339892671875 0.9994969812500001 0.49194991093749996 0.9959758546874999 0.489266546875 0.9909456734375001 0.489266546875 0.9889336015625 0.495527728125 0.9793762578124999 0.5 0.938128771875 0.49194991093749996 0.9175050296875 0.49105545624999997 0.8968812875 0.49194991093749996 0.885311871875 0.5008944546875 0.8863179078125001 0.531305903125 0.8883299796875 0.5393559921875 0.8918511062500001 0.5438282640625001 0.89738430625 0.54203935625
2 0.8812877265625 0.48389982187499997 0.8908450703125 0.48389982187499997 0.8832997984375 0.4830053671875 0.8812877265625 0.48389982187499997
2 0.56171875 0.771875 0.003125 0.0015625
2 0.5578470828125 0.746869409375 0.555835009375 0.746869409375 0.556338028125 0.7504472265625 0.5608651906250001 0.7504472265625 0.5578470828125 0.746869409375
2 0.549295775 0.7450805015624999 0.549295775 0.7504472265625 0.551810865625 0.7504472265625 0.551810865625 0.746869409375 0.549295775 0.7450805015624999
2 0.5377263578125 0.73076923125 0.5382293765624999 0.7280858671875 0.5402414484375 0.73076923125 0.5442655937499999 0.726296959375 0.5503018109375 0.726296959375 0.55432595625 0.722719140625 0.5497987921874999 0.7164579609375 0.5447686109375 0.7146690515625 0.5417505031250001 0.720035778125 0.5402414484375 0.7146690515625 0.536217303125 0.7119856890625 0.5331991953124999 0.71824686875 0.53470825 0.722719140625 0.5326961765625 0.726296959375 0.5352112671875 0.73076923125 0.5377263578125 0.73076923125
2 0.50955734375 0.6502683359375 0.5080482890625 0.653846153125 0.5100603625 0.660107334375 0.5155935609375 0.66189624375 0.5211267609375 0.6681574234375 0.5246478875 0.6681574234375 0.5231388328125 0.66189624375 0.516599596875 0.657423971875 0.5226358156249999 0.6520572453125 0.526659959375 0.637745975 0.52917505 0.6341681578125 0.5331991953124999 0.637745975 0.5316901406250001 0.642218246875 0.5326961765625 0.64669051875 0.5301810859375 0.6502683359375 0.5352112671875 0.6502683359375 0.536217303125 0.653846153125 0.542253521875 0.6565295171875001 0.541247484375 0.6636851515625 0.5447686109375 0.66457960625 0.546277665625 0.6699463328124999 0.53973843125 0.6726296953124999 0.5367203218750001 0.6788908765625 0.5417505031250001 0.6842576031250001 0.55331991875 0.6842576031250001 0.561871228125 0.688729875 0.5714285718750001 0.6869409656250001 0.572937625 0.693202146875 0.5739436625 0.7191413234375 0.572937625 0.7343470484375 0.5648893359375 0.7450805015624999 0.5648893359375 0.7549194984375001 0.5669014078125 0.7647584968750001 0.575452715625 0.7754919499999999 0.5638833 0.7781753124999999 0.5598591546875 0.7763864046875 0.556841046875 0.7790697671875 0.556338028125 0.788908765625 0.5694164984375 0.7969588546875 0.5749496984375 0.7969588546875 0.57796780625 0.800536671875 0.615191146875 0.8023255812500001 0.6262575453125 0.800536671875 0.634808853125 0.7924865828125001 0.6363179078125001 0.78443649375 0.6302816906250001 0.76923076875 0.6312877265625 0.7647584968750001 0.629778671875 0.7620751343750001 0.629778671875 0.7504472265625 0.6277666 0.74865831875 0.6232394359375 0.7334525937499999 0.6232394359375 0.6976744187499999 0.625251509375 0.6905187828125 0.629778671875 0.68246869375 0.636820925 0.6842576031250001 0.6388329984375 0.6806797859375 0.639839034375 0.68246869375 0.644366196875 0.6788908765625 0.644366196875 0.6842576031250001 0.6468812875000001 0.6905187828125 0.6509054328125 0.688729875 0.6609657953125 0.6744186046875 0.6634808859375 0.677996421875 0.6680080484375 0.677996421875 0.669517103125 0.6744186046875 0.6760563375 0.6744186046875 0.6851106640625 0.66457960625 0.6896378265625 0.6636851515625 0.6896378265625 0.658318425 0.6861167 0.653846153125 0.6775653921875 0.653846153125 0.671529175 0.6457960640625 0.6680080484375 0.6502683359375 0.6634808859375 0.6475849734375 0.6614688125 0.6296958859374999 0.664486921875 0.6296958859374999 0.6635266140625 0.6262806953125 0.6609657953125 0.6296958859374999 0.6599597578124999 0.6404293375 0.65744466875 0.64400715625 0.649899396875 0.6386404296875 0.6383299796874999 0.6386404296875 0.6282696171875 0.642218246875 0.62273641875 0.62880143125 0.6232394359375 0.6037567078125 0.6212273640625 0.59302325625 0.6217303828125 0.5679785328125 0.6232394359375 0.5635062609375 0.6232394359375 0.489266546875 0.6217303828125 0.4856887296875 0.6217303828125 0.4767441859375 0.6232394359375 0.47316636875 0.6232394359375 0.4051878359375 0.6212273640625 0.40071556406250003 0.620221328125 0.38103756718750004 0.62273641875 0.36762075156249996 0.6277666 0.36493738750000004 0.6262575453125 0.36225402500000004 0.6267605640625 0.3586762078125 0.6232394359375 0.35599284375 0.6242454734375 0.35062611875 0.6217303828125 0.34704830000000003 0.6212273640625 0.341681575 0.6212273640625 0.2835420390625 0.62273641875 0.2790697671875 0.62273641875 0.25670840781250004 0.6212273640625 0.25402504531250003 0.620221328125 0.23345259375 0.6212273640625 0.22003577812500003 0.61820925625 0.2146690515625 0.6096579484375 0.21198568906249998 0.607645875 0.20840787187499998 0.5965794765625 0.20840787187499998 0.575955734375 0.21824686875000002 0.5719315890625001 0.23076923124999998 0.572937625 0.2477638640625 0.575955734375 0.25670840781250004 0.5749496984375 0.268336315625 0.5764587531250001 0.27280858750000003 0.5749496984375 0.28085867656249996 0.5764587531250001 0.306797853125 0.5744466796875 0.3103756703125 0.575955734375 0.32647585 0.572937625 0.35330948125 0.572937625 0.36851520625 0.5749496984375 0.37835420468750003 0.5749496984375 0.40429338125000003 0.572937625 0.41144901562499997 0.5744466796875 0.4463327375 0.572937625 0.45796064375 0.572937625 0.507155634375 0.5744466796875 0.5134168156250001 0.572937625 0.5527728078125 0.5744466796875 0.5572450812499999 0.5744466796875 0.573345259375 0.5704225359375 0.5813953484375001 0.5669014078125 0.579606440625 0.5623742453125 0.5840787125 0.5583501 0.5840787125 0.5538229375 0.5903398921874999 0.549295775 0.5903398921874999 0.5432595578125 0.597495528125 0.542253521875 0.6019677999999999 0.53973843125 0.6019677999999999 0.5316901406250001 0.6118067984375 0.5226358156249999 0.6162790703125001 0.5191146875 0.6216457953125001 0.516599596875 0.6198568875 0.51509054375 0.61359570625 0.5115694171875 0.6144901609375 0.5080482890625 0.6082289796875 0.5080482890625 0.6279069765624999 0.5130784703125 0.6296958859374999 0.5115694171875 0.635957065625 0.5130784703125 0.6386404296875 0.5080482890625 0.64400715625 0.50955734375 0.6502683359375
2 0.972837021875 0.92486583125 0.982394365625 0.9275491953125 0.983400403125 0.9320214671875 0.9864185109375001 0.932915921875 0.9864185109375001 0.93738819375 0.983400403125 0.9409660109375 0.9909456734375001 0.9454382828125001 0.9909456734375001 0.941860465625 0.9869215296875 0.933810375 0.9884305828125 0.9275491953125 0.9964788734375001 0.9212880140624999 0.9964788734375001 0.8720930234375001 0.9994969812500001 0.86851520625 0.9994969812500001 0.85330948125 0.9979879281249999 0.85330948125 0.9964788734375001 0.8479427546875 0.996981890625 0.842576028125 0.9994969812500001 0.8407871203124999 0.9964788734375001 0.8363148484374999 0.9964788734375001 0.8237924859374999 0.9994969812500001 0.8193202140625001 0.9994969812500001 0.7987477640625 0.997484909375 0.7987477640625 0.9949698187499999 0.7924865828125001 0.987927565625 0.790697675 0.9813883296875 0.7987477640625 0.9713279671875 0.8237924859374999 0.9698189140625001 0.8291592124999999 0.9683098593749999 0.872987478125 0.9668008046875001 0.8792486578125001 0.967806840625 0.8926654734374999 0.9662977875 0.8953488374999999 0.9662977875 0.915026834375 0.972837021875 0.92486583125
2 0.9808853125000001 0.786225403125 0.9813883296875 0.7808586765625 0.9788732390625 0.7745974953125 0.9808853125000001 0.7728085874999999 0.9788732390625 0.7665474062500001 0.979879275 0.7629695890625 0.97585513125 0.760286225 0.9748490953125 0.7647584968750001 0.9783702218749999 0.7745974953125 0.977867203125 0.78175313125 0.9808853125000001 0.786225403125
2 0.9748490953125 0.7540250453125 0.9768611671875 0.7549194984375001 0.97585513125 0.7504472265625 0.9748490953125 0.7540250453125
2 0.973340040625 0.7280858671875 0.972837021875 0.73076923125 0.9763581484375001 0.7325581390625 0.9763581484375001 0.7289803218750001 0.973340040625 0.7280858671875
2 0.9765625 0.721875 0.00078125 0.0015625
2 0.9134808859374999 0.6296958859374999 0.9149899390625 0.6323792484374999 0.9144869218749999 0.6279069765624999 0.9134808859374999 0.6296958859374999
2 0.8752515093750001 0.5787119859375001 0.8747484906249999 0.582289803125 0.8762575453125001 0.582289803125 0.8767605640625 0.579606440625 0.8752515093750001 0.5787119859375001
2 0.9330985921874999 0.177996421875 0.9330985921874999 0.1923076921875 0.9315895375000001 0.1967799640625 0.9200201203124999 0.19856887343750002 0.918511065625 0.20393560000000002 0.9200201203124999 0.21288014375 0.918511065625 0.2790697671875 0.919517103125 0.282647584375 0.91649899375 0.3828264765625 0.9079476859375 0.38908765624999997 0.899899396875 0.4016100171875 0.8928571421875 0.4078711984375 0.8908450703125 0.4302325578125 0.8978873234375 0.44096601093750004 0.9129778671875 0.45169946406249994 0.9149899390625 0.45527728125 0.9159959765625001 0.4669051875 0.9024144875 0.47584973125 0.886820925 0.4794275484375 0.88279678125 0.48389982187499997 0.8918511062500001 0.4856887296875 0.8948692156250001 0.49105545624999997 0.8938631796875001 0.49463327343749997 0.8863179078125001 0.5 0.885311871875 0.5035778171875 0.886820925 0.5277280859375 0.8893360156250001 0.540250446875 0.8883299796875 0.5456171734375 0.885311871875 0.5483005359375 0.8832997984375 0.5617173531249999 0.8933601609374999 0.5500894453125 0.8968812875 0.5518783546875 0.9014084499999999 0.5438282640625001 0.9275653921875 0.5474060828125 0.9315895375000001 0.5500894453125 0.9461770625 0.5500894453125 0.9567404421875001 0.5474060828125 0.9683098593749999 0.5393559921875 0.9909456734375001 0.537567084375 0.9994969812500001 0.5339892671875 0.9994969812500001 0.5152057250000001 0.996981890625 0.5143112703125 0.996981890625 0.51162790625 0.9994969812500001 0.5098389984375 0.9994969812500001 0.49105545624999997 0.9964788734375001 0.489266546875 0.9964788734375001 0.4794275484375 0.9949698187499999 0.47584973125 0.9914486921875 0.47316636875 0.98038229375 0.47584973125 0.9652917499999999 0.47137745937500003 0.963279678125 0.46779964218750003 0.9592555328125 0.46779964218750003 0.956237425 0.459749553125 0.953722334375 0.4606440078125 0.9532193156250001 0.45527728125 0.948189134375 0.45527728125 0.9471830984375 0.4481216453125 0.9496981890624999 0.435599284375 0.9517102609375 0.432915921875 0.9994969812500001 0.432915921875 0.9994969812500001 0.4230769234375 0.983400403125 0.41949910625 0.9652917499999999 0.41949910625 0.956237425 0.41323792499999995 0.9597585515624999 0.4051878359375 0.9612676062500001 0.393559928125 0.9652917499999999 0.3872987484375 0.9849094562499999 0.38908765624999997 0.987424546875 0.38103756718750004 0.9899396375 0.3792486578125 0.987927565625 0.37119856875 0.9768611671875 0.369409659375 0.97585513125 0.36672629687499997 0.9662977875 0.3631484796875 0.9567404421875001 0.3631484796875 0.9502012078125001 0.36672629687499997 0.9451710265625 0.372987478125 0.938128771875 0.372987478125 0.9366197187499999 0.36851520625 0.938128771875 0.3586762078125 0.9366197187499999 0.3568872984375 0.9361167 0.2960644 0.9361167 0.22093023281250002 0.938128771875 0.2101967796875 0.9994969812500001 0.2101967796875 0.9994969812500001 0.19856887343750002 0.9527162984374999 0.1967799640625 0.9496981890624999 0.1896243296875 0.9502012078125001 0.18336314843749998 0.9527162984374999 0.177996421875 0.9547283703125 0.1806797859375 0.9642857140625001 0.1806797859375 0.9743460765625 0.1762075140625 0.9904426562499999 0.1529517 0.9964788734375001 0.135957065625 0.996981890625 0.12075134218750001 0.9994969812500001 0.11985688750000001 0.9994969812500001 0.0876565296875 0.996981890625 0.08676207500000001 0.9964788734375001 0.07781753125 0.992454728125 0.0652951703125 0.9808853125000001 0.046511628124999996 0.9743460765625 0.04203935625 0.94668008125 0.035778175 0.9315895375000001 0.045617173437500005 0.919517103125 0.066189625 0.9134808859374999 0.08944543906249999 0.91197183125 0.10375670781249999 0.9114688125000001 0.11717352343750001 0.9134808859374999 0.1341681578125 0.9215291750000001 0.15831842499999998 0.9330985921874999 0.177996421875
2 0.8933601609374999 0.8148479421875001 0.8948692156250001 0.813059034375 0.8933601609374999 0.8112701250000001 0.8933601609374999 0.8148479421875001
2 0.886820925 0.8747763859375001 0.8918511062500001 0.8792486578125001 0.8933601609374999 0.8774597500000001 0.8928571421875 0.87119856875 0.8883299796875 0.8631484796875 0.884305834375 0.8497316640625 0.8812877265625 0.8363148484374999 0.8812877265625 0.8228980328125 0.8747484906249999 0.8103756703125 0.8742454734375 0.7987477640625 0.869718309375 0.7987477640625 0.8651911468750001 0.8032200359375 0.8651911468750001 0.813059034375 0.8747484906249999 0.8407871203124999 0.8752515093750001 0.8506261187499999 0.886820925 0.8747763859375001
2 0.8787726359375 0.7960644 0.8792756546874999 0.7987477640625 0.8817907437500001 0.7987477640625 0.8817907437500001 0.795169946875 0.8787726359375 0.7960644
2 0.8848088531249999 0.7960644 0.886820925 0.7969588546875 0.8858148890624999 0.7942754921875 0.8848088531249999 0.7960644
2 0.8848088531249999 0.788908765625 0.8908450703125 0.7924865828125001 0.8878269624999999 0.788908765625 0.8848088531249999 0.788908765625
2 0.6946680078125 0.653846153125 0.6951710265625 0.658318425 0.6961770625 0.653846153125 0.6946680078125 0.653846153125
2 0.6800804828125 0.5277280859375 0.6825955734375 0.5259391765625 0.68108651875 0.5241502687499999 0.6800804828125 0.5277280859375
2 0.6775653921875 0.5983899828125 0.6815895375000001 0.5983899828125 0.6830985921875 0.6019677999999999 0.6876257546875 0.6037567078125 0.7092555328125 0.606440071875 0.728370221875 0.61359570625 0.810865190625 0.6296958859374999 0.8345070421875 0.637745975 0.846076459375 0.637745975 0.8480885312499999 0.6404293375 0.8682092562499999 0.6386404296875 0.870221328125 0.6279069765624999 0.870221328125 0.5742397140625 0.8682092562499999 0.566189625 0.8712273640625 0.54203935625 0.869718309375 0.5241502687499999 0.8732394359375 0.5152057250000001 0.8732394359375 0.5053667265625 0.8747484906249999 0.501788909375 0.8747484906249999 0.48479427499999994 0.8762575453125001 0.48121645781250005 0.8782696171875 0.4481216453125 0.879778671875 0.44722719218749996 0.8812877265625 0.435599284375 0.88279678125 0.40071556406250003 0.8812877265625 0.3926654734375 0.8812877265625 0.3747763859375 0.8782696171875 0.364042934375 0.8762575453125001 0.342576028125 0.8677062375 0.313059034375 0.86267605625 0.30232558125 0.8581488937499999 0.29964221874999997 0.8566398390625001 0.32647585 0.857645875 0.4490161 0.8566398390625001 0.47853309531250005 0.8551307843749999 0.4830053671875 0.8566398390625001 0.489266546875 0.8551307843749999 0.5152057250000001 0.857645875 0.5250447234375 0.8546277671875 0.531305903125 0.8541247484375001 0.584973165625 0.8490945671875 0.5876565296875 0.796780684375 0.5858676203125001 0.74496981875 0.57781753125 0.6926559359375 0.57781753125 0.6901408453125 0.5742397140625 0.6851106640625 0.5742397140625 0.6795774640625 0.58050089375 0.6825955734375 0.5876565296875 0.6785714281249999 0.5903398921874999 0.6765593562500001 0.59570661875 0.6775653921875 0.5983899828125
2 0.9330985921874999 0.177996421875 0.9330985921874999 0.1949910546875 0.9300804828125001 0.19856887343750002 0.92102615625 0.19856887343750002 0.919517103125 0.20214669062500001 0.9215291750000001 0.2271914125 0.9200201203124999 0.2343470484375 0.9180080484375001 0.37835420468750003 0.9154929578125 0.38550983906249997 0.9079476859375 0.38908765624999997 0.8993963781250001 0.40339892656250004 0.8928571421875 0.40697674375000004 0.8913480890625 0.4302325578125 0.8968812875 0.4391771015625 0.9154929578125 0.45348837187499996 0.9180080484375001 0.4651162796875 0.9280684109375 0.4651162796875 0.9376257546875 0.4606440078125 0.9366197187499999 0.4490161 0.9426559359375 0.432915921875 0.9461770625 0.433810375 0.9446680078125 0.43738819375000004 0.9461770625 0.44096601093750004 0.9517102609375 0.4311270125 0.9994969812500001 0.4311270125 0.9994969812500001 0.42486583125 0.9899396375 0.4212880140625 0.96026156875 0.41949910625 0.9552313890624999 0.41681574218749995 0.9547283703125 0.4105545609375 0.9597585515624999 0.40071556406250003 0.9597585515624999 0.3926654734375 0.9617706234375 0.38640429374999996 0.9688128765625 0.3828264765625 0.9768611671875 0.3872987484375 0.9849094562499999 0.3872987484375 0.9859154921875 0.38103756718750004 0.9813883296875 0.37119856875 0.9768611671875 0.37119856875 0.9698189140625001 0.36493738750000004 0.9597585515624999 0.3631484796875 0.9426559359375 0.37745975 0.938128771875 0.3765652953125 0.9351106640625 0.36851520625 0.9361167 0.34347048281250003 0.9346076453125001 0.33810375625 0.9361167 0.32647585 0.9346076453125001 0.2495527734375 0.9361167 0.213774596875 0.938128771875 0.2101967796875 0.9994969812500001 0.20840787187499998 0.9994969812500001 0.19856887343750002 0.9612676062500001 0.19856887343750002 0.9517102609375 0.1967799640625 0.9496981890624999 0.1914132375 0.950704225 0.1815742390625 0.9662977875 0.1806797859375 0.9748490953125 0.1762075140625 0.9904426562499999 0.15474060781250001 0.9964788734375001 0.135957065625 0.996981890625 0.1216457953125 0.9994969812500001 0.11985688750000001 0.9994969812500001 0.0840787125 0.996981890625 0.0831842578125 0.9949698187499999 0.07155635 0.9808853125000001 0.045617173437500005 0.9698189140625001 0.0393559921875 0.9461770625 0.035778175 0.9315895375000001 0.045617173437500005 0.9215291750000001 0.061717353125 0.9134808859374999 0.0858676203125 0.9114688125000001 0.10286225468750002 0.9114688125000001 0.1234347046875 0.9149899390625 0.14400715625 0.9215291750000001 0.160107334375 0.9330985921874999 0.177996421875
2 0.9034205234374999 0.6457960640625 0.894366196875 0.6341681578125 0.8878269624999999 0.6341681578125 0.8812877265625 0.642218246875 0.8812877265625 0.648479428125 0.90643863125 0.6520572453125 0.9059356140625001 0.6457960640625 0.9034205234374999 0.6457960640625
2 0.9079476859375 0.653846153125 0.9190140843749999 0.6565295171875001 0.92102615625 0.6520572453125 0.92102615625 0.642218246875 0.9180080484375001 0.62611806875 0.9149899390625 0.618067978125 0.9059356140625001 0.6118067984375 0.9044265593749999 0.6162790703125001 0.9019114687500001 0.6118067984375 0.9079476859375 0.62611806875 0.9079476859375 0.653846153125
2 0.885311871875 0.6162790703125001 0.8928571421875 0.6118067984375 0.889839034375 0.6082289796875 0.8752515093750001 0.606440071875 0.8712273640625 0.61359570625 0.870221328125 0.630590340625 0.8712273640625 0.6341681578125 0.8732394359375 0.6341681578125 0.885311871875 0.6162790703125001
2 0.8767605640625 0.5840787125 0.879778671875 0.57781753125 0.8817907437500001 0.567084078125 0.886820925 0.55992844375 0.8913480890625 0.5617173531249999 0.8968812875 0.558139534375 0.8978873234375 0.5518783546875 0.8948692156250001 0.5456171734375 0.8903420515624999 0.5474060828125 0.889839034375 0.5438282640625001 0.879778671875 0.5438282640625001 0.8752515093750001 0.5483005359375 0.8732394359375 0.55992844375 0.8747484906249999 0.57781753125 0.8717303828125 0.5903398921874999 0.8767605640625 0.5921288015624999 0.8767605640625 0.5840787125
2 0.9200201203124999 0.15831842499999998 0.9280684109375 0.1717352421875 0.9346076453125001 0.1771019671875 0.9351106640625 0.1806797859375 0.9411468812500001 0.1806797859375 0.9426559359375 0.177996421875 0.9411468812500001 0.1717352421875 0.9426559359375 0.16457960625 0.9461770625 0.16457960625 0.9461770625 0.169051878125 0.9547283703125 0.1806797859375 0.9673038234375 0.1806797859375 0.97585513125 0.1762075140625 0.9909456734375001 0.153846153125 0.9964788734375001 0.13774597500000002 0.996981890625 0.124329159375 0.9994969812500001 0.12254024999999999 0.9994969812500001 0.0939177109375 0.9964788734375001 0.09123434687500001 0.9964788734375001 0.079606440625 0.992957746875 0.07066189687499999 0.992957746875 0.066189625 0.9813883296875 0.045617173437500005 0.9723340046875 0.0393559921875 0.9451710265625 0.035778175 0.9351106640625 0.04203935625 0.9285714281249999 0.0483005359375 0.923541246875 0.057245081249999996 0.9180080484375001 0.0697674421875 0.9129778671875 0.088550984375 0.9114688125000001 0.0992844359375 0.9114688125000001 0.124329159375 0.9144869218749999 0.1404293375 0.9200201203124999 0.15831842499999998
2 0.624748490625 0.688729875 0.6262575453125 0.6905187828125 0.644366196875 0.688729875 0.6544265593749999 0.6762075140625 0.65643863125 0.677996421875 0.65694165 0.68246869375 0.6710261562500001 0.67978533125 0.69114688125 0.66457960625 0.69114688125 0.660107334375 0.68661971875 0.6520572453125 0.6760563375 0.6502683359375 0.671529175 0.642218246875 0.6629778671875 0.642218246875 0.6579476859375 0.637745975 0.625251509375 0.630590340625 0.6232394359375 0.6341681578125 0.6232394359375 0.66189624375 0.624748490625 0.669051878125 0.624748490625 0.688729875
2 0.5598591546875 0.6905187828125 0.570925553125 0.688729875 0.572937625 0.6341681578125 0.570925553125 0.6198568875 0.55432595625 0.61359570625 0.5377263578125 0.61359570625 0.52917505 0.6279069765624999 0.526659959375 0.6279069765624999 0.526659959375 0.6323792484374999 0.5181086515625 0.648479428125 0.516599596875 0.653846153125 0.517605634375 0.6610017890625 0.5382293765624999 0.6860465109375 0.5598591546875 0.6905187828125
2 0.5130784703125 0.64400715625 0.51961770625 0.635957065625 0.52967806875 0.61359570625 0.52917505 0.6082289796875 0.5080482890625 0.6055456171875 0.50503018125 0.6100178890625 0.5045271625 0.6252236140625 0.507545271875 0.648479428125 0.512575453125 0.648479428125 0.5130784703125 0.64400715625
2 0.9079476859375 0.4490161 0.9330985921874999 0.45706618906249996 0.9396378265625 0.44543828281250003 0.9396378265625 0.429338103125 0.9361167 0.4212880140625 0.9245472843749999 0.41949910625 0.9230382296874999 0.41681574218749995 0.9250503015625 0.415026834375 0.9250503015625 0.41144901562499997 0.9215291750000001 0.39982110937500004 0.9225352109375 0.393559928125 0.9175050296875 0.38550983906249997 0.9109657953125 0.38550983906249997 0.90694165 0.38908765624999997 0.8993963781250001 0.4016100171875 0.892354125 0.40608228906250005 0.889839034375 0.41681574218749995 0.889839034375 0.4311270125 0.8933601609374999 0.43738819375000004 0.9009054328125 0.44096601093750004 0.9079476859375 0.4490161
2 0.296875 0.80625 0.00078125 0.0015625
2 0.326458753125 0.7924865828125001 0.326458753125 0.8050089453125 0.32796780625 0.8050089453125 0.3294768609375 0.795169946875 0.326458753125 0.7924865828125001
2 0.29426559375 0.7808586765625 0.2927565390625 0.7808586765625 0.2932595578125 0.790697675 0.2947686109375 0.786225403125 0.29426559375 0.7808586765625
2 0.139336015625 0.7101967796875 0.14134808906250002 0.7146690515625 0.14185110625 0.71288014375 0.1383299796875 0.708407871875 0.1363179078125 0.708407871875 0.1363179078125 0.7164579609375 0.13782696249999998 0.7164579609375 0.139336015625 0.7101967796875
2 0.12273641875 0.55992844375 0.124748490625 0.651162790625 0.1277666 0.6627906984374999 0.1277666 0.693202146875 0.13179074375 0.7039356 0.14336016093749998 0.702146690625 0.15140845 0.704830053125 0.15945674062499998 0.7119856890625 0.1659959765625 0.7119856890625 0.1946680078125 0.7245080500000001 0.200704225 0.7245080500000001 0.21126760625 0.7325581390625 0.2173038234375 0.7325581390625 0.22032193125 0.7361359578125 0.22937625781249998 0.7370304109375 0.2384305828125 0.7423971375 0.2615694171875 0.74865831875 0.28118712343749996 0.7584973171875 0.296780684375 0.7629695890625 0.30985915468749997 0.7710196781249999 0.3269617703125 0.7745974953125 0.3516096578125 0.78443649375 0.365191146875 0.78443649375 0.380281690625 0.7763864046875 0.43963782656249994 0.7567084078125 0.44466800781250004 0.7522361359375 0.4617706234375 0.74865831875 0.473340040625 0.7406082296875 0.4964788734375 0.7325581390625 0.5015090546875001 0.7280858671875 0.5015090546875001 0.720035778125 0.5 0.717352415625 0.5015090546875001 0.6923076921875 0.5 0.6833631484375 0.5015090546875001 0.6806797859375 0.5015090546875001 0.6627906984374999 0.503018109375 0.6565295171875001 0.5015090546875001 0.64400715625 0.503018109375 0.55992844375 0.5015090546875001 0.555456171875 0.502515090625 0.537567084375 0.5 0.51162790625 0.503018109375 0.49373881875 0.5015090546875001 0.4794275484375 0.5015090546875001 0.4078711984375 0.5035211265624999 0.393559928125 0.49949698124999997 0.37388193125 0.503018109375 0.3586762078125 0.5015090546875001 0.34704830000000003 0.5 0.3452593921875 0.5 0.3345259390625 0.503018109375 0.3273703046875 0.5015090546875001 0.32021466875 0.503018109375 0.2969588546875 0.5015090546875001 0.2924865828125 0.5015090546875001 0.28085867656249996 0.5 0.2781753125 0.503018109375 0.2584973171875 0.5 0.23703041093750002 0.502515090625 0.21824686875000002 0.5010060359375 0.188729875 0.503018109375 0.1726296953125 0.5015090546875001 0.166368515625 0.502515090625 0.14847942812499998 0.49899396406249996 0.0769230765625 0.34808853125 0.0652951703125 0.2218309859375 0.079606440625 0.2027162984375 0.079606440625 0.1670020125 0.0858676203125 0.1478873234375 0.0858676203125 0.120221328125 0.0903398921875 0.1192152921875 0.09481216406250001 0.11820925625 0.260286225 0.11971830937500001 0.3050089453125 0.12122736406250001 0.5474060828125 0.12273641875 0.55992844375
2 0.12826961718750002 0.9588550984375 0.1262575453125 0.9570661890625001 0.12525150937500001 0.9597495531250001 0.124748490625 0.97316636875 0.1267605640625 0.97584973125 0.12826961718750002 0.97316636875 0.12826961718750002 0.9588550984375
2 0.12734375 0.95234375 0.0015625 0.00234375
2 0.1363179078125 0.9025044718749999 0.1363179078125 0.9087656531249999 0.1383299796875 0.9033989265625 0.1383299796875 0.8872987484375001 0.136820925 0.8828264765625 0.135311871875 0.8872987484375001 0.135311871875 0.8926654734374999 0.13732394375 0.8953488374999999 0.134808853125 0.8998211093749999 0.1363179078125 0.9025044718749999
2 0.061368209375 0.872987478125 0.059859154687500006 0.87119856875 0.056338028124999995 0.8747763859375001 0.0583501 0.8801431125000001 0.055835009375 0.8828264765625 0.056841046875 0.8855098390625 0.061368209375 0.872987478125
2 0.06790744531250001 0.87119856875 0.06690140781250001 0.8828264765625 0.0719315890625 0.872987478125 0.071428571875 0.869409659375 0.06790744531250001 0.87119856875
2 0.0734375 0.86875 0.0015625 0.00078125
2 0.11116700156249999 0.9472271921875001 0.1222334 0.9060822890625 0.124748490625 0.9114490156249999 0.1242454734375 0.9454382828125001 0.129778671875 0.9490161 0.130281690625 0.9311270125 0.12826961718750002 0.915026834375 0.12826961718750002 0.8908765656250001 0.1267605640625 0.8864042937500001 0.129778671875 0.8792486578125001 0.12525150937500001 0.872987478125 0.124748490625 0.8631484796875 0.11971830937500001 0.8568872984375 0.11519114687500001 0.8568872984375 0.11317907499999999 0.8631484796875 0.11267605624999999 0.8765652953125 0.1086519109375 0.9007155640625 0.1061368203125 0.9409660109375 0.0945674046875 0.97584973125 0.09356136875 0.9973166375 0.10513078437500001 0.9991055453125 0.10965794843750001 0.97316636875 0.11116700156249999 0.9472271921875001
2 0.075452715625 0.860465115625 0.076458753125 0.8649373875 0.07796780625000001 0.8649373875 0.0915492953125 0.8452593921875 0.0875251515625 0.8407871203124999 0.085513078125 0.8443649375 0.08501006093749999 0.8407871203124999 0.0799798796875 0.8407871203124999 0.0799798796875 0.8452593921875 0.07796780625000001 0.8434704828124999 0.0769617703125 0.8470483 0.0794768609375 0.85330948125 0.078470825 0.855098390625 0.075620221875 0.855098390625 0.0749496984375 0.8586762078125 0.07277012031249999 0.855098390625 0.0699195171875 0.855098390625 0.0704225359375 0.8586762078125 0.066398390625 0.8613595703125 0.066398390625 0.866726296875 0.06790744531250001 0.866726296875 0.0694164984375 0.860465115625 0.075452715625 0.860465115625
2 0.9496981890624999 0.45527728125 0.9527162984374999 0.4588550984375 0.9542253515624999 0.45527728125 0.9496981890624999 0.45527728125
2 0.9849094562499999 0.42486583125 0.9884305828125 0.42486583125 0.9859154921875 0.4230769234375 0.9849094562499999 0.42486583125
2 0.9175050296875 0.4669051875 0.9300804828125001 0.4669051875 0.9386317906249999 0.4633273703125 0.9426559359375 0.4651162796875 0.943158953125 0.4606440078125 0.94668008125 0.45527728125 0.94668008125 0.44543828281250003 0.9517102609375 0.432915921875 0.973340040625 0.432915921875 0.9763581484375001 0.429338103125 0.9748490953125 0.4212880140625 0.979879275 0.4212880140625 0.9542253515624999 0.41592128749999996 0.9547283703125 0.41234347031249996 0.9592555328125 0.40697674375000004 0.96026156875 0.3989266546875 0.963279678125 0.3953488375 0.9642857140625001 0.3899821109375 0.9662977875 0.3872987484375 0.9849094562499999 0.38908765624999997 0.9869215296875 0.38103756718750004 0.9813883296875 0.369409659375 0.963279678125 0.3631484796875 0.9542253515624999 0.36493738750000004 0.9421529171874999 0.37745975 0.938128771875 0.37745975 0.9356136828125001 0.3747763859375 0.9351106640625 0.36493738750000004 0.9315895375000001 0.3586762078125 0.9310865187499999 0.36851520625 0.9275653921875 0.3720930234375 0.9260563375 0.37835420468750003 0.923541246875 0.3792486578125 0.92203219375 0.38550983906249997 0.9099597578124999 0.38550983906249997 0.8993963781250001 0.4016100171875 0.8928571421875 0.4051878359375 0.889839034375 0.41681574218749995 0.889839034375 0.4311270125 0.894366196875 0.4391771015625 0.9149899390625 0.45348837187499996 0.9175050296875 0.4669051875
2 0.5045271625 0.23613595781250002 0.5065392359375 0.246869409375 0.5045271625 0.2549194984375 0.5045271625 0.279964221875 0.5060362171875 0.28711985625 0.5065392359375 0.3032200359375 0.50503018125 0.3103756703125 0.5065392359375 0.3148479421875 0.5065392359375 0.33542039375 0.5045271625 0.342576028125 0.5045271625 0.35599284375 0.5060362171875 0.3586762078125 0.5080482890625 0.40339892656250004 0.5065392359375 0.40697674375000004 0.5065392359375 0.432915921875 0.5045271625 0.44186046562500003 0.5045271625 0.45259391718749997 0.507545271875 0.4695885515625 0.5065392359375 0.5178890875 0.5080482890625 0.54203935625 0.5231388328125 0.5474060828125 0.5699195171875 0.5518783546875 0.5714285718750001 0.5500894453125 0.5724346078125 0.535778175 0.6312877265625 0.535778175 0.6332997984375 0.5322003578125 0.634808853125 0.537567084375 0.634305834375 0.546511628125 0.629778671875 0.555456171875 0.6327967812499999 0.555456171875 0.6378269624999999 0.5635062609375 0.639839034375 0.57513416875 0.639839034375 0.5876565296875 0.6428571421875 0.5903398921874999 0.65643863125 0.5903398921874999 0.6624748484375 0.584973165625 0.6680080484375 0.5438282640625001 0.6710261562500001 0.549194990625 0.669517103125 0.5518783546875 0.671529175 0.56261180625 0.6710261562500001 0.5876565296875 0.6780684109374999 0.5983899828125 0.6836016093749999 0.5983899828125 0.6856136828125 0.5894454390625 0.6951710265625 0.579606440625 0.7052313890625 0.576028621875 0.7439637828125 0.576028621875 0.8128772640624999 0.5840787125 0.8485915500000001 0.5840787125 0.85261569375 0.57781753125 0.8551307843749999 0.3193202140625 0.8536217296874999 0.2504472265625 0.8546277671875 0.10196780000000001 0.85261569375 0.0983899828125 0.7681086515625 0.0983899828125 0.6036217296874999 0.10375670781249999 0.507545271875 0.1082289796875 0.50503018125 0.11180679843750001 0.5065392359375 0.20930232499999998 0.50503018125 0.21288014375 0.5060362171875 0.226296959375 0.5045271625 0.23613595781250002
2 0.11317907499999999 0.9355992843750001 0.11267605624999999 0.9230769234375 0.1086519109375 0.9275491953125 0.11267605624999999 0.9320214671875 0.11116700156249999 0.9355992843750001 0.11317907499999999 0.9355992843750001
2 0.11167002031249999 0.893559928125 0.11418511093749999 0.893559928125 0.11267605624999999 0.8926654734374999 0.11167002031249999 0.893559928125
2 0.07344064375 0.87388193125 0.0865191140625 0.855098390625 0.09255533125 0.8497316640625 0.09305835 0.8452593921875 0.0900402421875 0.8407871203124999 0.0845070421875 0.8389982109374999 0.0769617703125 0.8407871203124999 0.0749496984375 0.8470483 0.054325956249999995 0.8747763859375001 0.053319918749999994 0.8890876562500001 0.056338028124999995 0.8926654734374999 0.06790744531250001 0.8872987484375001 0.07344064375 0.87388193125
2 0.1016096578125 0.6923076921875 0.10513078437500001 0.695885509375 0.10513078437500001 0.6923076921875 0.1016096578125 0.6923076921875
2 0.8863179078125001 0.5 0.8863179078125001 0.507155634375 0.889839034375 0.51162790625 0.8878269624999999 0.5169946328125 0.8883299796875 0.5393559921875 0.889839034375 0.5438282640625001 0.89738430625 0.540250446875 0.9079476859375 0.5456171734375 0.9451710265625 0.5500894453125 0.9532193156250001 0.5474060828125 0.9547283703125 0.5438282640625001 0.9617706234375 0.540250446875 0.9919517109375 0.537567084375 0.9994969812500001 0.531305903125 0.9994969812500001 0.47584973125 0.979879275 0.47495527656250003 0.9662977875 0.4695885515625 0.943158953125 0.46779964218750003 0.9416499 0.4651162796875 0.9346076453125001 0.4633273703125 0.9180080484375001 0.4651162796875 0.9104627765625001 0.47137745937500003 0.8918511062500001 0.47584973125 0.8822937625 0.48121645781250005 0.8812877265625 0.48389982187499997 0.8933601609374999 0.48747763906249997 0.8963782703125001 0.49105545624999997 0.8863179078125001 0.5
2 0.956237425 0.9677996421874999 0.97585513125 0.9695885515624999 0.9994969812500001 0.9597495531250001 0.9994969812500001 0.9275491953125 0.9949698187499999 0.92486583125 0.9849094562499999 0.9257602859375 0.982897384375 0.9275491953125 0.9808853125000001 0.9355992843750001 0.973340040625 0.9355992843750001 0.963279678125 0.929338103125 0.9582494968749999 0.9355992843750001 0.9597585515624999 0.9382826468750001 0.9592555328125 0.9436493734375 0.956237425 0.9409660109375 0.9567404421875001 0.9454382828125001 0.9547283703125 0.9516994640625001 0.9547283703125 0.9651162796874999 0.956237425 0.9677996421874999
2 0.5548289734375 0.788908765625 0.556338028125 0.795169946875 0.57796780625 0.8023255812500001 0.6167002015625 0.8050089453125 0.629778671875 0.800536671875 0.6363179078125001 0.7924865828125001 0.727867203125 0.782647584375 0.7585513078125 0.7763864046875 0.7776659953125 0.7763864046875 0.77967806875 0.7728085874999999 0.77967806875 0.7584973171875 0.776659959375 0.7522361359375 0.63179074375 0.7522361359375 0.629778671875 0.7423971375 0.6262575453125 0.7370304109375 0.6172032187500001 0.744186046875 0.600100603125 0.7423971375 0.58802816875 0.7450805015624999 0.5764587531250001 0.7343470484375 0.5769617703125001 0.7280858671875 0.5749496984375 0.726296959375 0.5744466796875 0.720035778125 0.5739436625 0.7271914125000001 0.5714285718750001 0.7325581390625 0.5669014078125 0.7325581390625 0.5648893359375 0.7280858671875 0.5598591546875 0.726296959375 0.5548289734375 0.71824686875 0.5432595578125 0.708407871875 0.5352112671875 0.7066189625 0.5316901406250001 0.71288014375 0.5316901406250001 0.73076923125 0.555835009375 0.7647584968750001 0.556338028125 0.7781753124999999 0.5548289734375 0.788908765625
2 0.5769617703125001 0.708407871875 0.5744466796875 0.704830053125 0.5764587531250001 0.702146690625 0.5744466796875 0.695885509375 0.5734406437499999 0.7164579609375 0.5749496984375 0.71824686875 0.5764587531250001 0.7164579609375 0.5769617703125001 0.708407871875
2 0.65078125 0.63984375 0.0015625 0.0015625
2 0.5080482890625 0.6413237921875 0.50955734375 0.642218246875 0.5080482890625 0.6457960640625 0.5135814890625 0.6368515203125 0.5186116703125 0.6350626125 0.5226358156249999 0.6457960640625 0.5261569421875001 0.6457960640625 0.5281690140624999 0.6386404296875 0.5352112671875 0.635957065625 0.565895371875 0.6457960640625 0.5714285718750001 0.64400715625 0.570925553125 0.6198568875 0.5442655937499999 0.6118067984375 0.52967806875 0.618067978125 0.52917505 0.6082289796875 0.517605634375 0.6082289796875 0.5130784703125 0.6055456171875 0.507545271875 0.6055456171875 0.50503018125 0.6100178890625 0.5045271625 0.62611806875 0.50955734375 0.6341681578125 0.5080482890625 0.635957065625 0.5080482890625 0.6413237921875
2 0.9159959765625001 0.45796064375 0.9175050296875 0.4669051875 0.943158953125 0.4633273703125 0.948189134375 0.45348837187499996 0.9532193156250001 0.4588550984375 0.9542253515624999 0.45527728125 0.94668008125 0.44991055468749996 0.94668008125 0.4463327375 0.9522132796875 0.432915921875 0.9994969812500001 0.432915921875 0.9994969812500001 0.4230769234375 0.987927565625 0.41949910625 0.97032193125 0.41949910625 0.9592555328125 0.41681574218749995 0.9567404421875001 0.41323792499999995 0.9652917499999999 0.38908765624999997 0.9864185109375001 0.38908765624999997 0.9864185109375001 0.38550983906249997 0.9909456734375001 0.3792486578125 0.9959758546874999 0.3792486578125 0.9904426562499999 0.37388193125 0.9869215296875 0.36493738750000004 0.9567404421875001 0.3631484796875 0.9456740437500001 0.372987478125 0.938128771875 0.3747763859375 0.9361167 0.36851520625 0.9351106640625 0.3528622546875 0.9325955734375 0.34883720937499996 0.9351106640625 0.34704830000000003 0.9346076453125001 0.33273702968749996 0.9300804828125001 0.330948121875 0.9295774640625 0.3345259390625 0.9280684109375 0.3345259390625 0.9275653921875 0.3291592125 0.924044265625 0.32647585 0.9200201203124999 0.3273703046875 0.9180080484375001 0.333631484375 0.9180080484375001 0.3658318421875 0.9230382296874999 0.372987478125 0.918511065625 0.3828264765625 0.90694165 0.38908765624999997 0.8993963781250001 0.4016100171875 0.8948692156250001 0.40339892656250004 0.8913480890625 0.40966010781250006 0.889839034375 0.4311270125 0.8948692156250001 0.4391771015625 0.91197183125 0.45169946406249994 0.9159959765625001 0.45796064375
2 0.923541246875 0.31842576093749997 0.9230382296874999 0.3211091234375 0.9245472843749999 0.3228980328125 0.9280684109375 0.3211091234375 0.923541246875 0.31842576093749997
2 0.9215291750000001 0.282647584375 0.92102615625 0.28711985625 0.9225352109375 0.28711985625 0.9230382296874999 0.28443649375 0.9215291750000001 0.282647584375
2 0.9346076453125001 0.268336315625 0.9346076453125001 0.2629695890625 0.9315895375000001 0.260286225 0.9285714281249999 0.2629695890625 0.9215291750000001 0.2629695890625 0.9215291750000001 0.28085867656249996 0.9330985921874999 0.2790697671875 0.9325955734375 0.271019678125 0.9346076453125001 0.268336315625
2 0.9230382296874999 0.2504472265625 0.9215291750000001 0.2504472265625 0.9215291750000001 0.260286225 0.9230382296874999 0.2584973171875 0.9230382296874999 0.2504472265625
2 0.9280684109375 0.246869409375 0.92655935625 0.2504472265625 0.9315895375000001 0.2549194984375 0.9310865187499999 0.24865831875 0.9280684109375 0.246869409375
2 0.9310865187499999 0.22271914062499998 0.9310865187499999 0.22808586718749999 0.9351106640625 0.22450805 0.9346076453125001 0.22093023281250002 0.933601609375 0.22271914062499998 0.9255533203124999 0.22003577812500003 0.9245472843749999 0.22450805 0.92655935625 0.226296959375 0.9285714281249999 0.22271914062499998 0.9310865187499999 0.22271914062499998
2 0.9813883296875 0.20840787187499998 0.9899396375 0.20840787187499998 0.9869215296875 0.20661896249999998 0.9813883296875 0.20840787187499998
2 0.9517102609375 0.20840787187499998 0.9683098593749999 0.2101967796875 0.9698189140625001 0.20483005312499997 0.9718309859375 0.20840787187499998 0.9735075453125001 0.20393560000000002 0.98038229375 0.20214669062500001 0.992454728125 0.20393560000000002 0.9914486921875 0.20840787187499998 0.9994969812500001 0.20840787187499998 0.9994969812500001 0.19856887343750002 0.9816841046875 0.19856887343750002 0.9808853125000001 0.20214669062500001 0.9791393359375 0.19856887343750002 0.956237425 0.19856887343750002 0.9476861171875001 0.1940966015625 0.9456740437500001 0.1967799640625 0.9200201203124999 0.20035778125 0.9200201203124999 0.20840787187499998 0.923541246875 0.2146690515625 0.9351106640625 0.2101967796875 0.9517102609375 0.20840787187499998
2 0.967806840625 0.1502683359375 0.967806840625 0.1404293375 0.9637473968749999 0.1360982953125 0.9617706234375 0.14400715625 0.967806840625 0.1502683359375
2 0.9662977875 0.0393559921875 0.9849094562499999 0.0697674421875 0.9864185109375001 0.0769230765625 0.9864185109375001 0.0921288015625 0.9884305828125 0.0983899828125 0.987927565625 0.11717352343750001 0.9849094562499999 0.13774597500000002 0.9763581484375001 0.1502683359375 0.9783702218749999 0.1592128796875 0.977867203125 0.1681574234375 0.9808853125000001 0.1699463328125 0.9909456734375001 0.1520572453125 0.9914486921875 0.14669051875 0.9959758546874999 0.1404293375 0.9964788734375001 0.1350626125 0.9994969812500001 0.13237924843749999 0.9994969812500001 0.0840787125 0.996981890625 0.0831842578125 0.9949698187499999 0.07155635 0.983400403125 0.0483005359375 0.9738430578124999 0.0393559921875 0.9713279671875 0.0393559921875 0.9708249500000001 0.04472271875 0.9688128765625 0.0393559921875 0.9662977875 0.0393559921875
2 0.649899396875 0.688729875 0.649899396875 0.6833631484375 0.654929578125 0.68246869375 0.6529175046875 0.6788908765625 0.654929578125 0.677996421875 0.6544265593749999 0.6762075140625 0.6483903421874999 0.6842576031250001 0.649396378125 0.688729875 0.6463782703125001 0.6878354203125 0.6463782703125001 0.6923076921875 0.649899396875 0.688729875
2 0.51484375 0.64921875 0.00078125 0.0015625
2 0.6680080484375 0.6296958859374999 0.671529175 0.5983899828125 0.66649899375 0.5921288015624999 0.6609657953125 0.5921288015624999 0.65694165 0.6082289796875 0.65643863125 0.62611806875 0.6599597578124999 0.6341681578125 0.6614688125 0.635957065625 0.6680080484375 0.6296958859374999
2 0.5764587531250001 0.3085867625 0.5744466796875 0.3103756703125 0.5734406437499999 0.3228980328125 0.5744466796875 0.3273703046875 0.572937625 0.36493738750000004 0.5749496984375 0.375670840625 0.575955734375 0.40608228906250005 0.5734406437499999 0.415026834375 0.5744466796875 0.417710196875 0.572937625 0.45438282656249995 0.572937625 0.507155634375 0.5744466796875 0.5134168156250001 0.5744466796875 0.5330948125 0.572937625 0.54203935625 0.572937625 0.6162790703125001 0.5744466796875 0.62880143125 0.5719315890625001 0.648479428125 0.5719315890625001 0.722719140625 0.5684104624999999 0.7280858671875 0.5603621734375 0.726296959375 0.5477867203125 0.7119856890625 0.53973843125 0.7066189625 0.5352112671875 0.7066189625 0.5316901406250001 0.71288014375 0.5311871234375001 0.7280858671875 0.53470825 0.7361359578125 0.53973843125 0.7388193203125 0.546277665625 0.7522361359375 0.5482897390625 0.7522361359375 0.5548289734375 0.7620751343750001 0.556338028125 0.7665474062500001 0.5548289734375 0.7808586765625 0.556338028125 0.7942754921875 0.5915492953125 0.8050089453125 0.6262575453125 0.8023255812500001 0.6363179078125001 0.7924865828125001 0.6433601609374999 0.790697675 0.6725352109375 0.788908765625 0.7002012078125001 0.782647584375 0.717806840625 0.782647584375 0.7776659953125 0.773703040625 0.77967806875 0.7620751343750001 0.7761569421875001 0.7522361359375 0.6312877265625 0.7522361359375 0.6292756546875 0.7406082296875 0.6262575453125 0.7352415031249999 0.6267605640625 0.7245080500000001 0.6327967812499999 0.7164579609375 0.634808853125 0.7101967796875 0.63811636875 0.7068885234375 0.6378269624999999 0.704830053125 0.6332997984375 0.708407871875 0.6327967812499999 0.71556350625 0.6242454734375 0.717352415625 0.6232394359375 0.7075134171874999 0.624748490625 0.6762075140625 0.62273641875 0.6672629703124999 0.625251509375 0.6565295171875001 0.62273641875 0.6413237921875 0.6232394359375 0.5536672625 0.6212273640625 0.5384615390625 0.62273641875 0.535778175 0.6242454734375 0.5196779968749999 0.6217303828125 0.47853309531250005 0.6232394359375 0.47316636875 0.6232394359375 0.415026834375 0.625251509375 0.40339892656250004 0.6212273640625 0.3971377453125 0.620221328125 0.3828264765625 0.6217303828125 0.36493738750000004 0.6197183093749999 0.311270125 0.6232394359375 0.282647584375 0.6217303828125 0.22003577812500003 0.6197183093749999 0.2146690515625 0.6116700203125001 0.21198568906249998 0.6061368203125 0.20661896249999998 0.5980885312499999 0.20661896249999998 0.5769617703125001 0.2164579609375 0.5719315890625001 0.228980321875 0.5719315890625001 0.24418604687499998 0.5744466796875 0.26475849687499997 0.5734406437499999 0.268336315625 0.5764587531250001 0.2745974953125 0.5744466796875 0.28175313125 0.5764587531250001 0.3085867625
2 0.963279678125 0.501788909375 0.987927565625 0.5 0.9994969812500001 0.49194991093749996 0.9994969812500001 0.47584973125 0.983400403125 0.47584973125 0.9662977875 0.4695885515625 0.943158953125 0.46779964218750003 0.9401408453125001 0.4651162796875 0.9149899390625 0.46779964218750003 0.8812877265625 0.48121645781250005 0.879778671875 0.48389982187499997 0.8963782703125001 0.489266546875 0.9456740437500001 0.495527728125 0.963279678125 0.501788909375