2 0.4824074078125 0.8336192109375 0.48518518593750004 0.826758146875 0.5018518515625 0.8301886796875 0.5925925921874999 0.8747855921875001 0.6009259265625 0.90737564375 0.6074074078125 0.9176672390625 0.6231481484375 0.9245283015625001 0.6416666671875 0.9245283015625001 0.6490740734375 0.9176672390625 0.6574074078125001 0.9176672390625 0.6638888890625 0.9279588343749999 0.671296296875 0.9313893656250001 0.6805555562500001 0.9313893656250001 0.7898148140625 0.8782161234375 0.8074074078125 0.8747855921875001 0.8138888890624999 0.86277873125 0.8166666671874999 0.849056603125 0.8138888890624999 0.7667238421875 0.8166666671874999 0.75471698125 0.8138888890624999 0.7427101203124999 0.8138888890624999 0.692967409375 0.8101851859375 0.6775300171875 0.8138888890624999 0.6346483703125 0.8101851859375 0.6106346484375 0.8120370375 0.5728988 0.8074074078125 0.5385934812500001 0.8101851859375 0.516295025 0.8101851859375 0.4905660375 0.8074074078125 0.48027444218750004 0.8101851859375 0.47169811250000004 0.8101851859375 0.4511149234375 0.8055555562500001 0.43224699843750003 0.809259259375 0.38078902187499997 0.8055555562500001 0.3653516296875 0.8074074078125 0.32418524843749996 0.8027777781250001 0.307032590625 0.8074074078125 0.2590051453125 0.8046296296875 0.24871355 0.8055555562500001 0.21440823281250002 0.8009259265625 0.19382504218750002 0.8046296296875 0.1423670671875 0.79444444375 0.11320754687500001 0.6870370375 0.034305317187500003 0.6638888890625 0.0257289875 0.6166666671875001 0.0737564328125 0.4620370375 0.2041166375 0.4509259265625 0.21783876562499999 0.4481481484375 0.23670668906249998 0.44444444375 0.804459690625 0.4509259265625 0.8336192109375 0.471296296875 0.8387650078125001 0.4824074078125 0.8336192109375
2 0.4796296296875 0.6089193828125 0.48425925937500003 0.6089193828125 0.48055555625 0.60548885 0.4796296296875 0.6089193828125
2 0.5101851859375001 0.22641509375000002 0.5 0.22641509375000002 0.4981481484375 0.22984562656250002 0.5046296296875 0.24013722187500003 0.5101851859375001 0.24013722187500003 0.5101851859375001 0.22641509375000002
2 0.46388888906250003 0.40994854218750004 0.4620370375 0.42538593437500005 0.46481481406249997 0.43224699843750003 0.4601851859375 0.44596912499999997 0.4601851859375 0.4579759859375 0.46851851875 0.47169811250000004 0.4620370375 0.4785591765625 0.47592592656250005 0.49399656875 0.47592592656250005 0.5265866203125 0.46944444374999994 0.536878215625 0.4731481484375 0.5574614062500001 0.46666666718750005 0.559176671875 0.4601851859375 0.5728988 0.4620370375 0.5883361921875 0.4861111109375 0.5917667234375 0.4888888890625 0.6123499140625001 0.48055555625 0.6140651796875 0.48055555625 0.6209262437499999 0.48333333281249996 0.6243567750000001 0.48425925937500003 0.619210978125 0.48703703750000005 0.6312178390625001 0.5370370375 0.644939965625 0.5546296296875 0.6312178390625001 0.5638888890625 0.6346483703125 0.5666666671875 0.6243567750000001 0.5638888890625 0.600343053125 0.5666666671875 0.581475128125 0.5666666671875 0.49399656875 0.5638888890625 0.48713550625 0.5666666671875 0.4819897078125 0.5648148140625 0.447684390625 0.56851851875 0.42538593437500005 0.5638888890625 0.30188679218750003 0.5666666671875 0.2984562609375 0.56851851875 0.2538593484375 0.5666666671875 0.21783876562499999 0.5574074078125 0.20754717031249997 0.5620370375 0.197255575 0.5574074078125 0.19382504218750002 0.5574074078125 0.18524871406250001 0.5351851859375001 0.197255575 0.5305555562500001 0.2041166375 0.5324074078125001 0.2109777015625 0.5398148140625 0.2161234984375 0.5370370375 0.221269296875 0.5351851859375001 0.21783876562499999 0.5296296296875 0.2332761578125 0.5240740734375 0.2332761578125 0.522222221875 0.22469982812499997 0.5166666671875 0.22469982812499997 0.51944444375 0.24013722187500003 0.5129629625 0.246998284375 0.497222221875 0.246998284375 0.49629629687500004 0.23670668906249998 0.48981481406249994 0.2332761578125 0.48518518593750004 0.24013722187500003 0.4888888890625 0.2572898796875 0.47592592656250005 0.2590051453125 0.4768518515625 0.284734134375 0.46851851875 0.28987993125 0.4675925921875 0.2984562609375 0.46388888906250003 0.30188679218750003 0.4675925921875 0.3207547171875 0.4601851859375 0.36020583125 0.4601851859375 0.3893653515625 0.46388888906250003 0.40994854218750004
2 0.4916666671875 0.5797598625 0.49444444374999996 0.5883361921875 0.49444444374999996 0.6174957125 0.4916666671875 0.6209262437499999 0.49629629687500004 0.6312178390625001 0.527777778125 0.641509434375 0.5638888890625 0.6243567750000001 0.5620370375 0.5797598625 0.5666666671875 0.552315609375 0.5666666671875 0.5042881640625 0.49444444374999996 0.5111492281250001 0.48981481406249994 0.516295025 0.48981481406249994 0.5557461406249999 0.49444444374999996 0.5728988 0.4916666671875 0.5797598625
2 0.48981481406249994 0.28301886718749997 0.5138888890625 0.29502572968749996 0.5481481484375 0.29502572968749996 0.5666666671875 0.28301886718749997 0.5666666671875 0.21783876562499999 0.5638888890625 0.197255575 0.5574074078125 0.18524871406250001 0.5351851859375001 0.197255575 0.5324074078125001 0.2041166375 0.534259259375 0.22469982812499997 0.5259259265625 0.24013722187500003 0.521296296875 0.24013722187500003 0.521296296875 0.22641509375000002 0.5120370375000001 0.22984562656250002 0.5074074078125 0.22469982812499997 0.5009259265625 0.22469982812499997 0.48703703750000005 0.23670668906249998 0.48518518593750004 0.246998284375 0.4888888890625 0.2590051453125 0.48518518593750004 0.26929674062500003 0.48981481406249994 0.28301886718749997
2 0.1824074078125 0.826758146875 0.1851851859375 0.8387650078125001 0.1981481484375 0.849056603125 0.3101851859375 0.88850771875 0.32777777812500003 0.88850771875 0.3351851859375 0.8747855921875001 0.3574074078125 0.8782161234375 0.371296296875 0.86963979375 0.38240740781250004 0.8301886796875 0.39351851875 0.826758146875 0.44166666718750003 0.7907375640625001 0.44166666718750003 0.7581475125 0.4388888890625 0.753001715625 0.4388888890625 0.730703259375 0.44166666718750003 0.7255574609375001 0.4388888890625 0.578044596875 0.44351851875000003 0.552315609375 0.44351851875000003 0.2538593484375 0.38703703749999996 0.1886792453125 0.36666666718749996 0.159519725 0.3509259265625 0.1457975984375 0.32777777812500003 0.11320754687500001 0.302777778125 0.12006861093750001 0.2666666671875 0.1457975984375 0.196296296875 0.18181818125 0.1898148140625 0.2041166375 0.1916666671875 0.2590051453125 0.1888888890625 0.28301886718749997 0.1916666671875 0.291595196875 0.1888888890625 0.32418524843749996 0.1916666671875 0.337907375 0.1870370375 0.40651801093750006 0.1888888890625 0.5025728984375 0.1851851859375 0.5231560890625 0.1870370375 0.6689536875 0.1824074078125 0.7392795890625 0.1851851859375 0.7581475125 0.1824074078125 0.826758146875
2 0.46851851875 0.39794168124999996 0.46851851875 0.41680960625 0.4768518515625 0.4373927953125 0.48981481406249994 0.44939965624999995 0.521296296875 0.44596912499999997 0.5351851859375001 0.40308747812499995 0.5324074078125001 0.38593482031250004 0.534259259375 0.36020583125 0.527777778125 0.3310463125 0.5101851859375001 0.30874785625 0.48703703750000005 0.3053173234375 0.477777778125 0.30874785625 0.46851851875 0.332761578125 0.46851851875 0.36020583125 0.46481481406249997 0.3636363640625 0.46481481406249997 0.3842195546875 0.46851851875 0.39794168124999996
2 0.5666666671875 0.21440823281250002 0.5527777781250001 0.2109777015625 0.5453703703125 0.21783876562499999 0.5370370375 0.21783876562499999 0.5351851859375001 0.22469982812499997 0.5324074078125001 0.23670668906249998 0.5351851859375001 0.246998284375 0.5666666671875 0.2590051453125 0.5666666671875 0.21440823281250002
2 0.184259259375 0.692967409375 0.1851851859375 0.7907375640625001 0.1824074078125 0.8010291593750001 0.1824074078125 0.823327615625 0.1861111109375 0.840480275 0.1916666671875 0.845626071875 0.3138888890625 0.88850771875 0.32592592656249997 0.88850771875 0.3398148140625 0.86963979375 0.3481481484375 0.8782161234375 0.36851851875 0.871355059375 0.3759259265625 0.8593481984375 0.3759259265625 0.845626071875 0.38240740781250004 0.8301886796875 0.43518518593750005 0.797598628125 0.44166666718750003 0.7838765015625 0.4481481484375 0.826758146875 0.45555555625000005 0.8370497421875 0.47222222187499996 0.8387650078125001 0.4824074078125 0.8336192109375 0.48518518593750004 0.826758146875 0.49444444374999996 0.826758146875 0.5898148140624999 0.871355059375 0.5981481484375 0.88850771875 0.6009259265625 0.90737564375 0.6148148140624999 0.9210977703125 0.6416666671875 0.9245283015625001 0.6574074078125001 0.91423670625 0.6648148140625 0.9279588343749999 0.6731481484375 0.9313893656250001 0.8055555562500001 0.8747855921875001 0.8138888890624999 0.86277873125 0.8138888890624999 0.8524871359375 0.8166666671874999 0.849056603125 0.8138888890624999 0.7667238421875 0.8166666671874999 0.75471698125 0.8138888890624999 0.7461406515625 0.8138888890624999 0.692967409375 0.8101851859375 0.6775300171875 0.8138888890624999 0.6346483703125 0.8101851859375 0.6123499140625001 0.8120370375 0.57632933125 0.8074074078125 0.5385934812500001 0.8101851859375 0.5197255578125 0.8101851859375 0.4905660375 0.8074074078125 0.48370497500000004 0.8101851859375 0.4511149234375 0.8055555562500001 0.43224699843750003 0.809259259375 0.38078902187499997 0.8055555562500001 0.3653516296875 0.8074074078125 0.32418524843749996 0.8027777781250001 0.307032590625 0.8027777781250001 0.2864494 0.8074074078125 0.2590051453125 0.8027777781250001 0.243567753125 0.8055555562500001 0.21440823281250002 0.8009259265625 0.195540309375 0.8046296296875 0.1457975984375 0.796296296875 0.116638078125 0.7731481484375 0.09605488906250001 0.759259259375 0.090909090625 0.678703703125 0.0291595203125 0.6666666671875 0.0257289875 0.6129629624999999 0.0771869640625 0.45555555625000005 0.2109777015625 0.4509259265625 0.21783876562499999 0.4481481484375 0.2590051453125 0.44259259218749997 0.2590051453125 0.4388888890625 0.246998284375 0.3888888890625 0.1886792453125 0.3851851859375 0.1886792453125 0.36666666718749996 0.16123499218749998 0.34351851875 0.1389365359375 0.3324074078125 0.12006861093750001 0.31944444375000003 0.11320754687500001 0.2916666671875 0.1269296734375 0.2675925921875 0.1457975984375 0.19444444375 0.18524871406250001 0.1916666671875 0.197255575 0.1898148140625 0.27272727343750003 0.1916666671875 0.35162950312499996 0.1870370375 0.40994854218750004 0.1888888890625 0.5694682671875 0.1851851859375 0.5849056609375001 0.1870370375 0.6723842203125 0.184259259375 0.692967409375
2 0.5638888890625 0.2864494 0.5666666671875 0.2795883359375 0.5638888890625 0.2590051453125 0.54444444375 0.2504288171875 0.54351851875 0.243567753125 0.5388888890625 0.24013722187500003 0.5324074078125001 0.24013722187500003 0.5259259265625 0.2504288171875 0.49629629687500004 0.2538593484375 0.4888888890625 0.2607204109375 0.4888888890625 0.2795883359375 0.5166666671875 0.29502572968749996 0.546296296875 0.29502572968749996 0.5638888890625 0.2864494