2 0.388 0.588 0.42400000000000004 0.6 0.604 0.592 0.6839999999999999 0.576 0.8960000000000001 0.572 0.884 0.524 0.868 0.512 0.45599999999999996 0.516 0.3 0.504 0.288 0.516 0.22799999999999998 0.508 0.156 0.52 0.148 0.58 0.312 0.576 0.356 0.6 0.388 0.588
2 0.08399999999999999 0.6559999999999999 0.08399999999999999 0.604 0.13999999999999999 0.572 0.10400000000000001 0.544 0.068 0.544 0.064 0.564 0.004 0.568 0.004 0.648 0.024 0.632 0.05600000000000001 0.6799999999999999 0.08399999999999999 0.6559999999999999
2 0 0.9880000000000001 0.064 0.9880000000000001 0.016 0.8320000000000001 0.012 0.8 0.04 0.6799999999999999 0.032 0.6519999999999999 0.016 0.648 0 0.6599999999999999 0 0.685332 0.024 0.7 0.012 0.72 0 0.710668 0 0.76 0.012 0.776 0 0.780668 0.012 0.788 0 0.801332 0.012 0.8119999999999999 0 0.8220000000000001 0 0.9880000000000001
2 0 0.492 0.012 0.44800000000000006 0 0.43600000000000005 0 0.492
2 0.952 0.8720000000000001 0.9359999999999999 0.9480000000000001 0.9880000000000001 0.952 0.992 0.78 0.952 0.8720000000000001
2 0.992 0.64 0.9800000000000001 0.624 0.9720000000000001 0.636 0.9640000000000001 0.6719999999999999 0.9880000000000001 0.692 0.992 0.712 0.992 0.64
2 0.944 0.628 0.9199999999999999 0.576 0.8480000000000001 0.592 0.688 0.584 0.6759999999999999 0.596 0.364 0.608 0.324 0.592 0.16399999999999998 0.592 0.1 0.604 0.092 0.688 0.128 0.7 0.9480000000000001 0.6799999999999999 0.944 0.628
2 0.252 0.404 0.252 0.44000000000000006 0.388 0.44400000000000006 0.388 0.41600000000000004 0.376 0.404 0.348 0.404 0.344 0.41600000000000004 0.316 0.404 0.252 0.404
2 0 0.63 0.016 0.64 0 0.6519999999999999 0.008 0.6559999999999999 0.024 0.632 0.052000000000000005 0.6759999999999999 0.068 0.6799999999999999 0.08399999999999999 0.6519999999999999 0.08399999999999999 0.604 0.10800000000000001 0.596 0.12 0.572 0.13999999999999999 0.572 0.11200000000000002 0.5559999999999999 0.10400000000000001 0.46399999999999997 0.024 0.45999999999999996 0.016 0.472 0 0.508 0 0.63
2 0.976 0.8320000000000001 0.992 0.8099999999999999 0.9880000000000001 0.78 0.952 0.8720000000000001 0.9359999999999999 0.9359999999999999 0.9880000000000001 0.952 0.992 0.836 0.976 0.8320000000000001
2 0.924 0.508 0.8880000000000001 0.516 0.8960000000000001 0.548 0.9279999999999999 0.532 0.924 0.508
2 0.944 0.62 0.9199999999999999 0.572 0.9039999999999999 0.572 0.876 0.52 0.852 0.512 0.16399999999999998 0.512 0.148 0.572 0.096 0.604 0.092 0.688 0.12 0.7 0.9480000000000001 0.6799999999999999 0.944 0.62
2 0.8960000000000001 0.992 0.9119999999999999 0.984 0.9880000000000001 0.768 0.984 0.7 0.9720000000000001 0.688 0.032 0.712 0.016 0.72 0.016 0.8160000000000001 0.076 0.992 0.8960000000000001 0.992
2 0.53828125 0.3078125 0.00390625 0.0078125
2 0.5519999999999999 0.27999999999999997 0.564 0.284 0.576 0.312 0.564 0.324 0.584 0.33999999999999997 0.58 0.304 0.596 0.296 0.596 0.264 0.5519999999999999 0.268 0.54 0.292 0.52 0.272 0.516 0.284 0.536 0.3 0.5519999999999999 0.3 0.5519999999999999 0.27999999999999997
2 0.42800000000000005 0.22799999999999998 0.42000000000000004 0.236 0.44400000000000006 0.26 0.45599999999999996 0.22799999999999998 0.42800000000000005 0.22799999999999998
2 0.636 0.22799999999999998 0.612 0.236 0.596 0.22400000000000003 0.6 0.252 0.636 0.22799999999999998
2 0.43200000000000005 0.192 0.44800000000000006 0.192 0.43600000000000005 0.184 0.43200000000000005 0.192
2 0.304 0.172 0.3 0.184 0.312 0.192 0.316 0.172 0.304 0.172
2 0.5599999999999999 0.20800000000000002 0.576 0.21600000000000003 0.564 0.176 0.5599999999999999 0.20800000000000002
2 0.3296875 0.1421875 0.00390625 0.01171875
2 0.508 0.13999999999999999 0.52 0.128 0.568 0.13999999999999999 0.596 0.11200000000000002 0.584 0.076 0.596 0.05600000000000001 0.644 0.064 0.64 0.11599999999999999 0.6639999999999999 0.136 0.72 0.13999999999999999 0.736 0.156 0.744 0.196 0.728 0.22799999999999998 0.744 0.252 0.784 0.284 0.8320000000000001 0.268 0.86 0.288 0.8640000000000001 0.388 0.892 0.41200000000000003 0.892 0.42800000000000005 0.8119999999999999 0.43600000000000005 0.8 0.392 0.712 0.392 0.6599999999999999 0.404 0.648 0.44400000000000006 0.44800000000000006 0.43600000000000005 0.41200000000000003 0.44800000000000006 0.384 0.44400000000000006 0.388 0.41600000000000004 0.36 0.404 0.312 0.404 0.308 0.41600000000000004 0.296 0.404 0.252 0.404 0.244 0.41600000000000004 0.256 0.42800000000000005 0.244 0.44800000000000006 0.184 0.44800000000000006 0.18 0.43600000000000005 0.156 0.44400000000000006 0.156 0.368 0.13999999999999999 0.36 0.128 0.304 0.128 0.36 0.148 0.372 0.148 0.388 0.128 0.392 0.144 0.41600000000000004 0.136 0.42800000000000005 0.152 0.43600000000000005 0.136 0.45599999999999996 0.13999999999999999 0.508 0.248 0.492 0.43600000000000005 0.492 0.45599999999999996 0.504 0.8640000000000001 0.492 0.908 0.504 0.9359999999999999 0.052000000000000005 0.9199999999999999 0.04 0.9 0.048 0.654 0.036 0.64 0.05600000000000001 0.624 0.052000000000000005 0.632 0.036 0.62 0.048 0.6 0.048 0.61 0.036 0.45999999999999996 0.036 0.492 0.076 0.476 0.092 0.48 0.11599999999999999 0.508 0.13999999999999999
2 0.11200000000000002 0.032 0.11200000000000002 0.10400000000000001 0.128 0.11599999999999999 0.11599999999999999 0.148 0.132 0.16 0.11599999999999999 0.16799999999999998 0.12 0.20800000000000002 0.136 0.21200000000000002 0.148 0.192 0.148 0.16399999999999998 0.136 0.16 0.128 0.128 0.13999999999999999 0.11200000000000002 0.20800000000000002 0.11200000000000002 0.23199999999999998 0.132 0.244 0.172 0.256 0.11200000000000002 0.312 0.08 0.348 0.08399999999999999 0.4 0.128 0.43200000000000005 0.11200000000000002 0.42800000000000005 0.072 0.44800000000000006 0.036 0.41600000000000004 0.032 0.334932 0.032 0.316 0.052000000000000005 0.314668 0.032 0.11200000000000002 0.032
2 0.156 0.6679999999999999 0.18 0.6839999999999999 0.172 0.6599999999999999 0.156 0.6679999999999999
2 0.184 0.6599999999999999 0.196 0.6639999999999999 0.192 0.6559999999999999 0.184 0.6599999999999999
2 0.11599999999999999 0.6719999999999999 0.128 0.6519999999999999 0.12 0.6519999999999999 0.10400000000000001 0.632 0.1 0.64 0.10400000000000001 0.6799999999999999 0.128 0.6799999999999999 0.11599999999999999 0.6719999999999999
2 0.26 0.612 0.244 0.608 0.244 0.624 0.22799999999999998 0.632 0.21600000000000003 0.6719999999999999 0.22799999999999998 0.6519999999999999 0.256 0.648 0.26 0.612
2 0.40234375 0.334375 0.00390625 0.01171875
2 0.244 0.32799999999999996 0.244 0.33999999999999997 0.256 0.32799999999999996 0.244 0.32799999999999996
2 0.44400000000000006 0.32799999999999996 0.42000000000000004 0.372 0.45999999999999996 0.356 0.46399999999999997 0.324 0.44400000000000006 0.32799999999999996
2 0.36 0.316 0.372 0.324 0.368 0.304 0.36 0.316
2 0.39609375 0.28203125 0.0078125 0.00390625
2 0.172 0.21600000000000003 0.2 0.18 0.18 0.16399999999999998 0.156 0.184 0.156 0.20800000000000002 0.16799999999999998 0.20400000000000001 0.172 0.21600000000000003
2 0.11599999999999999 0.144 0.132 0.16 0.11599999999999999 0.16399999999999998 0.11599999999999999 0.184 0.128 0.244 0.13999999999999999 0.244 0.128 0.284 0.13999999999999999 0.316 0.128 0.326668 0.144 0.33999999999999997 0.128 0.348 0.128 0.392 0.13999999999999999 0.508 0.156 0.516 0.148 0.572 0.18 0.5599999999999999 0.2 0.584 0.23199999999999998 0.576 0.22799999999999998 0.604 0.288 0.604 0.284 0.62 0.296 0.632 0.272 0.6719999999999999 0.288 0.688 0.944 0.6799999999999999 0.9199999999999999 0.584 0.8960000000000001 0.572 0.876 0.58 0.8640000000000001 0.568 0.884 0.54 0.8560000000000001 0.516 0.8640000000000001 0.5 0.892 0.508 0.916 0.492 0.9359999999999999 0.052000000000000005 0.8960000000000001 0.04 0.54 0.032 0.11200000000000002 0.032 0.11200000000000002 0.1 0.128 0.11599999999999999 0.11599999999999999 0.144