3 0.4978260875 0.9942028984375 0.4978260875 0.87536231875 0.47608695624999997 0.79710145 0.47173912968750004 0.6898550718750001 0.4413043484375 0.686956521875 0.436956521875 0.7797101453125 0.47173912968750004 0.8811594203125 0.47173912968750004 0.9942028984375 0.4978260875 0.9942028984375
3 0.686956521875 0.6898550718750001 0.6804347828124999 0.7043478265625 0.6717391296875 0.6898550718750001 0.6478260875 0.6927536234375 0.62391304375 0.7159420296875 0.610869565625 0.6956521734375001 0.6021739125 0.7043478265625 0.5717391296875001 0.6898550718750001 0.565217390625 0.7043478265625 0.5586956515625 0.6898550718750001 0.5152173906249999 0.6898550718750001 0.5152173906249999 0.7420289859375 0.52608695625 0.7681159421875 0.5804347828124999 0.8231884062500001 0.62608695625 0.8927536234375 0.6282608703125 0.9942028984375 0.665217390625 0.988405796875 0.660869565625 0.9072463765625001 0.686956521875 0.8347826093749999 0.72608695625 0.7565217390625001 0.7304347828125 0.6898550718750001 0.7217391296875 0.6898550718750001 0.715217390625 0.7043478265625 0.710869565625 0.6898550718750001 0.686956521875 0.6898550718750001
3 0.3717391296875 0.9942028984375 0.3956521734375 0.9942028984375 0.410869565625 0.9246376812499999 0.410869565625 0.8202898546874999 0.389130434375 0.67536231875 0.3934782609375 0.57391304375 0.3478260875 0.565217390625 0.3478260875 0.6898550718750001 0.386956521875 0.8289855078125001 0.38260869531249997 0.9420289859375 0.3717391296875 0.9942028984375
2 0.463043478125 0.7536231890625 0.465217390625 0.7681159421875 0.47173912968750004 0.7681159421875 0.47173912968750004 0.7565217390625001 0.463043478125 0.7536231890625
2 0.339130434375 0.6202898546875 0.35 0.7159420296875 0.360869565625 0.736231884375 0.386956521875 0.8405797093749999 0.38260869531249997 0.9362318843749999 0.3717391296875 0.9942028984375 0.3956521734375 0.9942028984375 0.410869565625 0.9275362312500001 0.410869565625 0.8 0.4 0.710144928125 0.389130434375 0.6782608703124999 0.3934782609375 0.6695652171875001 0.386956521875 0.6173913046874999 0.3934782609375 0.6086956515625 0.3934782609375 0.5710144921875 0.3434782609375 0.5681159421875 0.3434782609375 0.585507246875 0.3543478265625 0.5942028984375 0.3434782609375 0.60289855 0.339130434375 0.6202898546875
2 0.336956521875 0.736231884375 0.3326086953125 0.77681159375 0.36521739062499997 0.77681159375 0.3543478265625 0.72753623125 0.336956521875 0.736231884375
2 0.32391304375 0.585507246875 0.3282608703125 0.6202898546875 0.336956521875 0.62608695625 0.339130434375 0.5797101453125 0.3543478265625 0.5478260875000001 0.2956521734375 0.5304347828125 0.284782609375 0.5507246375 0.27608695625 0.5304347828125 0.2934782609375 0.585507246875 0.32391304375 0.585507246875
2 0.38260869531249997 0.4521739125 0.39782608750000004 0.47246376874999996 0.39782608750000004 0.52753623125 0.36521739062499997 0.5507246375 0.37391304375 0.5449275359375 0.3782608703125 0.5623188406249999 0.39782608750000004 0.5681159421875 0.3934782609375 0.6434782609374999 0.4 0.6521739125 0.39782608750000004 0.6898550718750001 0.41521739062499996 0.7826086953125 0.4326086953125 0.77681159375 0.4326086953125 0.6927536234375 0.4434782609375 0.6811594203125 0.47608695624999997 0.6898550718750001 0.48260869531250006 0.7855072468750001 0.513043478125 0.7855072468750001 0.52608695625 0.77681159375 0.5086956515625001 0.7333333328125 0.510869565625 0.6811594203125 0.584782609375 0.686956521875 0.6217391296875 0.7072463765625 0.65 0.686956521875 0.7304347828125 0.6840579703125 0.736956521875 0.6898550718750001 0.736956521875 0.736231884375 0.7217391296875 0.7855072468750001 0.9108695656249999 0.7826086953125 0.92608695625 0.40869565156250004 0.8391304343750001 0.00289855 0.2782608703125 0 0.265217390625 0.00289855 0.25 0.101449275 0.23913043437499998 0.1304347828125 0.2 0.3536231890625 0.2543478265625 0.388405796875 0.313043478125 0.40869565156250004 0.38260869531249997 0.4521739125
2 0.4978260875 0.9942028984375 0.4978260875 0.8695652171875 0.47608695624999997 0.79710145 0.47608695624999997 0.7507246375000001 0.465217390625 0.7333333328125 0.47173912968750004 0.7043478265625 0.465217390625 0.6927536234375 0.463043478125 0.7043478265625 0.45434782656249995 0.7043478265625 0.45 0.6898550718750001 0.439130434375 0.6898550718750001 0.436956521875 0.7797101453125 0.46956521718750005 0.87246376875 0.47173912968750004 0.988405796875 0.4978260875 0.9942028984375
2 0.67734375 0.70546875 0.00234375 0.003125
2 0.6 0.6898550718750001 0.6 0.7072463765625 0.6043478265625 0.701449275 0.6282608703125 0.713043478125 0.62608695625 0.72753623125 0.6434782609374999 0.7072463765625 0.6478260875 0.6898550718750001 0.67391304375 0.686956521875 0.6782608703124999 0.6956521734375001 0.6826086953125 0.686956521875 0.713043478125 0.686956521875 0.715217390625 0.701449275 0.72608695625 0.686956521875 0.736956521875 0.7043478265625 0.735069728125 0.7244736109375001 0.75 0.7159420296875 0.75 0.6666666671875 0.736956521875 0.6289855078125 0.5717391296875001 0.62608695625 0.5152173906249999 0.6289855078125 0.510869565625 0.6405797093750001 0.5043478265625 0.6840579703125 0.536956521875 0.686956521875 0.5413043484375 0.6724637687499999 0.560869565625 0.6956521734375001 0.57608695625 0.6840579703125 0.6 0.6898550718750001