3 0.51969504375 0.0019047625 0.5273189328125001 0.038095237500000004 0.53440996875 0.038095237500000004 0.5311308765625 0.028571428125 0.5273189328125001 0 0.51969504375 0.0019047625
3 0.5438373578125 0.091428571875 0.5514612453125001 0.089523809375 0.5552731890625 0.0952380953125 0.5489199484375 0.09904761875 0.5565438375 0.1066666671875 0.566709021875 0.1066666671875 0.58449809375 0.087619046875 0.5883100375 0.0780952375 0.58407496875 0.0711104765625 0.5895806859375 0.059047618749999996 0.597204575 0.0666666671875 0.6073697578125 0.04 0.6086404062499999 0.030476190625 0.6035578140625 0.0266666671875 0.598475221875 0.0438095234375 0.5654383734375 0.0952380953125 0.5514612453125001 0.087619046875 0.53519695 0.040380953125 0.53621346875 0.049523809375 0.52858958125 0.051428571874999995 0.5311308765625 0.06095238125 0.53621346875 0.0761904765625 0.5451080046875 0.070476190625 0.5476493015624999 0.08190476249999999 0.5438373578125 0.091428571875
3 0.48284625156249994 0 0.48411689999999996 0.007619046875 0.4891994921875 0.007619046875 0.49174078750000005 0.047619046875 0.49555273125 0.047619046875 0.50444726875 0.030476190625 0.505717915625 0 0.4968233796875 0 0.49555273125 0.011428571875 0.49047013906250003 0.009523809375000001 0.48792884374999995 0 0.48284625156249994 0
2 0.746875 0.721875 0.0015625 0.00390625
2 0.6581956796874999 0.5599999999999999 0.6645489203125 0.5580952375 0.6645489203125 0.5771428578125 0.6581956796874999 0.5733333328125 0.6645489203125 0.5866666671874999 0.659466328125 0.590476190625 0.659466328125 0.6019047625 0.663278271875 0.6057142859375 0.659466328125 0.611428571875 0.6645489203125 0.617523809375 0.659466328125 0.6219047625 0.6645489203125 0.627428571875 0.659466328125 0.632380953125 0.6645489203125 0.6373333328124999 0.6607369765625 0.6447619046875 0.6645489203125 0.6472380953125 0.6607369765625 0.6657142859375 0.66581956875 0.670476190625 0.6607369765625 0.6761904765625 0.66581956875 0.6819047625 0.66581956875 0.6933333328125 0.6607369765625 0.6971428578125 0.66581956875 0.7047619046875 0.6620076234375001 0.710476190625 0.66581956875 0.7547619046875 0.6696315125 0.76 0.66581956875 0.7647619046874999 0.6696315125 0.769523809375 0.66581956875 0.7847619046875 0.6696315125 0.7866666671875 0.670902159375 0.7504761906249999 0.66581956875 0.7447619046875 0.6696315125 0.73904761875 0.6645489203125 0.7323809531250001 0.6683608640625 0.727619046875 0.6645489203125 0.607619046875 0.667090215625 0.5028571421875 0.6607369765625 0.531428571875 0.6645489203125 0.532380953125 0.6645489203125 0.5428571421874999 0.659466328125 0.548571428125 0.6581956796874999 0.5599999999999999
2 0.6484375 0.50703125 0.0015625 0.0078125
2 0.45870393906249995 0.5561904765625 0.4790343078125 0.6266666671875 0.5069885640625 0.69904761875 0.51207115625 0.727619046875 0.5209656921875 0.7428571421875 0.5692503171875 0.8838095234375001 0.5883100375 0.9142857140625 0.6073697578125 0.9314285718749999 0.6264294796875001 0.9390476187499999 0.65692503125 0.9390476187499999 0.6861499359375001 0.9790476187499999 0.6874205843750001 0.990476190625 0.6874205843750001 0.9676190468750001 0.6836086406249999 0.9638095234374999 0.6861499359375001 0.9580952375 0.68106734375 0.950476190625 0.6848792890625 0.9457142859375001 0.6785260484375 0.9352380953124999 0.6848792890625 0.9352380953124999 0.6836086406249999 0.9219047625 0.70520965625 0.887619046875 0.7191867859375 0.8838095234375001 0.7191867859375 0.870476190625 0.724269378125 0.8628571421875 0.7229987296875 0.8514285718749999 0.68106734375 0.8914285718749999 0.67344345625 0.8380952374999999 0.667090215625 0.8361904765625001 0.667090215625 0.8241276187500001 0.6721728078125 0.81904761875 0.6675365546875 0.812676240625 0.6620076234375001 0.910476190625 0.6302414234375 0.9180952375 0.6048284625 0.9028571421875 0.587039390625 0.8780952375 0.5692503171875 0.8361904765625001 0.5260482843750001 0.69904761875 0.49047013906250003 0.6038095234374999 0.485387546875 0.5752380953125 0.4764930109375 0.5580952375 0.477763659375 0.550476190625 0.49301143593749996 0.550476190625 0.5095298609375 0.5599999999999999 0.532401525 0.5542857140625 0.5489199484375 0.53904761875 0.5489199484375 0.527619046875 0.554002540625 0.5180952375000001 0.5997458703125 0.49904761875 0.6060991109375 0.49142857187500005 0.6048284625 0.48380952343750006 0.5794155015625 0.47428571406250003 0.5565438375 0.47428571406250003 0.5438373578125 0.46666666718750005 0.46632782656250005 0.46285714218749996 0.45108005156250003 0.4552380953125 0.435832275 0.4552380953125 0.43074968281250003 0.46285714218749996 0.4243964421875 0.4552380953125 0.3862770015625 0.447619046875 0.377382465625 0.451428571875 0.3786531125 0.46666666718750005 0.39135959374999996 0.48380952343750006 0.4116899625 0.48380952343750006 0.43329097812499995 0.5428571421874999 0.45870393906249995 0.5561904765625
2 0.3468869125 0.407619046875 0.3519695046875 0.3942857140625 0.3519695046875 0.3866666671875 0.32909784062499997 0.37523809531249996 0.2986022875 0.37523809531249996 0.30241423125 0.3942857140625 0.31893265625 0.4 0.32401524843749996 0.407619046875 0.3468869125 0.407619046875
2 0 0.3942857140625 0.034307496874999996 0.407619046875 0.038119440625 0.39809523750000003 0.0470139765625 0.411428571875 0.050825921875 0.4038095234375 0.0533672171875 0.411428571875 0.0574968234375 0.4038095234375 0.062261753125 0.4152380953125 0.07547649375 0.4152380953125 0.078780178125 0.407619046875 0.08208386250000001 0.4152380953125 0.087039390625 0.407619046875 0.08869123281249999 0.4152380953125 0.0952986015625 0.4152380953125 0.102922490625 0.4266666671875 0.22617535000000002 0.41904761874999996 0.27445997499999997 0.4038095234375 0.2935196953125 0.407619046875 0.2909783984375 0.40190476249999996 0.28589580625 0.4038095234375 0.28843710312500004 0.37904761875 0.275730621875 0.37904761875 0.26683608593749997 0.3866666671875 0.227445996875 0.3866666671875 0.2147395171875 0.37904761875 0.20457433281249998 0.390476190625 0.20330368437500002 0.37523809531249996 0.19567979687499998 0.3828571421875 0.19567979687499998 0.367619046875 0.21346886875 0.3428571421875 0.21346886875 0.3352380953125 0.1766200765625 0.327619046875 0.167725540625 0.3580952375 0.1359593390625 0.367619046875 0.12198221093749999 0.3466666671875 0.12452350625 0.3352380953125 0.134688690625 0.3352380953125 0.134688690625 0.327619046875 0.12452350625 0.3142857140625 0.0775095296875 0.3066666671875 0.0775095296875 0.327619046875 0.09275730625 0.33714285781250003 0.09911054687500001 0.3542857140625 0.1118170265625 0.367619046875 0.15216010156249998 0.3866666671875 0.1486658203125 0.39809523750000003 0.0952986015625 0.407619046875 0.049555273437500005 0.40190476249999996 0.010165184375 0.3866666671875 0 0.3866666671875 0 0.3942857140625
2 0.199491740625 0.30285714218750004 0.18424396406250002 0.29904761875 0.18297331562500002 0.3066666671875 0.18805590781249998 0.310476190625 0.1969504453125 0.310476190625 0.199491740625 0.30285714218750004
2 0.55273189375 0.1028571421875 0.5692503171875 0.1028571421875 0.587039390625 0.0838095234375 0.611181703125 0.0266666671875 0.7522236343750001 0.0666666671875 0.8221092750000001 0.070476190625 0.8195679796875 0 0.51969504375 0.0038095234375 0.5336721734375 0.0666666671875 0.546378653125 0.0952380953125 0.55273189375 0.1028571421875
2 0.498094028125 0 0.4968233796875 0.0152380953125 0.49047013906250003 0.013333332812500001 0.48665819531250004 0 0.4891994921875 0.019047618750000002 0.49301143593749996 0.022857142187500002 0.49174078750000005 0.0438095234375 0.5019059718750001 0.0342857140625 0.50444726875 0.011428571875 0.4993646765625 0.007619046875 0.50444726875 0 0.498094028125 0
2 0.6022871671875001 0.327619046875 0.6099110546875 0.3428571421875 0.6200762390625 0.350476190625 0.6454892 0.3580952375 0.663278271875 0.3542857140625 0.6696315125 0.3638095234375 0.679796696875 0.3638095234375 0.6861499359375001 0.371428571875 0.715374840625 0.371428571875 0.725540025 0.3580952375 0.72935196875 0.308571428125 0.7407878015625 0.2838095234375 0.73824650625 0.272380953125 0.72935196875 0.2666666671875 0.6874205843750001 0.25904761875000004 0.5997458703125 0.230476190625 0.5794155015625 0.2380952375 0.5730622624999999 0.247619046875 0.5679796703125 0.2628571421875 0.5679796703125 0.3066666671875 0.5819567984375 0.327619046875 0.6022871671875001 0.327619046875
2 0.9656925031249999 0.7028571421875001 0.9644218546875001 0.7066666671874999 0.9733163906250001 0.7066666671874999 0.9720457437500001 0.69904761875 0.9656925031249999 0.7028571421875001
2 0.800508259375 0.7866666671875 0.8030495546875001 0.7752380953125 0.8055908515624999 0.6133333328125 0.808132146875 0.5980952375 0.8119440921875001 0.5980952375 0.8094027953125 0.5923809531249999 0.8144853875000001 0.590476190625 0.8106734437500001 0.590476190625 0.8068614999999999 0.5771428578125 0.8055908515624999 0.5142857140625 0.7712833546875 0.5142857140625 0.7712833546875 0.5980952375 0.7674714109375 0.6133333328125 0.7674714109375 0.7828571421875 0.7712833546875 0.790476190625 0.7954256671875 0.790476190625 0.800508259375 0.7866666671875
2 0.9758576874999999 0.8 0.97966963125 0.8038095234375 0.9733163906250001 0.7733333328125 0.9733163906250001 0.7504761906249999 0.9567979671875 0.7447619046875 0.961880559375 0.727619046875 0.9707750953125001 0.727619046875 0.9644218546875001 0.710476190625 0.9593392625 0.708571428125 0.9542566703125 0.6838095234375 0.94790343125 0.6780952375 0.9682337999999999 0.6666666671875 0.9606099109375 0.651428571875 0.9669631515624999 0.6438095234375 0.961880559375 0.6380952375 0.9669631515624999 0.6342857140625 0.9682337999999999 0.6228571421875 0.9567979671875 0.61904761875 0.9606099109375 0.6 0.9542566703125 0.5980952375 0.9567979671875 0.590476190625 0.9644218546875001 0.5866666671874999 0.9656925031249999 0.5752380953125 0.9606099109375 0.5599999999999999 0.9644218546875001 0.5542857140625 0.9682337999999999 0.5180952375000001 0.9606099109375 0.5047619046875 0.9606099109375 0.4971428578125 0.9656925031249999 0.4952380953125 0.9656925031249999 0.4438095234375 0.9440914859375 0.4438095234375 0.9250317656249999 0.451428571875 0.9250317656249999 0.46476190468749995 0.9186785265624999 0.47428571406250003 0.89961880625 0.47428571406250003 0.897077509375 0.46666666718750005 0.8919949171875 0.47238095312499995 0.8818297328125 0.46666666718750005 0.8843710296875 0.470476190625 0.8767471406249999 0.4780952375 0.8792884375 0.5009523812500001 0.8703939015625 0.5238095234375 0.8691232531249999 0.6 0.8691232531249999 0.788571428125 0.95552731875 0.807619046875 0.9682337999999999 0.807619046875 0.9758576874999999 0.8
2 0.5209656921875 0 0.5273189328125001 0.038095237500000004 0.532401525 0.036190476562500004 0.53621346875 0.0438095234375 0.53621346875 0.049523809375 0.52858958125 0.051428571874999995 0.5349428203125 0.07238095312500001 0.53621346875 0.0761904765625 0.542566709375 0.0666666671875 0.5451080046875 0.070476190625 0.5476493015624999 0.08190476249999999 0.542566709375 0.087619046875 0.5565438375 0.1066666671875 0.5565438375 0.0952380953125 0.562897078125 0.091428571875 0.566709021875 0.091428571875 0.5654383734375 0.1066666671875 0.5794155015625 0.0952380953125 0.587039390625 0.0838095234375 0.5832274453124999 0.070476190625 0.5933926296875 0.070476190625 0.6086404062499999 0.0342857140625 0.6086404062499999 0.0266666671875 0.6022871671875001 0.028571428125 0.5756035578125 0.0838095234375 0.554002540625 0.091428571875 0.5311308765625 0.028571428125 0.5273189328125001 0 0.5209656921875 0
2 0.498094028125 0 0.49555273125 0.0152380953125 0.48411689999999996 0 0.49174078750000005 0.022857142187500002 0.4891994921875 0.0438095234375 0.49301143593749996 0.047619046875 0.5019059718750001 0.038095237500000004 0.50444726875 0 0.498094028125 0
2 0.13722998749999998 0.3180952375 0.13341804375 0.3142857140625 0.074968234375 0.3066666671875 0.074968234375 0.32380952343749997 0.086404065625 0.33142857187499997 0.13722998749999998 0.33142857187499997 0.13722998749999998 0.3180952375
2 0.021875 0.39921875 0.00234375 0.0015625
2 0.144853875 0.3942857140625 0.1359593390625 0.4 0.09783989843749999 0.4 0.09275730625 0.407619046875 0.0736975859375 0.411428571875 0.08259212187500001 0.411428571875 0.09148665781250001 0.4152380953125 0.09783989843749999 0.43047619062500003 0.130876746875 0.43047619062500003 0.1537484109375 0.42285714218750003 0.2388818296875 0.41904761874999996 0.2897077515625 0.4038095234375 0.2935196953125 0.37523809531249996 0.28081321406250004 0.37523809531249996 0.24650571718749997 0.390476190625 0.20203303749999998 0.37904761875 0.19567979687499998 0.367619046875 0.2121982203125 0.3466666671875 0.2147395171875 0.3352380953125 0.175349428125 0.327619046875 0.167725540625 0.3580952375 0.1359593390625 0.367619046875 0.12452350625 0.3466666671875 0.1257941546875 0.34095238125 0.13722998749999998 0.3352380953125 0.13341804375 0.3142857140625 0.0940279546875 0.3066666671875 0.074968234375 0.310476190625 0.074968234375 0.32380952343749997 0.0889453625 0.3333333328125 0.10419313906250001 0.3638095234375 0.1321473953125 0.37523809531249996 0.144853875 0.3942857140625
2 0.20838627656250003 0.3066666671875 0.177890725 0.2952380953125 0.17407877968750002 0.2952380953125 0.17407877968750002 0.3047619046875 0.18932655625 0.3142857140625 0.20838627656250003 0.3066666671875
2 0.7674714109375 0.7866666671875 0.796696315625 0.790476190625 0.8030495546875001 0.7790476187500001 0.8030495546875001 0.649523809375 0.808132146875 0.590476190625 0.8055908515624999 0.5142857140625 0.7750952984375 0.510476190625 0.7712833546875 0.5180952375000001 0.77001270625 0.5447619046875001 0.7712833546875 0.5980952375 0.7674714109375 0.6152380953125001 0.7649301140625 0.6857142859375001 0.7674714109375 0.7866666671875
2 0.9733163906250001 0.8114285718750001 0.9809402796875 0.8342857140625 0.9987293515625 0.8380952374999999 0.9987293515625 0.6476190468749999 0.9923761125 0.62095238125 0.9987293515625 0.611428571875 0.9987293515625 0.590476190625 0.9949174078125 0.58095238125 0.9987293515625 0.5542857140625 0.9987293515625 0.43809523749999996 0.9758576874999999 0.4342857140625 0.9250317656249999 0.447619046875 0.9199491734375 0.4552380953125 0.9059720453125 0.4552380953125 0.900889453125 0.46285714218749996 0.8792884375 0.46285714218749996 0.8792884375 0.5009523812500001 0.8703939015625 0.527619046875 0.8729351968750001 0.5599999999999999 0.8678526046874999 0.670476190625 0.8691232531249999 0.790476190625 0.9733163906250001 0.8114285718750001
2 0.95078125 0.61328125 0.00390625 0.00390625
2 0.8843710296875 0.6742857140625 0.9034307500000001 0.6838095234375 0.9174078781249999 0.6742857140625 0.9288437109375 0.6742857140625 0.9402795421875 0.6628571421875 0.9428208390625 0.649523809375 0.9466327828125 0.6476190468749999 0.9402795421875 0.6342857140625 0.9402795421875 0.62095238125 0.9453621343749999 0.6152380953125001 0.941550190625 0.6057142859375 0.9428208390625 0.5771428578125 0.9567979671875 0.567619046875 0.95552731875 0.5638095234375 0.94790343125 0.5714285718750001 0.9453621343749999 0.5542857140625 0.933926303125 0.527619046875 0.9351969499999999 0.5142857140625 0.9288437109375 0.5219047625 0.9250317656249999 0.5180952375000001 0.9288437109375 0.5066666671875 0.9250317656249999 0.49142857187500005 0.8958068609375 0.4780952375 0.880559084375 0.4780952375 0.8792884375 0.5028571421875 0.8729351968750001 0.5219047625 0.8703939015625 0.567619046875 0.8691232531249999 0.668571428125 0.8754764937499999 0.6838095234375 0.880559084375 0.6838095234375 0.8843710296875 0.6742857140625
2 0.9364675984374999 0.45904761875 0.94790343125 0.46285714218749996 0.949174078125 0.4552380953125 0.9364675984374999 0.45904761875
2 0.72578125 0.409375 0.00234375 0.00390625
2 0.04447268125 0.407619046875 0.0533672171875 0.407619046875 0.0457433296875 0.4038095234375 0.04447268125 0.407619046875
2 0.31003811875 0.3942857140625 0.30876747187500003 0.4038095234375 0.312579415625 0.407619046875 0.32655654375 0.4 0.31003811875 0.3942857140625
2 0.017789071875 0.39809523750000003 0.0241423125 0.4 0.022871664062499998 0.3942857140625 0.017789071875 0.39809523750000003
2 0.31953125 0.38828125 0.0015625 0.00390625
2 0.20838627656250003 0.3866666671875 0.21601016562500003 0.390476190625 0.2121982203125 0.3866666671875 0.20838627656250003 0.3866666671875
2 0.2986022875 0.3828571421875 0.2986022875 0.390476190625 0.306226175 0.3828571421875 0.2986022875 0.3828571421875
2 0.1385006359375 0.42285714218750003 0.2426937734375 0.4152380953125 0.275730621875 0.4038095234375 0.296060990625 0.4152380953125 0.28589580625 0.37904761875 0.26302414218750003 0.390476190625 0.25412960625 0.3866666671875 0.247776365625 0.3961904765625 0.2452350703125 0.390476190625 0.22808132187500002 0.390476190625 0.2223634046875 0.3961904765625 0.2210927578125 0.390476190625 0.2144218546875 0.4 0.09783989843749999 0.4038095234375 0.09275730625 0.4152380953125 0.0838627703125 0.407619046875 0.0736975859375 0.407619046875 0.0711562890625 0.411428571875 0.09656925 0.41904761874999996 0.10419313906250001 0.43047619062500003 0.1385006359375 0.42285714218750003
2 0.167725540625 0.3638095234375 0.175349428125 0.3638095234375 0.1702668359375 0.36 0.167725540625 0.3638095234375
2 0.0984375 0.3375 0.0015625 0.00390625
2 0.18932655625 0.3352380953125 0.1931385 0.3352380953125 0.19059720468750002 0.33142857187499997 0.18932655625 0.3352380953125
2 0.09021601093750001 0.3180952375 0.086404065625 0.3180952375 0.086404065625 0.32380952343749997 0.0940279546875 0.32380952343749997 0.09021601093750001 0.3180952375
2 0.15546875 0.240625 0.0015625 0.00546875
2 0.11817026718750001 0.2628571421875 0.12452350625 0.2666666671875 0.1397712828125 0.2552380953125 0.13341804375 0.247619046875 0.143583228125 0.2438095234375 0.1486658203125 0.2342857140625 0.1385006359375 0.2266666671875 0.1143583234375 0.2228571421875 0.10927573125000001 0.2380952375 0.0952986015625 0.24 0.0940279546875 0.2438095234375 0.11817026718750001 0.24 0.12452350625 0.251428571875 0.11817026718750001 0.2628571421875
2 0.10165184218750001 0.2228571421875 0.09275730625 0.2228571421875 0.10038119375000001 0.230476190625 0.10419313906250001 0.2266666671875 0.10165184218750001 0.2228571421875
2 0.038119440625 0.249523809375 0.0317662 0.247619046875 0.0317662 0.2552380953125 0.0216010171875 0.247619046875 0.022871664062499998 0.270476190625 0.017789071875 0.28571428593750003 0.022871664062499998 0.2952380953125 0.09656925 0.3066666671875 0.10038119375000001 0.312380953125 0.09656925 0.32380952343749997 0.10800508281250001 0.32 0.11054637812500001 0.327619046875 0.11689961874999999 0.327619046875 0.1156289703125 0.312380953125 0.119440915625 0.29904761875 0.12452350625 0.29904761875 0.12833545156249998 0.312380953125 0.134688690625 0.3180952375 0.151207115625 0.3180952375 0.177890725 0.33142857187499997 0.1772492328125 0.3429680984375 0.1982210921875 0.3466666671875 0.1931385 0.33904761875 0.19567979687499998 0.33142857187499997 0.2935196953125 0.3466666671875 0.30241423125 0.37333333281250003 0.31639135937499996 0.37904761875 0.31639135937499996 0.43047619062500003 0.32147395156249997 0.4266666671875 0.33799237656250003 0.4342857140625 0.38373570468749996 0.43809523749999996 0.4243964421875 0.4552380953125 0.44726810625 0.451428571875 0.46251588281249995 0.45904761875 0.5336721734375 0.46666666718750005 0.538754765625 0.46285714218749996 0.554002540625 0.470476190625 0.6035578140625 0.4780952375 0.6086404062499999 0.48380952343750006 0.6302414234375 0.48 0.646759846875 0.49142857187500005 0.6645489203125 0.49142857187500005 0.66581956875 0.48380952343750006 0.670902159375 0.48380952343750006 0.6848792890625 0.49142857187500005 0.7026683609375 0.487619046875 0.724269378125 0.4952380953125 0.759847521875 0.4952380953125 0.8462515890625 0.5142857140625 0.8665819562499999 0.5142857140625 0.8703939015625 0.5028571421875 0.8678526046874999 0.4780952375 0.7941550187499999 0.46285714218749996 0.772554003125 0.43809523749999996 0.7509529859375 0.43047619062500003 0.748411690625 0.42285714218750003 0.725540025 0.4266666671875 0.724269378125 0.41904761874999996 0.7115628968750001 0.42095238124999995 0.69758576875 0.41333333281250006 0.7128335453125 0.4038095234375 0.7102922484375 0.4 0.6988564171875 0.407619046875 0.67344345625 0.407619046875 0.6531130875 0.3961904765625 0.6531130875 0.390476190625 0.6620076234375001 0.3828571421875 0.6874205843750001 0.37904761875 0.69758576875 0.371428571875 0.7166454890625 0.371428571875 0.724269378125 0.3638095234375 0.72935196875 0.30095238125 0.73824650625 0.2838095234375 0.73824650625 0.2742857140625 0.728081321875 0.2666666671875 0.6848792890625 0.25904761875000004 0.667090215625 0.247619046875 0.6480304953125 0.247619046875 0.62515883125 0.2380952375 0.5819567984375 0.2342857140625 0.5654383734375 0.251428571875 0.564167725 0.2628571421875 0.5679796703125 0.270476190625 0.56035578125 0.2742857140625 0.5679796703125 0.30095238125 0.56035578125 0.3066666671875 0.570520965625 0.32 0.570520965625 0.32952380937500003 0.546378653125 0.33142857187499997 0.4548919953125 0.30285714218750004 0.43964421875 0.3066666671875 0.43074968281250003 0.2952380953125 0.41296060937499995 0.2952380953125 0.40152477812500004 0.3047619046875 0.3900889453125 0.291428571875 0.3545108 0.2838095234375 0.33799237656250003 0.2742857140625 0.2210927578125 0.251428571875 0.19059720468750002 0.2380952375 0.18170266875000002 0.2438095234375 0.179161371875 0.2380952375 0.179161371875 0.249523809375 0.1689961875 0.2552380953125 0.1766200765625 0.2647619046875 0.167725540625 0.2838095234375 0.1486658203125 0.291428571875 0.143583228125 0.287619046875 0.1499364671875 0.2780952375 0.147395171875 0.2666666671875 0.123252859375 0.2742857140625 0.10546378593750001 0.26095238125 0.10419313906250001 0.251428571875 0.0889453625 0.270476190625 0.08449809375 0.2628571421875 0.062261753125 0.25904761875000004 0.058449809374999995 0.2533333328125 0.057179160937499994 0.23238095312499998 0.06480305 0.2228571421875 0.0736975859375 0.230476190625 0.078780178125 0.2228571421875 0.086404065625 0.2266666671875 0.09021601093750001 0.2228571421875 0.086404065625 0.21523809531250002 0.038119440625 0.2 0.030495553125 0.21142857187500003 0.0241423125 0.21142857187500003 0.027954256249999997 0.2 0.011435832812500001 0.2038095234375 0.010165184375 0.21523809531250002 0.0190597203125 0.21142857187500003 0.038119440625 0.2228571421875 0.0393900890625 0.2380952375 0.04447268125 0.24 0.038119440625 0.249523809375
2 0.53125 0.359375 0.00234375 0.0015625
2 0.6010165187500001 0.3428571421875 0.5959339265625 0.3428571421875 0.5959339265625 0.350476190625 0.6035578140625 0.350476190625 0.6010165187500001 0.3428571421875
2 0.39135959374999996 0.33904761875 0.37611181718750003 0.3352380953125 0.37611181718750003 0.3428571421875 0.3786531125 0.33714285781250003 0.385006353125 0.3428571421875 0.39135959374999996 0.33904761875
2 0.39765625 0.31875 0.00234375 0.0015625
2 0.425667090625 0.33142857187499997 0.43074968281250003 0.33904761875 0.4650571796875 0.33904761875 0.51207115625 0.3580952375 0.522236340625 0.3542857140625 0.5273189328125001 0.3428571421875 0.546378653125 0.3466666671875 0.5552731890625 0.3352380953125 0.56035578125 0.3466666671875 0.5730622624999999 0.350476190625 0.5756035578125 0.3580952375 0.578144853125 0.34857142812499997 0.587039390625 0.34857142812499997 0.587039390625 0.3580952375 0.590851334375 0.350476190625 0.587039390625 0.3466666671875 0.587039390625 0.3333333328125 0.598475221875 0.33142857187499997 0.6162642953125 0.350476190625 0.6480304953125 0.3580952375 0.6454892 0.3828571421875 0.6581956796874999 0.37523809531249996 0.6590432015625 0.3828571421875 0.6645489203125 0.37523809531249996 0.66581956875 0.3828571421875 0.67344345625 0.371428571875 0.6747141046875 0.37904761875 0.6772554000000001 0.369523809375 0.7179161374999999 0.371428571875 0.7268106734375 0.3580952375 0.72935196875 0.308571428125 0.739517153125 0.2838095234375 0.739517153125 0.2742857140625 0.72935196875 0.2628571421875 0.725540025 0.2666666671875 0.7179161374999999 0.25904761875000004 0.6963151203125 0.25904761875000004 0.6886912328125 0.247619046875 0.67344345625 0.251428571875 0.6645489203125 0.2438095234375 0.6213468875 0.2380952375 0.594663278125 0.230476190625 0.587039390625 0.2228571421875 0.5717916140625 0.2228571421875 0.5654383734375 0.24 0.546378653125 0.251428571875 0.5489199484375 0.26095238125 0.5374841171875 0.270476190625 0.5311308765625 0.2838095234375 0.5400254125 0.3047619046875 0.52858958125 0.30285714218750004 0.5171537484375001 0.3180952375 0.49301143593749996 0.3066666671875 0.47268106718749997 0.3066666671875 0.46759847499999996 0.287619046875 0.4561626421875 0.29904761875 0.449809403125 0.29904761875 0.44218551406250006 0.287619046875 0.42312579375 0.287619046875 0.4142312578125 0.2952380953125 0.41931385 0.30285714218750004 0.41931385 0.33142857187499997 0.425667090625 0.33142857187499997
2 0 0.287619046875 0.0470139765625 0.30285714218750004 0.09148665781250001 0.3066666671875 0.10038119375000001 0.3180952375 0.10800508281250001 0.3142857140625 0.11308767500000001 0.32380952343749997 0.12452350625 0.310476190625 0.130876746875 0.3180952375 0.1499364671875 0.32380952343749997 0.19440914843749998 0.32380952343749997 0.199491740625 0.33142857187499997 0.23379923749999998 0.3352380953125 0.2655654390625 0.3466666671875 0.27064803125000003 0.3428571421875 0.2820838625 0.350476190625 0.292249046875 0.350476190625 0.30114358281250003 0.33904761875 0.364675984375 0.350476190625 0.3697585765625 0.33142857187499997 0.3824650578125 0.32380952343749997 0.39135959374999996 0.310476190625 0.4104193140625 0.310476190625 0.40533672187500003 0.3066666671875 0.4116899625 0.291428571875 0.38881829687499997 0.291428571875 0.3697585765625 0.27999999999999997 0.3481575609375 0.27999999999999997 0.33418043124999997 0.270476190625 0.21855146093750003 0.247619046875 0.1982210921875 0.2380952375 0.1639135953125 0.2342857140625 0.0012706484375 0.190476190625 0 0.251428571875 0.00381194375 0.25904761875000004 0 0.2647619046875 0 0.287619046875
2 0.46632782656250005 0.3352380953125 0.49301143593749996 0.350476190625 0.522236340625 0.3466666671875 0.5438373578125 0.3352380953125 0.5400254125 0.327619046875 0.5235069890624999 0.32 0.453621346875 0.30285714218750004 0.4434561625 0.3066666671875 0.43837357031249996 0.29904761875 0.42312579375 0.310476190625 0.42185514687500003 0.327619046875 0.4282083859375 0.327619046875 0.43202032968750004 0.3352380953125 0.46632782656250005 0.3352380953125
2 0 0.291428571875 0.010165184375 0.2952380953125 0.058449809374999995 0.3066666671875 0.078780178125 0.30285714218750004 0.09656925 0.310476190625 0.12452350625 0.310476190625 0.1397712828125 0.32380952343749997 0.1613723 0.327619046875 0.19440914843749998 0.32380952343749997 0.1982210921875 0.33142857187499997 0.2312579421875 0.3352380953125 0.24142312656249998 0.3428571421875 0.2770012703125 0.350476190625 0.2935196953125 0.350476190625 0.30241423125 0.33904761875 0.360864040625 0.3466666671875 0.364675984375 0.33904761875 0.35578144843750004 0.3333333328125 0.357052096875 0.32380952343749997 0.377382465625 0.32380952343749997 0.4104193140625 0.2952380953125 0.38881829687499997 0.291428571875 0.371029225 0.27999999999999997 0.3494282078125 0.27999999999999997 0.3278271921875 0.2666666671875 0.32401524843749996 0.270476190625 0.25794155 0.251428571875 0.2223634046875 0.247619046875 0.21092757343750002 0.24 0.167725540625 0.2342857140625 0.15756035625 0.2266666671875 0.0597204578125 0.20761904687500002 0.049555273437500005 0.2 0.02033036875 0.1980952375 0.0076238875 0.190476190625 0 0.190476190625 0 0.291428571875
2 0.33984375 0.35390625 0.0015625 0.0078125
2 0.31893265625 0.36 0.32592122031250004 0.36 0.32655654375 0.350476190625 0.332909784375 0.36 0.33418043124999997 0.3542857140625 0.32401524843749996 0.3466666671875 0.3049555265625 0.3466666671875 0.3049555265625 0.36 0.31194409218749997 0.36 0.3138500640625 0.350476190625 0.31893265625 0.36
2 0.4752223640625 0.390476190625 0.5209656921875 0.37904761875 0.5374841171875 0.390476190625 0.5476493015624999 0.3866666671875 0.554002540625 0.4 0.618805590625 0.39809523750000003 0.6505717921875 0.3828571421875 0.693773825 0.37523809531249996 0.7026683609375 0.3638095234375 0.7115628968750001 0.3638095234375 0.70520965625 0.3542857140625 0.693773825 0.3580952375 0.6836086406249999 0.350476190625 0.67344345625 0.3542857140625 0.6620076234375001 0.3466666671875 0.65692503125 0.3542857140625 0.646759846875 0.3428571421875 0.635324015625 0.3428571421875 0.6213468875 0.33142857187499997 0.550190596875 0.3352380953125 0.5031766203125 0.3542857140625 0.44726810625 0.3428571421875 0.41296060937499995 0.3428571421875 0.4116899625 0.3352380953125 0.3697585765625 0.3428571421875 0.36721728124999997 0.3580952375 0.371029225 0.367619046875 0.3786531125 0.371428571875 0.4447268109375 0.3828571421875 0.449809403125 0.37904761875 0.4752223640625 0.390476190625
2 0.9529860234375 0.771428571875 0.9440914859375 0.7733333328125 0.9402795421875 0.7828571421875 0.9453621343749999 0.7866666671875 0.9466327828125 0.7771428578124999 0.9529860234375 0.771428571875
2 0.94453125 0.57734375 0.0015625 0.00390625
2 0.9453621343749999 0.5638095234375 0.9529860234375 0.567619046875 0.94790343125 0.5714285718750001 0.9542566703125 0.58095238125 0.9453621343749999 0.590476190625 0.9466327828125 0.6133333328125 0.941550190625 0.61904761875 0.9402795421875 0.632380953125 0.94790343125 0.6380952375 0.9440914859375 0.6476190468749999 0.951715375 0.6533333328125 0.9567979671875 0.6666666671875 0.949174078125 0.6742857140625 0.9504447265625 0.6819047625 0.9402795421875 0.687619046875 0.9390088953125 0.70095238125 0.9466327828125 0.710476190625 0.9440914859375 0.731428571875 0.95552731875 0.7466666671875 0.949174078125 0.7580952375 0.9567979671875 0.7638095234375 0.9542566703125 0.7657142859375 0.9593392625 0.7790476187500001 0.9771283359374999 0.7942857140624999 0.9745870390625001 0.8057142859375 0.9682337999999999 0.807619046875 0.97966963125 0.8152380953125 0.9758576874999999 0.8266666671875 0.9847522234375001 0.8380952374999999 0.9987293515625 0.8400000000000001 0.9987293515625 0.630476190625 0.9949174078125 0.6247619046875 0.9987293515625 0.611428571875 0.9987293515625 0.4342857140625 0.9885641671875 0.43047619062500003 0.9606099109375 0.44000000000000006 0.958068615625 0.4533333328125 0.9631512078125001 0.46285714218749996 0.9542566703125 0.4780952375 0.9453621343749999 0.4780952375 0.941550190625 0.48380952343750006 0.9453621343749999 0.4952380953125 0.9542566703125 0.4971428578125 0.937738246875 0.52 0.9453621343749999 0.5638095234375
2 0.9847522234375001 0.807619046875 0.9847522234375001 0.7942857140624999 0.9885641671875 0.7942857140624999 0.97966963125 0.7866666671875 0.9771283359374999 0.748571428125 0.97966963125 0.6152380953125001 0.9733163906250001 0.5961904765625 0.982210928125 0.5638095234375 0.9758576874999999 0.5599999999999999 0.9720457437500001 0.5466666671875 0.9745870390625001 0.5180952375000001 0.9834815750000001 0.510476190625 0.97966963125 0.5047619046875 0.9834815750000001 0.4952380953125 0.9745870390625001 0.48952380937499995 0.9720457437500001 0.4761904765625 0.9733163906250001 0.46285714218749996 0.9911054640625 0.4438095234375 0.9885641671875 0.43809523749999996 0.9263024140624999 0.447619046875 0.9148665812500001 0.47428571406250003 0.9047013984375001 0.47428571406250003 0.8983481578125 0.46285714218749996 0.8818297328125 0.46285714218749996 0.8703939015625 0.5752380953125 0.8678526046874999 0.7828571421875 0.8818297328125 0.7942857140624999 0.9745870390625001 0.8114285718750001 0.9847522234375001 0.807619046875
2 0.3786531125 0.3352380953125 0.3926302421875 0.3352380953125 0.385006353125 0.33142857187499997 0.3786531125 0.3352380953125
2 0.3921875 0.321875 0.0015625 0.00390625
2 0.14104193125 0.3828571421875 0.14104193125 0.39809523750000003 0.10038119375000001 0.4 0.09021601093750001 0.407619046875 0.0368487921875 0.4 0.0190597203125 0.390476190625 0.0050825921875 0.392380953125 0.016518425 0.4 0.02033036875 0.3942857140625 0.0241423125 0.4 0.026683609375 0.3961904765625 0.0393900890625 0.407619046875 0.04447268125 0.40190476249999996 0.057179160937499994 0.411428571875 0.0635324015625 0.40571428593750003 0.06480305 0.411428571875 0.0711562890625 0.407619046875 0.074968234375 0.4152380953125 0.0775095296875 0.407619046875 0.0838627703125 0.407619046875 0.08259212187500001 0.4152380953125 0.09021601093750001 0.4152380953125 0.09911054687500001 0.43047619062500003 0.18170266875000002 0.41904761874999996 0.2312579421875 0.41904761874999996 0.27827191875 0.4038095234375 0.292249046875 0.411428571875 0.30241423125 0.43047619062500003 0.353240153125 0.4342857140625 0.3786531125 0.4438095234375 0.3786531125 0.46285714218749996 0.3824650578125 0.470476190625 0.39135959374999996 0.48380952343750006 0.4116899625 0.48380952343750006 0.43329097812499995 0.5428571421874999 0.445997459375 0.5542857140625 0.4688691234375 0.5466666671875 0.49301143593749996 0.550476190625 0.5082592125 0.5599999999999999 0.5349428203125 0.5542857140625 0.5489199484375 0.5428571421874999 0.554002540625 0.5180952375000001 0.5819567984375 0.510476190625 0.5933926296875 0.49904761875 0.6086404062499999 0.4952380953125 0.6365946625000001 0.4952380953125 0.64930114375 0.5028571421875 0.6518424390625001 0.4952380953125 0.66581956875 0.49142857187500005 0.7306226171875 0.49142857187500005 0.759847521875 0.49904761875 0.7941550187499999 0.49904761875 0.8373570515625 0.5142857140625 0.8665819562499999 0.5142857140625 0.8703939015625 0.5028571421875 0.8703939015625 0.487619046875 0.8653113093749999 0.4780952375 0.800508259375 0.46666666718750005 0.776365946875 0.44000000000000006 0.7534942828125 0.4266666671875 0.691232528125 0.43047619062500003 0.66581956875 0.42285714218750003 0.64930114375 0.4 0.6454892 0.407619046875 0.6264294796875001 0.3942857140625 0.6429479031249999 0.3828571421875 0.659466328125 0.3828571421875 0.67344345625 0.37523809531249996 0.67344345625 0.367619046875 0.66581956875 0.36 0.6518424390625001 0.3638095234375 0.6302414234375 0.3542857140625 0.6073697578125 0.3542857140625 0.6073697578125 0.3352380953125 0.5959339265625 0.33142857187499997 0.5768742062500001 0.3352380953125 0.5730622624999999 0.3428571421875 0.554002540625 0.33904761875 0.5108005078125 0.3542857140625 0.49047013906250003 0.3542857140625 0.47268106718749997 0.3466666671875 0.41804320156249997 0.3428571421875 0.41296060937499995 0.32380952343749997 0.4116899625 0.33714285781250003 0.40660737031250005 0.3428571421875 0.371029225 0.3428571421875 0.36721728124999997 0.3542857140625 0.30241423125 0.3428571421875 0.2973316390625 0.350476190625 0.2998729359375 0.367619046875 0.296060990625 0.37523809531249996 0.28081321406250004 0.37523809531249996 0.2731893265625 0.3828571421875 0.2388818296875 0.390476190625 0.19567979687499998 0.371428571875 0.20203303749999998 0.3561904765625 0.2121982203125 0.3466666671875 0.21346886875 0.3352380953125 0.1766200765625 0.327619046875 0.1664548921875 0.3580952375 0.1486658203125 0.367619046875 0.1359593390625 0.367619046875 0.123252859375 0.3447619046875 0.134688690625 0.33142857187499997 0.1321473953125 0.3180952375 0.0775095296875 0.3066666671875 0.078780178125 0.327619046875 0.0889453625 0.3333333328125 0.10038119375000001 0.3580952375 0.14104193125 0.3828571421875
2 0.4116899625 0.29904761875 0.4040660734375 0.310476190625 0.4142312578125 0.3142857140625 0.4167725546875 0.29904761875 0.4116899625 0.29904761875
2 0.41296060937499995 0.29904761875 0.4040660734375 0.310476190625 0.402795425 0.3142857140625 0.4104193140625 0.3180952375 0.4269377375 0.30285714218750004 0.41296060937499995 0.29904761875
2 0.3926302421875 0.371428571875 0.429479034375 0.371428571875 0.43329097812499995 0.3657142859375 0.43456162656249997 0.371428571875 0.4485387546875 0.371428571875 0.4548919953125 0.3828571421875 0.4764930109375 0.3866666671875 0.514612453125 0.37523809531249996 0.5438373578125 0.37523809531249996 0.56035578125 0.37904761875 0.564167725 0.390476190625 0.5730622624999999 0.3942857140625 0.611181703125 0.39809523750000003 0.64930114375 0.3828571421875 0.6683608640625 0.3828571421875 0.7013977125 0.371428571875 0.7128335453125 0.37523809531249996 0.7268106734375 0.3580952375 0.7306226171875 0.3047619046875 0.7407878015625 0.2780952375 0.73824650625 0.270476190625 0.72172808125 0.2628571421875 0.68996188125 0.25904761875000004 0.65692503125 0.2438095234375 0.6060991109375 0.230476190625 0.5819567984375 0.230476190625 0.570520965625 0.2380952375 0.5565438375 0.2742857140625 0.564167725 0.287619046875 0.56035578125 0.3066666671875 0.5730622624999999 0.327619046875 0.570520965625 0.3352380953125 0.5438373578125 0.3352380953125 0.529860228125 0.3466666671875 0.5069885640625 0.350476190625 0.4993646765625 0.3580952375 0.47268106718749997 0.3580952375 0.46632782656250005 0.350476190625 0.46378653124999997 0.3580952375 0.4434561625 0.3580952375 0.43710292187500005 0.350476190625 0.40914866562499996 0.350476190625 0.40660737031250005 0.3561904765625 0.4002541296875 0.3542857140625 0.39771283281250003 0.3428571421875 0.3722998734375 0.3428571421875 0.3697585765625 0.3580952375 0.37484116875 0.367619046875 0.3900889453125 0.3638095234375 0.3926302421875 0.371428571875
2 0.36721728124999997 0.0438095234375 0.3862770015625 0.022857142187500002 0.3862770015625 0.0152380953125 0.3939008890625 0.0038095234375 0.332909784375 0 0.3316391359375 0.011428571875 0.33036848750000003 0.051428571874999995 0.344345615625 0.0628571421875 0.36340533750000004 0.0628571421875 0.36721728124999997 0.0438095234375
2 0.43329097812499995 0.5466666671875 0.44218551406250006 0.5542857140625 0.48665819531250004 0.550476190625 0.50444726875 0.5599999999999999 0.52858958125 0.5580952375 0.546378653125 0.5466666671875 0.5514612453125001 0.53904761875 0.554002540625 0.52 0.5717916140625 0.510476190625 0.58449809375 0.510476190625 0.6060991109375 0.49142857187500005 0.598475221875 0.4780952375 0.5565438375 0.47428571406250003 0.542566709375 0.46666666718750005 0.48157560312500003 0.46285714218749996 0.453621346875 0.4552380953125 0.4282083859375 0.45904761875 0.39771283281250003 0.447619046875 0.377382465625 0.447619046875 0.377382465625 0.46476190468749995 0.3900889453125 0.48380952343750006 0.41296060937499995 0.4857142859375 0.43329097812499995 0.5466666671875
2 0.4125 0.359375 0.00390625 0.0015625
2 0.37357052031250004 0.3638095234375 0.38373570468749996 0.3638095234375 0.37357052031250004 0.3542857140625 0.37357052031250004 0.3638095234375
2 0.570520965625 0.3352380953125 0.5489199484375 0.3352380953125 0.532401525 0.3466666671875 0.51207115625 0.350476190625 0.5019059718750001 0.36 0.49301143593749996 0.3580952375 0.48665819531250004 0.371428571875 0.46251588281249995 0.367619046875 0.4548919953125 0.3580952375 0.44862859843749997 0.36396344375 0.45743329062500004 0.37904761875 0.470139771875 0.371428571875 0.4752223640625 0.3828571421875 0.48157560312500003 0.3828571421875 0.48411689999999996 0.37523809531249996 0.49555273125 0.3828571421875 0.5171537484375001 0.371428571875 0.5336721734375 0.37904761875 0.5552731890625 0.371428571875 0.566709021875 0.3828571421875 0.578144853125 0.38095238125 0.5895806859375 0.39809523750000003 0.6073697578125 0.39809523750000003 0.6480304953125 0.3828571421875 0.71410419375 0.37523809531249996 0.725540025 0.3619047625 0.7306226171875 0.3047619046875 0.7407878015625 0.2838095234375 0.73824650625 0.270476190625 0.6060991109375 0.230476190625 0.5730622624999999 0.2342857140625 0.5565438375 0.270476190625 0.5565438375 0.27999999999999997 0.564167725 0.287619046875 0.56035578125 0.3066666671875 0.5730622624999999 0.327619046875 0.570520965625 0.3352380953125
2 0.51969504375 0 0.51969504375 0.007619046875 0.5374841171875 0.0780952375 0.5514612453125001 0.1028571421875 0.564167725 0.1066666671875 0.5794155015625 0.0952380953125 0.6010165187500001 0.059047618749999996 0.611181703125 0.0266666671875 0.739517153125 0.0628571421875 0.820838628125 0.070476190625 0.8233799234375001 0.051428571874999995 0.8195679796875 0 0.51969504375 0
2 0.48411689999999996 0 0.49174078750000005 0.047619046875 0.5031766203125 0.038095237500000004 0.5069885640625 0 0.49555273125 0 0.49301143593749996 0.011428571875 0.4891994921875 0 0.48411689999999996 0
2 0.3354510796875 0 0.3316391359375 0.019047618750000002 0.3316391359375 0.0552380953125 0.344345615625 0.0628571421875 0.360864040625 0.0628571421875 0.371029225 0.04 0.402795425 0.011428571875 0.40914866562499996 0 0.3354510796875 0
2 0.038119440625 0.40190476249999996 0.0393900890625 0.407619046875 0.049555273437500005 0.411428571875 0.055485387500000004 0.4038095234375 0.0576022875 0.411428571875 0.0635324015625 0.40571428593750003 0.065650571875 0.411428571875 0.0711562890625 0.407619046875 0.07623888125 0.4152380953125 0.08513341875 0.4152380953125 0.09021601093750001 0.407619046875 0.09783989843749999 0.43047619062500003 0.13341804375 0.43047619062500003 0.1562897078125 0.42285714218750003 0.240152478125 0.41904761874999996 0.28589580625 0.407619046875 0.2897077515625 0.4038095234375 0.2909783984375 0.3866666671875 0.28843710312500004 0.37904761875 0.27445997499999997 0.37904761875 0.24650571718749997 0.390476190625 0.1562897078125 0.390476190625 0.1359593390625 0.4 0.09783989843749999 0.4 0.0838627703125 0.407619046875 0.0190597203125 0.3942857140625 0.017789071875 0.4 0.022871664062499998 0.3961904765625 0.027954256249999997 0.4038095234375 0.038119440625 0.40190476249999996
2 0.33418043124999997 0 0.3316391359375 0.017142857812500002 0.332909784375 0.0552380953125 0.3456162640625 0.0628571421875 0.36340533750000004 0.0628571421875 0.371029225 0.04 0.402795425 0.011428571875 0.40914866562499996 0 0.33418043124999997 0
2 0.5209656921875 0 0.5209656921875 0.011428571875 0.5273189328125001 0.038095237500000004 0.5336721734375 0.038095237500000004 0.5349428203125 0.0457142859375 0.52858958125 0.049523809375 0.53621346875 0.0742857140625 0.542566709375 0.087619046875 0.5476493015624999 0.08190476249999999 0.5552731890625 0.0952380953125 0.550190596875 0.09904761875 0.56035578125 0.1066666671875 0.5794155015625 0.0952380953125 0.5857687421875 0.0838095234375 0.582592121875 0.0752380953125 0.590851334375 0.0742857140625 0.5883100375 0.0666666671875 0.5959339265625 0.0666666671875 0.6060991109375 0.0438095234375 0.6073697578125 0.038095237500000004 0.6035578140625 0.0338095234375 0.5768742062500001 0.0838095234375 0.564167725 0.0952380953125 0.542566709375 0.068571428125 0.5247776359375 0 0.5209656921875 0
2 0.48411689999999996 0 0.4891994921875 0.019047618750000002 0.4891994921875 0.0438095234375 0.4968233796875 0.047619046875 0.50444726875 0.0342857140625 0.505717915625 0 0.49555273125 0 0.49301143593749996 0.011428571875 0.4891994921875 0 0.48411689999999996 0
2 0.3354510796875 0 0.3316391359375 0.019047618750000002 0.3316391359375 0.0552380953125 0.344345615625 0.0628571421875 0.36340533750000004 0.0628571421875 0.371029225 0.04 0.40914866562499996 0 0.3354510796875 0
2 0.1397712828125 0.3828571421875 0.14104193125 0.3942857140625 0.130876746875 0.4 0.074968234375 0.4038095234375 0.0457433296875 0.4 0.0025412953124999997 0.3828571421875 0 0.3942857140625 0.058449809374999995 0.4152380953125 0.062261753125 0.4038095234375 0.06861499374999999 0.4038095234375 0.0673443453125 0.4152380953125 0.09148665781250001 0.41904761874999996 0.09783989843749999 0.43047619062500003 0.240152478125 0.41904761874999996 0.2693773828125 0.407619046875 0.2871664546875 0.407619046875 0.30241423125 0.4152380953125 0.2897077515625 0.39809523750000003 0.29479034375 0.37523809531249996 0.2528589578125 0.3866666671875 0.2312579421875 0.3866666671875 0.199491740625 0.37523809531249996 0.19567979687499998 0.367619046875 0.2121982203125 0.3466666671875 0.2147395171875 0.3352380953125 0.175349428125 0.327619046875 0.16518424375000001 0.3580952375 0.1385006359375 0.3657142859375 0.123252859375 0.3428571421875 0.1359593390625 0.3352380953125 0.12833545156249998 0.3142857140625 0.0775095296875 0.3066666671875 0.078780178125 0.327619046875 0.0889453625 0.3333333328125 0.11054637812500001 0.367619046875 0.1397712828125 0.3828571421875
2 0.0368487921875 0.2380952375 0.038119440625 0.21904761874999998 0.030495553125 0.20761904687500002 0.016518425 0.20761904687500002 0.0127064796875 0.2171428578125 0.0127064796875 0.23238095312499998 0.0190597203125 0.2438095234375 0.0317662 0.2438095234375 0.0368487921875 0.2380952375
2 0.958068615625 0.53904761875 0.9542566703125 0.53904761875 0.951715375 0.5542857140625 0.9567979671875 0.5599999999999999 0.9593392625 0.5466666671875 0.958068615625 0.53904761875
2 0.897077509375 0.6628571421875 0.9364675984374999 0.6628571421875 0.9402795421875 0.6476190468749999 0.9351969499999999 0.6171428578125 0.9402795421875 0.5980952375 0.941550190625 0.567619046875 0.9390088953125 0.5352380953125 0.9288437109375 0.52 0.937738246875 0.510476190625 0.9288437109375 0.49142857187500005 0.9364675984374999 0.4780952375 0.9593392625 0.4780952375 0.9542566703125 0.47428571406250003 0.9606099109375 0.46666666718750005 0.9593392625 0.4438095234375 0.9529860234375 0.451428571875 0.9275730624999999 0.451428571875 0.9301143578125 0.46476190468749995 0.9224904703125001 0.48380952343750006 0.893265565625 0.47428571406250003 0.8780177890624999 0.4780952375 0.8792884375 0.5009523812500001 0.8703939015625 0.527619046875 0.8703939015625 0.6666666671875 0.8843710296875 0.670476190625 0.8881829734375 0.6552380953125 0.897077509375 0.6628571421875
2 0.377382465625 0.43809523749999996 0.4002541296875 0.44000000000000006 0.41550190625 0.451428571875 0.4561626421875 0.447619046875 0.4650571796875 0.4552380953125 0.5108005078125 0.4571428578125 0.5349428203125 0.46666666718750005 0.6099110546875 0.4780952375 0.628970775 0.487619046875 0.6683608640625 0.48380952343750006 0.74205845 0.4952380953125 0.7865311312500001 0.4952380953125 0.84243964375 0.5142857140625 0.8627700125000001 0.5142857140625 0.8691232531249999 0.4952380953125 0.8678526046874999 0.48380952343750006 0.8627700125000001 0.4780952375 0.796696315625 0.46666666718750005 0.7776365953125 0.4438095234375 0.7496823375 0.43047619062500003 0.7001270640625 0.4342857140625 0.5451080046875 0.4 0.48411689999999996 0.4 0.46124523437500003 0.390476190625 0.41296060937499995 0.390476190625 0.38881829687499997 0.3828571421875 0.35959339218749997 0.3866666671875 0.35578144843750004 0.37904761875 0.3468869125 0.3828571421875 0.344345615625 0.4152380953125 0.3519695046875 0.43047619062500003 0.36340533750000004 0.4266666671875 0.377382465625 0.43809523749999996
2 0.9885641671875 0.2628571421875 0.97966963125 0.2761904765625 0.9783989828124999 0.287619046875 0.9987293515625 0.291428571875 0.9987293515625 0.2628571421875 0.9885641671875 0.2628571421875
2 0.961880559375 0.7638095234375 0.958068615625 0.7676190468749999 0.9656925031249999 0.771428571875 0.9669631515624999 0.7638095234375 0.961880559375 0.7638095234375
2 0.941550190625 0.7676190468749999 0.9542566703125 0.7676190468749999 0.94790343125 0.7638095234375 0.941550190625 0.7676190468749999
2 0.951715375 0.6552380953125 0.9466327828125 0.6552380953125 0.9466327828125 0.6666666671875 0.9529860234375 0.6666666671875 0.951715375 0.6552380953125
2 0.95552731875 0.53904761875 0.9593392625 0.5466666671875 0.9593392625 0.53904761875 0.95552731875 0.53904761875
2 0.8068614999999999 0.6019047625 0.8195679796875 0.590476190625 0.808132146875 0.5847619046875 0.808132146875 0.531428571875 0.8017789078125 0.510476190625 0.7712833546875 0.5142857140625 0.7712833546875 0.5980952375 0.7662007625 0.630476190625 0.7674714109375 0.7866666671875 0.7979669625 0.790476190625 0.8030495546875001 0.7790476187500001 0.8068614999999999 0.6019047625
2 0.8983481578125 0.7942857140624999 0.9402795421875 0.8038095234375 0.969504446875 0.8019047625000001 0.9745870390625001 0.7942857140624999 0.9733163906250001 0.7866666671875 0.941550190625 0.7942857140624999 0.937738246875 0.7752380953125 0.9326556546875 0.769523809375 0.941550190625 0.7542857140625 0.9326556546875 0.7542857140625 0.937738246875 0.73904761875 0.9326556546875 0.727619046875 0.9364675984374999 0.7066666671874999 0.9301143578125 0.689523809375 0.9351969499999999 0.6838095234375 0.9364675984374999 0.6666666671875 0.9428208390625 0.651428571875 0.941550190625 0.6342857140625 0.949174078125 0.630476190625 0.941550190625 0.6019047625 0.94790343125 0.57904761875 0.9428208390625 0.5771428578125 0.9466327828125 0.567619046875 0.9402795421875 0.5580952375 0.9351969499999999 0.531428571875 0.9250317656249999 0.5180952375000001 0.9288437109375 0.5066666671875 0.9250317656249999 0.487619046875 0.8983481578125 0.4780952375 0.8767471406249999 0.48 0.8792884375 0.5009523812500001 0.8703939015625 0.5238095234375 0.8691232531249999 0.5961904765625 0.8678526046874999 0.7847619046875 0.8729351968750001 0.790476190625 0.893265565625 0.7866666671875 0.8983481578125 0.7942857140624999
2 0.937738246875 0.46666666718750005 0.94790343125 0.4552380953125 0.9390088953125 0.45904761875 0.937738246875 0.46666666718750005
2 0.41484375 0.36953125 0.00390625 0.00390625
2 0.3824650578125 0.367619046875 0.38119440937500004 0.36 0.3900889453125 0.3542857140625 0.3900889453125 0.3466666671875 0.3862770015625 0.3542857140625 0.3697585765625 0.350476190625 0.3697585765625 0.3580952375 0.3824650578125 0.367619046875
2 0.5349428203125 0.3866666671875 0.5476493015624999 0.3828571421875 0.56035578125 0.4 0.6099110546875 0.4 0.6505717921875 0.3828571421875 0.6963151203125 0.37523809531249996 0.7026683609375 0.3638095234375 0.7064803046875 0.367619046875 0.7102922484375 0.36 0.71410419375 0.367619046875 0.7166454890625 0.36 0.6988564171875 0.350476190625 0.6721728078125 0.3542857140625 0.6620076234375001 0.3466666671875 0.65692503125 0.3542857140625 0.6505717921875 0.3428571421875 0.6302414234375 0.33904761875 0.6213468875 0.33142857187499997 0.5768742062500001 0.33142857187499997 0.5108005078125 0.350476190625 0.49174078750000005 0.3580952375 0.4790343078125 0.371428571875 0.46632782656250005 0.371428571875 0.45870393906249995 0.37904761875 0.4688691234375 0.3866666671875 0.5273189328125001 0.37904761875 0.5349428203125 0.3866666671875
2 0.29765625 0.42890625 0.00390625 0.00390625
2 0.31893265625 0.4266666671875 0.3049555265625 0.43047619062500003 0.353240153125 0.4342857140625 0.3799237609375 0.4438095234375 0.38373570468749996 0.470476190625 0.39644218593749997 0.48380952343750006 0.41296060937499995 0.48380952343750006 0.43964421875 0.550476190625 0.47268106718749997 0.5466666671875 0.498094028125 0.550476190625 0.5095298609375 0.5599999999999999 0.5336721734375 0.5542857140625 0.5489199484375 0.53904761875 0.55273189375 0.5180952375000001 0.5857687421875 0.5066666671875 0.6048284625 0.49142857187500005 0.724269378125 0.49142857187500005 0.820838628125 0.5066666671875 0.8373570515625 0.5142857140625 0.8678526046874999 0.5142857140625 0.8729351968750001 0.5028571421875 0.8729351968750001 0.487619046875 0.8678526046874999 0.4780952375 0.7941550187499999 0.46285714218749996 0.780177890625 0.4438095234375 0.7522236343750001 0.4266666671875 0.6772554000000001 0.4266666671875 0.6607369765625 0.41904761874999996 0.6543837359375 0.4038095234375 0.6404066078125 0.4038095234375 0.639135959375 0.3942857140625 0.64930114375 0.3828571421875 0.7179161374999999 0.371428571875 0.725540025 0.3580952375 0.728081321875 0.308571428125 0.73824650625 0.287619046875 0.73824650625 0.2742857140625 0.6264294796875001 0.2380952375 0.5895806859375 0.2342857140625 0.58068615 0.2380952375 0.570520965625 0.2533333328125 0.5692503171875 0.2742857140625 0.5768742062500001 0.289523809375 0.5692503171875 0.3066666671875 0.5794155015625 0.3257142859375 0.574332909375 0.3352380953125 0.5336721734375 0.3428571421875 0.5082592125 0.3542857140625 0.485387546875 0.3542857140625 0.46759847499999996 0.3466666671875 0.4561626421875 0.350476190625 0.44218551406250006 0.3428571421875 0.43074968281250003 0.3466666671875 0.4167725546875 0.33904761875 0.4104193140625 0.32 0.4243964421875 0.30285714218750004 0.42185514687500003 0.29904761875 0.4167725546875 0.310476190625 0.41296060937499995 0.29904761875 0.39644218593749997 0.3142857140625 0.39644218593749997 0.32 0.38881829687499997 0.3219047625 0.3951715375 0.32380952343749997 0.4002541296875 0.3352380953125 0.37484116875 0.33904761875 0.364675984375 0.3580952375 0.32401524843749996 0.3466666671875 0.2986022875 0.350476190625 0.30114358281250003 0.369523809375 0.296060990625 0.4 0.32147395156249997 0.4152380953125 0.31893265625 0.4266666671875
2 0.663278271875 0 0.6607369765625 0.0038095234375 0.7204574328125 0.0152380953125 0.731893265625 0.022857142187500002 0.7916137234375 0.038095237500000004 0.8182973312499999 0.04 0.820838628125 0.0342857140625 0.8182973312499999 0 0.663278271875 0
2 0.56953125 0.384375 0.0015625 0.00390625
2 0.58515625 0.38125 0.0015625 0.00390625
2 0.3151207109375 0.43047619062500003 0.3227446 0.4247619046875 0.3233799234375 0.43047619062500003 0.332909784375 0.4342857140625 0.37484116875 0.43809523749999996 0.4116899625 0.4552380953125 0.4561626421875 0.4552380953125 0.48411689999999996 0.46285714218749996 0.5412960609375 0.46666666718750005 0.5489199484375 0.47428571406250003 0.6010165187500001 0.48 0.6035578140625 0.487619046875 0.7357052093750001 0.49142857187500005 0.8233799234375001 0.5066666671875 0.8398983484375 0.5142857140625 0.8678526046874999 0.5142857140625 0.8729351968750001 0.4952380953125 0.8653113093749999 0.4780952375 0.7916137234375 0.46285714218749996 0.7789072421875 0.4438095234375 0.7496823375 0.4266666671875 0.7090216015624999 0.4342857140625 0.6683608640625 0.4266666671875 0.6480304953125 0.4152380953125 0.6302414234375 0.41904761874999996 0.6137229984375 0.411428571875 0.611181703125 0.4038095234375 0.5895806859375 0.407619046875 0.56035578125 0.3828571421875 0.532401525 0.3866666671875 0.5260482843750001 0.37904761875 0.5171537484375001 0.37904761875 0.48157560312500003 0.390476190625 0.47268106718749997 0.3828571421875 0.453621346875 0.37904761875 0.4167725546875 0.37904761875 0.40787801718749994 0.371428571875 0.37611181718750003 0.371428571875 0.36848792812500003 0.3638095234375 0.33036848750000003 0.3638095234375 0.31639135937499996 0.3580952375 0.30114358281250003 0.371428571875 0.296060990625 0.4 0.32401524843749996 0.4171428578125 0.32401524843749996 0.42285714218750003 0.3151207109375 0.43047619062500003
2 0.529860228125 0 0.6060991109375 0.0266666671875 0.6645489203125 0.038095237500000004 0.703939009375 0.0552380953125 0.7814485390625 0.070476190625 0.820838628125 0.070476190625 0.8233799234375001 0.051428571874999995 0.8195679796875 0 0.529860228125 0
2 0.4968233796875 0 0.5006353234375001 0.0057142859375 0.5006353234375001 0.007619046875 0.5019059718750001 0 0.4968233796875 0
2 0.5006353234375001 0.007619046875 0.5006353234375001 0.019047618750000002 0.50444726875 0.011428571875 0.5006353234375001 0.007619046875
2 0.3354510796875 0 0.332909784375 0.007619046875 0.3316391359375 0.051428571874999995 0.33799237656250003 0.059047618749999996 0.360864040625 0.0628571421875 0.3697585765625 0.04 0.40914866562499996 0 0.4024485390625 0 0.40152477812500004 0.007619046875 0.3957496828125 0 0.3354510796875 0
2 0.8030495546875001 0.7866666671875 0.8055908515624999 0.5142857140625 0.7789072421875 0.5066666671875 0.77001270625 0.510476190625 0.7687420578124999 0.5980952375 0.7649301140625 0.6247619046875 0.7649301140625 0.7847619046875 0.7750952984375 0.7942857140624999 0.796696315625 0.7942857140624999 0.8030495546875001 0.7866666671875
2 0.7789072421875 0.1542857140625 0.763659465625 0.1238095234375 0.7509529859375 0.11809523749999999 0.7102922484375 0.11809523749999999 0.691232528125 0.127619046875 0.679796696875 0.1542857140625 0.6785260484375 0.2038095234375 0.6836086406249999 0.21142857187500003 0.7750952984375 0.2380952375 0.7789072421875 0.1542857140625
2 0.5933926296875 0.9199999999999999 0.6162642953125 0.9352380953124999 0.65692503125 0.9390476187499999 0.667090215625 0.9314285718749999 0.6772554000000001 0.9333333328125001 0.6874205843750001 0.9942857140625 0.6874205843750001 0.9676190468750001 0.6823379921875 0.9542857140625 0.6861499359375001 0.9542857140625 0.6836086406249999 0.9219047625 0.7077509531249999 0.8838095234375001 0.7179161374999999 0.8800000000000001 0.724269378125 0.8628571421875 0.7179161374999999 0.85904761875 0.724269378125 0.8514285718749999 0.7077509531249999 0.8628571421875 0.6950444734375 0.8838095234375001 0.68106734375 0.8914285718749999 0.6747141046875 0.8514285718749999 0.6683608640625 0.8438095234375 0.67344345625 0.8380952374999999 0.6721728078125 0.81904761875 0.667090215625 0.8133333328125 0.670902159375 0.7980952375 0.667090215625 0.7942857140624999 0.6607369765625 0.9142857140625 0.628970775 0.9180952375 0.594663278125 0.8914285718749999 0.5717916140625 0.8438095234375 0.5019059718750001 0.6266666671875 0.49047013906250003 0.6019047625 0.48411689999999996 0.5714285718750001 0.473951715625 0.550476190625 0.46251588281249995 0.550476190625 0.45870393906249995 0.5599999999999999 0.47141041875 0.6038095234374999 0.5730622624999999 0.8914285718749999 0.5933926296875 0.9199999999999999
2 0.6607369765625 0.5428571421874999 0.6581956796874999 0.5599999999999999 0.6645489203125 0.567619046875 0.6645489203125 0.5580952375 0.6607369765625 0.5428571421874999
2 0.6645489203125 0.567619046875 0.6581956796874999 0.5733333328125 0.6620076234375001 0.5923809531249999 0.659466328125 0.6228571421875 0.6645489203125 0.6213333328124999 0.6645489203125 0.567619046875
2 0.66581956875 0.6742857140625 0.6607369765625 0.6971428578125 0.667090215625 0.69904761875 0.667090215625 0.710476190625 0.6620076234375001 0.712380953125 0.667090215625 0.7219047625 0.663278271875 0.7333333328125 0.66581956875 0.772699046875 0.6696315125 0.7733333328125 0.66581956875 0.7847619046875 0.6696315125 0.7866666671875 0.670902159375 0.76095238125 0.66581956875 0.7606342859375 0.66581956875 0.748571428125 0.670902159375 0.7504761906249999 0.6645489203125 0.6510476187500001 0.6645489203125 0.6312380953125001 0.659466328125 0.632380953125 0.6645489203125 0.66095238125 0.6607369765625 0.6642857140625 0.6607369765625 0.6752380953125 0.66581956875 0.6742857140625
2 0.5336721734375 0 0.6213468875 0.030476190625 0.670902159375 0.04 0.70520965625 0.0552380953125 0.7827191874999999 0.070476190625 0.820838628125 0.070476190625 0.8233799234375001 0.051428571874999995 0.8195679796875 0 0.5336721734375 0
2 0.9542566703125 0.4857142859375 0.951715375 0.48 0.951715375 0.49142857187500005 0.9606099109375 0.48380952343750006 0.9593392625 0.47428571406250003 0.9542566703125 0.4857142859375
2 0.9440914859375 0.53904761875 0.94790343125 0.5542857140625 0.95552731875 0.5542857140625 0.958068615625 0.5638095234375 0.9720457437500001 0.567619046875 0.9644218546875001 0.5847619046875 0.9669631515624999 0.5923809531249999 0.958068615625 0.5980952375 0.9631512078125001 0.611428571875 0.969504446875 0.611428571875 0.9745870390625001 0.6228571421875 0.9720457437500001 0.630476190625 0.9669631515624999 0.630476190625 0.9758576874999999 0.64 0.9720457437500001 0.6476190468749999 0.9644218546875001 0.6476190468749999 0.9644218546875001 0.6533333328125 0.9758576874999999 0.6628571421875 0.9758576874999999 0.670476190625 0.9682337999999999 0.670476190625 0.9656925031249999 0.6819047625 0.97966963125 0.7047619046875 0.9783989828124999 0.7238095234374999 0.9745870390625001 0.727619046875 0.9783989828124999 0.7352380953125001 0.9771283359374999 0.8266666671875 0.9860228718749999 0.8380952374999999 0.9987293515625 0.8400000000000001 0.9987293515625 0.6266666671875 0.9949174078125 0.62095238125 0.9987293515625 0.611428571875 0.9987293515625 0.4342857140625 0.9783989828124999 0.4342857140625 0.9644218546875001 0.45904761875 0.9682337999999999 0.49904761875 0.9631512078125001 0.5066666671875 0.94790343125 0.512380953125 0.9440914859375 0.53904761875
2 0.9885641671875 0.2628571421875 0.9809402796875 0.2742857140625 0.97966963125 0.287619046875 0.9987293515625 0.291428571875 0.9987293515625 0.2628571421875 0.9885641671875 0.2628571421875