3 0.5611111109375 0.6888888890625 0.5518518515624999 0.690740740625 0.5518518515624999 0.6981481484375001 0.54444444375 0.6981481484375001 0.5388888890625 0.7074074078125 0.5574074078125 0.6981481484375001 0.5611111109375 0.6888888890625
3 0.5296296296875 0.7 0.46666666718750005 0.75 0.4567946375 0.75036563125 0.459259259375 0.7574074078125 0.46851851875 0.7574074078125 0.5166666671875 0.7185185187500001 0.5388888890625 0.7074074078125 0.5351851859375001 0.6981481484375001 0.5296296296875 0.7
3 0.4388888890625 0.75555555625 0.44557291718750003 0.75078125 0.437104621875 0.751094890625 0.4388888890625 0.75555555625
3 0.4563218390625 0.7503831421875 0.4469945359375 0.7507285984375 0.45 0.7574074078125 0.4563218390625 0.7503831421875
3 0.24444444375000002 0.6888888890625 0.2888888890625 0.7185185187500001 0.32592592656249997 0.7203703703125 0.3203703703125 0.7296296296875 0.33703703749999997 0.7388888890625 0.3425925921875 0.740740740625 0.34629629687499996 0.7351851859375 0.3518518515625 0.7425925921875 0.36666666718749996 0.7370370375 0.3703703703125 0.746296296875 0.3851851859375 0.7481481484375 0.38333333281250004 0.7388888890625 0.30740740781250003 0.7111111109375 0.2796296296875 0.7074074078125 0.246296296875 0.68148148125 0.177777778125 0.65 0.16851851874999998 0.65 0.1703703703125 0.6629629625 0.20370370312500002 0.6703703703125 0.24444444375000002 0.6888888890625
3 0.6888888890625 0.6203703703125 0.6870370375 0.6111111109375 0.7 0.6074074078125 0.6981481484375001 0.5981481484375 0.709259259375 0.5962962968750001 0.729259259375 0.5725925921874999 0.727777778125 0.5666666671875 0.7425925921875 0.559259259375 0.740740740625 0.5518518515624999 0.7111111109375 0.5796296296875 0.7159259265625 0.5859259265625 0.709259259375 0.5925925921874999 0.703703703125 0.5888888890625 0.66851851875 0.63148148125 0.6666666671875 0.6351851859375001 0.6777777781250001 0.6296296296875 0.6796296296875 0.61851851875 0.6888888890625 0.6203703703125
2 0.696296296875 0.41111111093749997 0.7018518515625 0.4166666671875 0.7611111109375 0.4166666671875 0.76851851875 0.33703703749999997 0.76851851875 0.20555555625 0.6259259265625 0.2 0.41111111093749997 0.2018518515625 0.409259259375 0.41111111093749997 0.5166666671875 0.4166666671875 0.66851851875 0.4166666671875 0.696296296875 0.41111111093749997
2 0.1703703703125 0.696296296875 0.1851851859375 0.6759259265625001 0.1851851859375 0.6629629625 0.1759259265625 0.6555555562500001 0.172222221875 0.640740740625 0.13703703750000001 0.6425925921875 0.13148148125 0.65 0.1351851859375 0.6888888890625 0.140740740625 0.696296296875 0.1703703703125 0.696296296875
2 0.20546875 0.66953125 0.00703125 0.0015625
2 0.38703703749999996 0.85555555625 0.35 0.8611111109375 0.3425925921875 0.86851851875 0.33703703749999997 0.9203703703125001 0.3296296296875 0.9370370375 0.33148148125 0.9518518515625001 0.35555555625 0.9611111109375001 0.36666666718749996 0.9888888890624999 0.377777778125 0.9870370375 0.3888888890625 0.959259259375 0.4981481484375 0.95555555625 0.79444444375 0.9574074078124999 0.8055555562500001 0.9851851859374999 0.8166666671874999 0.9870370375 0.8259259265625 0.9685185187500001 0.81851851875 0.9574074078124999 0.8370370375 0.9518518515625001 0.840740740625 0.940740740625 0.8074074078125 0.872222221875 0.8 0.8629629624999999 0.7796296296875 0.8574074078124999 0.7796296296875 0.709259259375 0.777777778125 0.6777777781250001 0.76851851875 0.659259259375 0.76851851875 0.5388888890625 0.9703703703125001 0.5351851859375001 0.9796296296874999 0.46851851875 0.9925925921875001 0.2203703703125 0.9925925921875001 0.09074074062500001 0.9870370375 0.08148148125 0.5870370375 0.077777778125 0.5518518515624999 0.072222221875 0.41111111093749997 0.0759259265625 0.3611111109375 0.0703703703125 0.3166666671875 0.0759259265625 0.30555555624999997 0.0703703703125 0.18148148125000002 0.06851851875000001 0.1888888890625 0.527777778125 0.3851851859375 0.5296296296875 0.39074074062499997 0.5351851859375001 0.38703703749999996 0.85555555625
2 0.68046875 0.62109375 0.0015625 0.0015625
2 0.7296296296875 0.5611111109375 0.7296296296875 0.5666666671875 0.7129629625 0.5796296296875 0.716296296875 0.5829629625 0.7370370375 0.559259259375 0.7296296296875 0.5611111109375
2 0.7166666671875 0.5833333328125 0.716296296875 0.5829629625 0.7078703703125 0.5925925921874999 0.709259259375 0.5925925921874999 0.7166666671875 0.5833333328125
2 0.7078703703125 0.5925925921874999 0.7018518515625 0.5925925921874999 0.7018518515625 0.5994709 0.7078703703125 0.5925925921874999
2 0.7018518515625 0.6018518515625 0.7018518515625 0.5994709 0.695791246875 0.60639730625 0.7018518515625 0.6018518515625
2 0.695791246875 0.60639730625 0.6870370375 0.6129629624999999 0.6851851859375 0.61851851875 0.695791246875 0.60639730625
2 0.3425925921875 0.8666666671875 0.33703703749999997 0.9166666671874999 0.3296296296875 0.9333333328125001 0.33148148125 0.95555555625 0.3518518515625 0.9611111109375001 0.36296296250000004 0.9888888890624999 0.3796296296875 0.9870370375 0.38703703749999996 0.9740740734375001 0.4074074078125 0.959259259375 0.5481481484375 0.9574074078124999 0.79444444375 0.959259259375 0.8018518515625 0.9851851859374999 0.8166666671874999 0.9888888890624999 0.827777778125 0.9685185187500001 0.8240740734375 0.9574074078124999 0.8370370375 0.95555555625 0.840740740625 0.9388888890624999 0.8074074078125 0.8703703703125001 0.8 0.8611111109375 0.7814814812499999 0.8574074078124999 0.7796296296875 0.6796296296875 0.76851851875 0.6574074078125001 0.7703703703125 0.540740740625 0.746296296875 0.5425925921875 0.746296296875 0.6166666671875001 0.740740740625 0.6481481484375 0.6851851859375 0.646296296875 0.646296296875 0.66851851875 0.6111111109375 0.66851851875 0.60555555625 0.6629629625 0.603703703125 0.66851851875 0.559259259375 0.672222221875 0.55 0.66851851875 0.55 0.6611111109375 0.5370370375 0.6481481484375 0.5074074078125 0.6425925921875 0.4166666671875 0.6425925921875 0.41111111093749997 0.6333333328124999 0.4129629625 0.540740740625 0.40555555625000006 0.5351851859375001 0.3888888890625 0.5388888890625 0.38703703749999996 0.8481481484375 0.38333333281250004 0.859259259375 0.35 0.859259259375 0.3425925921875 0.8666666671875
2 0.1888888890625 0.5296296296875 0.46851851875 0.5296296296875 0.49259259218749996 0.5351851859375001 0.5240740734375 0.5314814812499999 0.859259259375 0.5388888890625 0.9703703703125001 0.5351851859375001 0.9796296296874999 0.4796296296875 0.9888888890624999 0.3296296296875 0.996296296875 0.08148148125 0.1870370375 0.0666666671875 0.17962962968750001 0.06851851875000001 0.17962962968750001 0.1296296296875 0.1870370375 0.2703703703125 0.1888888890625 0.5296296296875