0 0.52734375 0.2216796875 0.5322265625 0.2197265625 0.52734375 0.21875 0.52734375 0.2216796875
0 0.7509765625 0.2138671875 0.759765625 0.2197265625 0.755859375 0.2119140625 0.7509765625 0.2138671875
0 0.248046875 0.208984375 0.2509765625 0.2109375 0.25 0.2080078125 0.248046875 0.208984375
0 0.2921875 0.20546875 0.0015625 0.00078125
0 0.28515625 0.205078125 0.27734375 0.205078125 0.28125 0.208984375 0.2841796875 0.208984375 0.28515625 0.205078125
0 0.5673828125 0.205078125 0.5634765625 0.205078125 0.56640625 0.208984375 0.5693359375 0.2080078125 0.5673828125 0.205078125
0 0.7234375 0.2 0.003125 0.00078125
0 0.34375 0.2001953125 0.333984375 0.2021484375 0.330078125 0.2080078125 0.3330078125 0.2138671875 0.34375 0.2080078125 0.34375 0.2001953125
0 0.653125 0.1984375 0.0015625 0.0015625
0 0.65234375 0.185546875 0.654296875 0.1884765625 0.65625 0.185546875 0.65234375 0.185546875
0 0.62890625 0.2109375 0.6318359375 0.2021484375 0.6279296875 0.1943359375 0.6318359375 0.1884765625 0.6279296875 0.185546875 0.626953125 0.197265625 0.623046875 0.197265625 0.623046875 0.2001953125 0.62890625 0.2109375
0 0.6064453125 0.177734375 0.6123046875 0.185546875 0.609375 0.177734375 0.6064453125 0.177734375
0 0.0478515625 0.3359375 0.0517578125 0.3388671875 0.060546875 0.3359375 0.06640625 0.341796875 0.0703125 0.341796875 0.080078125 0.359375 0.080078125 0.37109375 0.0830078125 0.3720703125 0.0830078125 0.3759765625 0.09765625 0.3818359375 0.1064453125 0.380859375 0.109375 0.384765625 0.1123046875 0.427734375 0.109375 0.55859375 0.111328125 0.619140625 0.109375 0.6337890625 0.1025390625 0.642578125 0.1025390625 0.654296875 0.1083984375 0.677734375 0.10546875 0.6953125 0.109375 0.703125 0.111328125 0.7587890625 0.12109375 0.7841796875 0.1396484375 0.8056640625 0.1455078125 0.8203125 0.15625 0.830078125 0.1572265625 0.8671875 0.16015625 0.873046875 0.1884765625 0.88671875 0.208984375 0.8896484375 0.216796875 0.88671875 0.216796875 0.8701171875 0.2197265625 0.859375 0.224609375 0.85546875 0.34375 0.8701171875 0.34765625 0.873046875 0.421875 0.8759765625 0.4326171875 0.87890625 0.6015625 0.8759765625 0.6103515625 0.873046875 0.6962890625 0.8671875 0.703125 0.8642578125 0.736328125 0.86328125 0.7421875 0.8642578125 0.74609375 0.8701171875 0.74609375 0.880859375 0.75 0.884765625 0.74609375 0.8896484375 0.748046875 0.896484375 0.7529296875 0.8994140625 0.7734375 0.8994140625 0.7998046875 0.8896484375 0.8017578125 0.8828125 0.8076171875 0.8818359375 0.8134765625 0.873046875 0.810546875 0.87109375 0.8134765625 0.86796875 0.8134765625 0.84765625 0.841796875 0.830078125 0.873046875 0.791015625 0.8837890625 0.7587890625 0.8818359375 0.744140625 0.88671875 0.69140625 0.8876953125 0.6318359375 0.884765625 0.6015625 0.8876953125 0.591796875 0.8896484375 0.521484375 0.8896484375 0.3994140625 0.896484375 0.390625 0.9013671875 0.3935546875 0.9150390625 0.3876953125 0.9111328125 0.376953125 0.912109375 0.37109375 0.91796875 0.373046875 0.9189453125 0.3671875 0.9306640625 0.3564453125 0.94140625 0.35546875 0.94921875 0.3505859375 0.974609375 0.3525390625 0.986328125 0.349609375 0.9931640625 0.34375 0.9931640625 0.3359375 0.98046875 0.3271484375 0.94921875 0.32421875 0.91015625 0.310546875 0.890625 0.310546875 0.8935546875 0.26171875 0.9072265625 0.2509765625 0.9072265625 0.2421875 0.8876953125 0.22265625 0.841796875 0.216796875 0.7646484375 0.216796875 0.76171875 0.224609375 0.751953125 0.2255859375 0.75 0.2197265625 0.748046875 0.2216796875 0.7421875 0.21875 0.736328125 0.2197265625 0.7353515625 0.224609375 0.728515625 0.22265625 0.720703125 0.2255859375 0.6689453125 0.2255859375 0.6650390625 0.22265625 0.66015625 0.2255859375 0.6337890625 0.2255859375 0.62890625 0.22265625 0.6240234375 0.2255859375 0.6025390625 0.2255859375 0.59765625 0.2197265625 0.5947265625 0.2216796875 0.5888671875 0.2138671875 0.5947265625 0.1962890625 0.599609375 0.19140625 0.5986328125 0.1875 0.5947265625 0.1884765625 0.599609375 0.1806640625 0.59375 0.1767578125 0.58740234375 0.1767578125 0.5908203125 0.1826171875 0.580078125 0.1826171875 0.5771484375 0.1806640625 0.5810546875 0.1767578125 0.57421875 0.1787109375 0.55859375 0.173828125 0.548828125 0.1806640625 0.54296875 0.173828125 0.5380859375 0.1806640625 0.5322265625 0.1748046875 0.5234375 0.1806640625 0.52734375 0.1884765625 0.517578125 0.1923828125 0.5068359375 0.19140625 0.50390625 0.1884765625 0.501953125 0.19140625 0.498046875 0.1884765625 0.4892578125 0.1884765625 0.4853515625 0.181640625 0.4892578125 0.1767578125 0.486328125 0.1708984375 0.478515625 0.173828125 0.478515625 0.1806640625 0.47265625 0.18359375 0.474609375 0.1865234375 0.4716796875 0.1884765625 0.466796875 0.1865234375 0.466796875 0.1767578125 0.46484375 0.1806640625 0.458984375 0.173828125 0.4599609375 0.1708984375 0.4521484375 0.1767578125 0.41796875 0.1767578125 0.4140625 0.1796875 0.412109375 0.1767578125 0.3837890625 0.1767578125 0.3642578125 0.1806640625 0.3505859375 0.1962890625 0.3583984375 0.2001953125 0.359375 0.2080078125 0.365234375 0.208984375 0.3701171875 0.2060546875 0.373046875 0.208984375 0.3837890625 0.208984375 0.384765625 0.2177734375 0.353515625 0.2197265625 0.349609375 0.2255859375 0.2939453125 0.2255859375 0.287109375 0.2197265625 0.271484375 0.224609375 0.2705078125 0.2216796875 0.263671875 0.22265625 0.2509765625 0.216796875 0.2431640625 0.216796875 0.23046875 0.22265625 0.22265625 0.2197265625 0.2197265625 0.224609375 0.2119140625 0.224609375 0.2060546875 0.2197265625 0.2080078125 0.2138671875 0.205078125 0.2119140625 0.16796875 0.2119140625 0.123046875 0.216796875 0.111328125 0.22265625 0.091796875 0.2421875 0.09375 0.2509765625 0.1083984375 0.26171875 0.109375 0.2822265625 0.1044921875 0.2939453125 0.0888671875 0.2939453125 0.072265625 0.3017578125 0.0517578125 0.3046875 0.0390625 0.310546875 0.0234375 0.310546875 0.0068359375 0.31640625 0.00390625 0.3193359375 0.00390625 0.3271484375 0.0126953125 0.3330078125 0.0478515625 0.3359375
0 0.5068359375 0.1826171875 0.51171875 0.1748046875 0.5146484375 0.177734375 0.5185546875 0.1689453125 0.5146484375 0.1572265625 0.5068359375 0.1630859375 0.50634765625 0.16015625 0.5009765625 0.16015625 0.5068359375 0.1640625 0.498046875 0.171875 0.5009765625 0.185546875 0.5068359375 0.1826171875
0 0.53125 0.1123046875 0.5380859375 0.111328125 0.5322265625 0.1083984375 0.53125 0.1123046875
0 0.490234375 0.103515625 0.4892578125 0.09765625 0.486328125 0.09765625 0.484375 0.10546875 0.4931640625 0.10546875 0.4931640625 0.1005859375 0.490234375 0.103515625