2 0.58 0.7 0.5871428578125 0.72 0.5928571421875 0.72 0.5914285718750001 0.6975 0.58 0.7
2 0.2171428578125 0.12250000000000001 0.2157142859375 0.0925 0.208571428125 0.095 0.2028571421875 0.13 0.20142857187500002 0.155 0.22999999999999998 0.16499999999999998 0.2328571421875 0.16 0.2171428578125 0.12250000000000001
2 0.8185714281250001 0 0.8157142859375 0.0125 0.8157142859375 0.14250000000000002 0.841428571875 0.1375 0.9442857140625 0.08249999999999999 0.9457142859375001 0 0.8185714281250001 0
2 0.708571428125 0.1525 0.7028571421875001 0.145 0.698571428125 0.155 0.7028571421875001 0.1525 0.7042857140625001 0.16499999999999998 0.708571428125 0.1525
2 0.6971428578125 0.09 0.7028571421875001 0.095 0.7028571421875001 0.08499999999999999 0.6971428578125 0.09
2 0.7328571421875 0 0.73 0.005 0.7371428578125 0.025 0.7371428578125 0.18 0.748571428125 0.1825 0.8099999999999999 0.15 0.8099999999999999 0.0975 0.8142857140625 0.08499999999999999 0.8114285718750001 0.0325 0.8157142859375 0 0.7328571421875 0
2 0.2542857140625 0.3225 0.22714285781250002 0.3225 0.22714285781250002 0.33999999999999997 0.251428571875 0.34500000000000003 0.2557142859375 0.335 0.2542857140625 0.3225
2 0.7542857140625 0.7875 0.7442857140625 0.765 0.7371428578125 0.7849999999999999 0.7371428578125 0.8474999999999999 0.7542857140625 0.85 0.7542857140625 0.7875
2 0.33142857187499997 0.1575 0.288571428125 0.155 0.28428571406250003 0.1275 0.278571428125 0.12250000000000001 0.24571428593750003 0.1325 0.24714285781249998 0.16999999999999998 0.341428571875 0.1875 0.33999999999999997 0.17250000000000001 0.33142857187499997 0.1575
2 0.2328571421875 0.16 0.2171428578125 0.12250000000000001 0.2157142859375 0.0925 0.208571428125 0.095 0.2028571421875 0.1325 0.20142857187500002 0.155 0.2242857140625 0.16 0.22714285781250002 0.15 0.2328571421875 0.16
2 0.1918159796875 0.3181355921875 0.1828571421875 0.315 0.16999999999999998 0.32 0.1857142859375 0.32999999999999996 0.1918159796875 0.3181355921875
2 0.1957142859375 0.32999999999999996 0.20428571406249998 0.3225 0.192380953125 0.3183333328125 0.1957142859375 0.32999999999999996
2 0.2171428578125 0.12250000000000001 0.2157142859375 0.0925 0.208571428125 0.0925 0.2028571421875 0.1275 0.2028571421875 0.1575 0.2328571421875 0.16499999999999998 0.2328571421875 0.155 0.2171428578125 0.12250000000000001
2 0.3628571421875 0.4025 0.3642857140625 0.41500000000000004 0.41285714218749997 0.4025 0.4542857140625 0.4225 0.5042857140625 0.43 0.5842857140625 0.41500000000000004 0.5928571421875 0.40499999999999997 0.5942857140625 0.34249999999999997 0.5757142859375 0.33999999999999997 0.541428571875 0.3175 0.468571428125 0.3225 0.45857142812499996 0.335 0.42714285781249994 0.33999999999999997 0.41857142812500003 0.35 0.42142857187500005 0.37 0.3571428578125 0.4025 0.3628571421875 0.4025
2 0.30285714218750004 0.20750000000000002 0.3042857140625 0.22999999999999998 0.3328571421875 0.22749999999999998 0.328571428125 0.215 0.30285714218750004 0.20750000000000002
2 0.3342857140625 0.16 0.288571428125 0.155 0.2828571421875 0.125 0.2642857140625 0.12250000000000001 0.24571428593750003 0.1325 0.24428571406250002 0.1675 0.3157142859375 0.1875 0.33999999999999997 0.1875 0.3342857140625 0.16
2 0.2542857140625 0.325 0.22999999999999998 0.3225 0.22714285781250002 0.3325 0.2342857140625 0.33999999999999997 0.2542857140625 0.335 0.2542857140625 0.325
2 0.30285714218750004 0.20750000000000002 0.3042857140625 0.22999999999999998 0.33142857187499997 0.2325 0.33142857187499997 0.21749999999999997 0.30285714218750004 0.20750000000000002
2 0.291428571875 0.175 0.291428571875 0.1575 0.28571428593750003 0.15 0.2828571421875 0.125 0.2642857140625 0.12250000000000001 0.24571428593750003 0.1325 0.24428571406250002 0.1675 0.27 0.16999999999999998 0.28571428593750003 0.18 0.291428571875 0.175
2 0.2328571421875 0.16 0.2171428578125 0.125 0.2157142859375 0.0925 0.21142857187500003 0.0925 0.20428571406249998 0.11750000000000001 0.2028571421875 0.155 0.2242857140625 0.16 0.22714285781250002 0.15 0.2328571421875 0.16
2 0.33999999999999997 0.16999999999999998 0.33142857187499997 0.1575 0.29428571406250004 0.1525 0.291428571875 0.16999999999999998 0.2971428578125 0.1825 0.341428571875 0.1875 0.33999999999999997 0.16999999999999998
2 0.8242857140625001 0.3775 0.8242857140625001 0.395 0.8428571421875001 0.39249999999999996 0.8342857140625 0.3725 0.8242857140625001 0.3775
2 0.2557142859375 0.1275 0.24571428593750003 0.1325 0.24428571406250002 0.1675 0.261428571875 0.16999999999999998 0.261428571875 0.135 0.2557142859375 0.1275
2 0.30285714218750004 0.20750000000000002 0.3042857140625 0.22999999999999998 0.3328571421875 0.22999999999999998 0.32999999999999996 0.215 0.30285714218750004 0.20750000000000002
2 0.258571428125 0.49000000000000005 0.27714285781250003 0.545 0.2828571421875 0.5575 0.29428571406250004 0.5599999999999999 0.288571428125 0.5675 0.3042857140625 0.595 0.3157142859375 0.6025 0.3328571421875 0.5974999999999999 0.33714285781250003 0.5900000000000001 0.3328571421875 0.5825 0.3442857140625 0.5650000000000001 0.3471428578125 0.5725 0.3471428578125 0.5549999999999999 0.35285714218750003 0.5599999999999999 0.351428571875 0.5425 0.36 0.525 0.36 0.49749999999999994 0.3728571421875 0.445 0.3657142859375 0.45 0.35 0.5475 0.328571428125 0.585 0.31 0.585 0.2971428578125 0.5675 0.261428571875 0.445 0.2571428578125 0.445 0.2628571421875 0.45 0.2628571421875 0.46749999999999997 0.2557142859375 0.47000000000000003 0.258571428125 0.49000000000000005
2 0.371428571875 0.4225 0.3671428578125 0.43 0.37 0.44000000000000006 0.3742857140625 0.43499999999999994 0.371428571875 0.4225
2 0.27142857187499997 0.3525 0.2671428578125 0.375 0.2742857140625 0.38 0.2742857140625 0.34500000000000003 0.27142857187499997 0.3525
2 0.2628571421875 0.4175 0.2571428578125 0.4 0.2542857140625 0.34500000000000003 0.2542857140625 0.43 0.2557142859375 0.4375 0.261428571875 0.4375 0.2628571421875 0.4175
2 0.70546875 0.15625 0.003125 0.00234375
2 0.678125 0.0015625 0.01015625 0.00234375
2 0.731428571875 0 0.7271428578125 0.0025 0.74 0.027500000000000004 0.7371428578125 0.1575 0.741428571875 0.1825 0.9028571421875 0.1075 0.9357142859375 0.09 0.9442857140625 0.0775 0.9457142859375001 0 0.731428571875 0
2 0.4357142859375 0.4025 0.44142857187500006 0.4 0.4371428578125 0.39249999999999996 0.4357142859375 0.4025
2 0.4375 0.3671875 0.0015625 0.0046875
2 0.45999999999999996 0.34249999999999997 0.46571428593749997 0.33999999999999997 0.46285714218749996 0.3375 0.45999999999999996 0.34249999999999997
2 0.4557142859375 0.40499999999999997 0.5342857140625 0.41 0.548571428125 0.4025 0.5528571421875 0.3825 0.5528571421875 0.365 0.5471428578124999 0.3625 0.5428571421874999 0.34249999999999997 0.5371428578125 0.34249999999999997 0.5328571421875 0.32999999999999996 0.5092857140625 0.34249999999999997 0.478571428125 0.33999999999999997 0.4542857140625 0.355 0.4557142859375 0.375 0.44714285781249996 0.3775 0.4542857140625 0.3825 0.4557142859375 0.40499999999999997
2 0.8428571421875001 0.39249999999999996 0.8371428578125 0.3725 0.8571428578125 0.3675 0.8557142859375 0.34249999999999997 0.8342857140625 0.35 0.831428571875 0.34500000000000003 0.828571428125 0.3525 0.828571428125 0.37 0.8214285718750001 0.385 0.8257142859375 0.3975 0.8428571421875001 0.39249999999999996
2 0.9928571421875001 0.24500000000000002 0.9871428578125 0.2625 0.9971428578125 0.27749999999999997 0.9971428578125 0.2425 0.9928571421875001 0.24500000000000002
2 0.2542857140625 0.3325 0.2328571421875 0.325 0.231428571875 0.3375 0.2342857140625 0.32999999999999996 0.23857142812499998 0.33999999999999997 0.2542857140625 0.3325
2 0.30285714218750004 0.20750000000000002 0.3042857140625 0.22999999999999998 0.3328571421875 0.22749999999999998 0.328571428125 0.215 0.30285714218750004 0.20750000000000002
2 0.288571428125 0.1525 0.2828571421875 0.125 0.2642857140625 0.12250000000000001 0.24571428593750003 0.1325 0.24714285781249998 0.16999999999999998 0.33999999999999997 0.1875 0.3328571421875 0.16 0.288571428125 0.1525
2 0.2142857140625 0.0925 0.20428571406249998 0.12 0.2028571421875 0.155 0.2328571421875 0.16 0.2157142859375 0.12 0.2142857140625 0.0925
2 0.7542857140625 0.34500000000000003 0.75 0.3325 0.721428571875 0.32999999999999996 0.72 0.3375 0.7271428578125 0.355 0.748571428125 0.355 0.7542857140625 0.34500000000000003
2 0.20428571406249998 0.1575 0.22142857187499998 0.16 0.2253099734375 0.1441509421875 0.21857142812500002 0.13 0.20428571406249998 0.13999999999999999 0.20428571406249998 0.1575
2 0.6342857140625 0.36 0.638571428125 0.3625 0.6371428578125 0.355 0.6342857140625 0.36
2 0.65625 0.31640625 0.0015625 0.00234375
2 0.428571428125 0.27999999999999997 0.4171428578125 0.27 0.41285714218749997 0.27999999999999997 0.41196333125000006 0.2796524078125 0.42571428593749994 0.335 0.42142857187500005 0.34500000000000003 0.42714285781249994 0.3525 0.42571428593749994 0.3675 0.4342857140625 0.3775 0.42571428593749994 0.40499999999999997 0.431428571875 0.3975 0.44428571406249995 0.4125 0.4557142859375 0.40750000000000003 0.4571428578125 0.41500000000000004 0.47142857187500004 0.4125 0.4928571421875 0.4225 0.5857142859375 0.41 0.5914285718750001 0.4025 0.5871428578125 0.395 0.5871428578125 0.375 0.5942857140625 0.3675 0.5928571421875 0.325 0.598571428125 0.3225 0.6042857140625 0.33999999999999997 0.6128571421875 0.33999999999999997 0.6171428578125 0.36 0.618571428125 0.3525 0.6228571421875 0.365 0.63 0.3625 0.6271428578125 0.3375 0.6457142859375 0.3125 0.6428571421875 0.28250000000000003 0.6542857140625 0.275 0.6557142859375 0.25 0.72 0.255 0.751428571875 0.24500000000000002 0.7442857140625 0.20249999999999999 0.7242857140625001 0.1875 0.6342857140625 0.1925 0.6271428578125 0.2 0.6271428578125 0.215 0.6028571421875 0.21749999999999997 0.5928571421875 0.21000000000000002 0.601428571875 0.2 0.5928571421875 0.1975 0.5371428578125 0.20249999999999999 0.54 0.2125 0.5328571421875 0.21749999999999997 0.521428571875 0.215 0.5228571421875 0.20249999999999999 0.52 0.21000000000000002 0.515238571875 0.20249999999999999 0.3942857140625 0.21000000000000002 0.388571428125 0.22999999999999998 0.411428571875 0.23500000000000001 0.42142857187500005 0.25 0.4342857140625 0.24500000000000002 0.4357142859375 0.255 0.44571428593749995 0.2625 0.428571428125 0.27999999999999997
2 0.341428571875 0.1875 0.33999999999999997 0.17250000000000001 0.33142857187499997 0.1575 0.288571428125 0.155 0.2828571421875 0.125 0.2642857140625 0.12250000000000001 0.24571428593750003 0.1325 0.24428571406250002 0.1675 0.27142857187499997 0.16999999999999998 0.3142857140625 0.1875 0.341428571875 0.1875
2 0.2642857140625 0.12250000000000001 0.24571428593750003 0.1325 0.24428571406250002 0.1675 0.288571428125 0.175 0.2828571421875 0.125 0.2642857140625 0.12250000000000001
2 0.42285714218750003 0.375 0.40142857187500003 0.375 0.3557142859375 0.395 0.3642857140625 0.4175 0.40571428593750003 0.4025 0.42142857187500005 0.40750000000000003 0.42285714218750003 0.375
2 0.3342857140625 0.365 0.3442857140625 0.3775 0.3328571421875 0.35 0.3342857140625 0.365
2 0.2342857140625 0.3375 0.24428571406250002 0.3375 0.231428571875 0.32999999999999996 0.2342857140625 0.3375
2 0.30285714218750004 0.20750000000000002 0.3042857140625 0.22999999999999998 0.33142857187499997 0.2325 0.33142857187499997 0.21749999999999997 0.30285714218750004 0.20750000000000002
2 0.288571428125 0.1525 0.2828571421875 0.125 0.2642857140625 0.12250000000000001 0.24571428593750003 0.1325 0.24714285781249998 0.16999999999999998 0.33999999999999997 0.1875 0.3328571421875 0.16 0.288571428125 0.1525
2 0.2328571421875 0.16 0.2171428578125 0.12250000000000001 0.2157142859375 0.0925 0.208571428125 0.095 0.2028571421875 0.1325 0.20142857187500002 0.155 0.22142857187499998 0.16 0.22714285781250002 0.15 0.2328571421875 0.16
2 0.5142857140625 0 0.5142857140625 0.1925 0.6742857140625 0.1875 0.701428571875 0.18 0.7428571421875 0.185 0.93 0.0925 0.9442857140625 0.0775 0.9442857140625 0 0.5142857140625 0
2 0.991428571875 0.4575 0.9971428578125 0.45 0.9971428578125 0.4425 0.9828571421875001 0.445 0.9757142859375 0.43499999999999994 0.9757142859375 0.4025 0.97 0.39249999999999996 0.9742857140625001 0.38 0.9728571421875 0.375 0.9671428578124999 0.385 0.9614285718750001 0.35 0.9314285718749999 0.33999999999999997 0.9328571421875 0.325 0.93 0.3375 0.925 0.325 0.9171428578124999 0.325 0.9228571421874999 0.34249999999999997 0.9571428578125 0.355 0.9771428578125001 0.45499999999999996 0.991428571875 0.4575
2 0.8571428578125 0.34249999999999997 0.8442857140625 0.34500000000000003 0.838571428125 0.35 0.838571428125 0.37 0.8557142859375 0.37 0.8571428578125 0.34249999999999997
2 0.49000000000000005 0.32 0.5142857140625 0.32 0.4971428578125 0.315 0.49000000000000005 0.32
2 0.7078125 0.2453125 0.0015625 0.0046875
2 0.721428571875 0.2325 0.731428571875 0.2125 0.7242857140625001 0.2225 0.721428571875 0.2325
2 0.0057142859375 0.2125 0.017142857812500002 0.215 0.018571428125 0.2225 0.0157142859375 0.23500000000000001 0.0071428578125 0.2375 0.0142857140625 0.25 0.0057142859375 0.2525 0.0042857140624999995 0.27749999999999997 0.06999999999999999 0.27999999999999997 0.0742857140625 0.2875 0.08428571406249999 0.28500000000000003 0.1042857140625 0.2975 0.11285714218750001 0.2875 0.1271428578125 0.3 0.1642857140625 0.3125 0.2557142859375 0.3175 0.29428571406250004 0.3325 0.3842857140625 0.33999999999999997 0.4142857140625 0.35 0.4357142859375 0.3325 0.4571428578125 0.32999999999999996 0.4571428578125 0.3125 0.46571428593749997 0.3 0.5171428578125 0.3 0.5657142859375 0.3225 0.5771428578125 0.32 0.581428571875 0.3325 0.6 0.335 0.6057142859375 0.3625 0.621428571875 0.3625 0.628571428125 0.355 0.651428571875 0.3625 0.6557142859375 0.3675 0.6542857140625 0.375 0.6742857140625 0.375 0.7142857140625 0.3625 0.7157142859375 0.325 0.74 0.325 0.7542857140625 0.34249999999999997 0.7628571421875 0.34249999999999997 0.7657142859375 0.3275 0.7757142859374999 0.325 0.78 0.3525 0.8228571421875 0.3375 0.8442857140625 0.34249999999999997 0.8471428578125 0.3325 0.8585714281250001 0.33999999999999997 0.871428571875 0.325 0.8828571421875001 0.325 0.9014285718749999 0.31 0.9099999999999999 0.3175 0.9328571421875 0.3175 0.9942857140625 0.2975 0.9942857140625 0.2875 0.9857142859374999 0.28250000000000003 0.9928571421875001 0.27749999999999997 0.9942857140625 0.2575 0.988571428125 0.2575 0.9942857140625 0.23500000000000001 0.9857142859374999 0.225 0.99 0.21749999999999997 0.9871428578125 0.1925 0.991428571875 0.175 0.9871428578125 0.1625 0.9971428578125 0.14250000000000002 0.9971428578125 0.1 0.9928571421875001 0.0975 0.9971428578125 0.06999999999999999 0.9657142859375 0.0775 0.9357142859375 0.1 0.9314285718749999 0.095 0.8885714281249999 0.12250000000000001 0.8642857140625001 0.1275 0.831428571875 0.1525 0.768571428125 0.175 0.7542857140625 0.1875 0.7528571421875 0.2 0.7388435375 0.22207142812499997 0.741428571875 0.22749999999999998 0.751428571875 0.22749999999999998 0.7557142859375 0.25 0.7157142859375 0.2625 0.7028571421875001 0.25 0.6942857140625 0.255 0.6771428578124999 0.24500000000000002 0.6642857140625 0.2575 0.6585714281249999 0.27749999999999997 0.648571428125 0.28250000000000003 0.6428571421875 0.26 0.6642857140625 0.2225 0.6557142859375 0.205 0.6457142859375 0.20750000000000002 0.631428571875 0.1975 0.5828571421875 0.2 0.5714285718750001 0.21749999999999997 0.5642857140624999 0.21749999999999997 0.5585714281249999 0.20249999999999999 0.5 0.20249999999999999 0.4971428578125 0.2125 0.4857142859375 0.20249999999999999 0.44428571406249995 0.20249999999999999 0.4342857140625 0.20750000000000002 0.4328571421875 0.22999999999999998 0.40571428593750003 0.2325 0.4 0.22999999999999998 0.3942857140625 0.20750000000000002 0.388571428125 0.20249999999999999 0.341428571875 0.1925 0.32999999999999996 0.1975 0.29 0.1825 0.27 0.185 0.2571428578125 0.175 0.23857142812499998 0.18 0.22999999999999998 0.16999999999999998 0.2142857140625 0.16999999999999998 0.19 0.155 0.1257142859375 0.155 0.11285714218750001 0.13999999999999999 0.0828571421875 0.13999999999999999 0.0642857140625 0.1275 0.0428571421875 0.1275 0.0428571421875 0.1375 0.038571428125 0.13999999999999999 0.028571428125 0.12250000000000001 0.0057142859375 0.11499999999999999 0 0.11750000000000001 0.0028571421875 0.195 0.008571428124999999 0.20249999999999999 0.0057142859375 0.2125
2 0.181428571875 0.315 0.1731292515625 0.3222619046875 0.1828571421875 0.32999999999999996 0.20428571406249998 0.325 0.181428571875 0.315
2 0.33142857187499997 0.2325 0.33142857187499997 0.21749999999999997 0.32142857187499996 0.2125 0.30285714218750004 0.2125 0.30285714218750004 0.2225 0.3057142859375 0.22999999999999998 0.33142857187499997 0.2325
2 0.33999999999999997 0.16999999999999998 0.33142857187499997 0.1575 0.29428571406250004 0.1525 0.291428571875 0.17250000000000001 0.29571428593750004 0.1825 0.341428571875 0.1875 0.33999999999999997 0.16999999999999998
2 0.5914285718750001 0.40750000000000003 0.5914285718750001 0.3775 0.5957142859375 0.365 0.5942857140625 0.34249999999999997 0.5771428578125 0.34249999999999997 0.5442857140624999 0.32 0.42428571406250004 0.34249999999999997 0.42571428593749994 0.40750000000000003 0.478571428125 0.4225 0.5871428578125 0.4125 0.5914285718750001 0.40750000000000003
2 0.9342857140625 0.265 0.93 0.2575 0.9228571421874999 0.2625 0.9171428578124999 0.27999999999999997 0.9271428578125 0.2975 0.9328571421875 0.29 0.9342857140625 0.265
2 0.5142857140625 0 0.5142857140625 0.1925 0.6942857140625 0.1875 0.7028571421875001 0.18 0.7357142859375 0.185 0.8042857140624999 0.1525 0.8114285718750001 0 0.5142857140625 0
2 0.33714285781250003 0.185 0.3328571421875 0.16499999999999998 0.32 0.155 0.29285714218750003 0.155 0.29285714218750003 0.1775 0.3157142859375 0.1875 0.33714285781250003 0.185
2 0.838571428125 0.37 0.8442857140625 0.37 0.841428571875 0.3525 0.838571428125 0.37
2 0.8528571421875 0.34500000000000003 0.8571428578125 0.36 0.8571428578125 0.34500000000000003 0.8528571421875 0.34500000000000003
2 0.841428571875 0.395 0.8342857140625 0.35 0.828571428125 0.35 0.8342857140625 0.3675 0.8242857140625001 0.375 0.8214285718750001 0.39249999999999996 0.841428571875 0.395