3 0.824436196875 0 0.8230088500000001 0.010135134375 0.819868684375 0.022147146875000003 0.8192977453125 0.03153153125 0.8155866406250001 0.052177176562500004 0.812446475 0.061186185937500005 0.8104481874999999 0.0863363359375 0.8110191265625 0.12424925 0.8098772484375001 0.1366366359375 0.812446475 0.15765765781250002 0.8150157015625 0.1640390390625 0.8155866406250001 0.16816816875 0.819868684375 0.174924925 0.8204396234375 0.177552553125 0.824436196875 0.18205705781249998 0.8278618328125 0.1828078078125 0.8287182421875 0.18205705781249998 0.8287182421875 0.174924925 0.8230088500000001 0.15690690624999998 0.8192977453125 0.1377627625 0.8207250921875 0.08333333281250001 0.8230088500000001 0.0705705703125 0.824436196875 0.06831831875 0.8287182421875 0.052177176562500004 0.82957465 0.0446696703125 0.8338566937499999 0.025525525 0.8364259203125 0.0206456453125 0.8364259203125 0.01839339375 0.8407079640624999 0.0052552546875000005 0.8407079640624999 0 0.824436196875 0
3 0.108478446875 0.98085585625 0.11475877812499999 0.971846846875 0.1207536390625 0.9665915921874999 0.12503568437499998 0.9605855859375 0.1261775625 0.9605855859375 0.1438766765625 0.9384384390625 0.15015700781250002 0.9286786781249999 0.1521552953125 0.9264264265625 0.15443905156249998 0.9256756749999999 0.159862975 0.916291290625 0.16471595781249998 0.9117867875 0.166428775 0.9080330328124999 0.16928347187499998 0.9054054046875001 0.173565515625 0.8986486484375 0.1752783328125 0.8978978984375001 0.1827005421875 0.8877627625000001 0.1935483875 0.8768768765624999 0.2081073359375 0.85585585625 0.2101056234375 0.8551051046874999 0.21438766718750002 0.8483483484375001 0.2206679984375 0.8419669671875001 0.2206679984375 0.8404654656250001 0.22751926875 0.8307057062500001 0.228375678125 0.828078078125 0.22751926875 0.8224474468749999 0.22380816406249998 0.8239489484375 0.22123893749999998 0.821696696875 0.21695689375 0.821696696875 0.20610905000000002 0.8299549546874999 0.19583214375 0.8445945953124999 0.1944047953125 0.8483483484375001 0.19240650937499998 0.8483483484375001 0.19183556875000002 0.8509759765625 0.18926634375 0.8517267265624999 0.18726805625 0.8551051046874999 0.1855552390625 0.8551051046874999 0.179845846875 0.8637387390625 0.1752783328125 0.866366365625 0.173565515625 0.8693693687499999 0.169568940625 0.8727477484374999 0.166428775 0.878003003125 0.1552954609375 0.890015015625 0.15015700781250002 0.897147146875 0.14958606875 0.8993994000000001 0.1470168421875 0.9005255249999999 0.14616043437499998 0.903153153125 0.14187839062500002 0.90690690625 0.135598059375 0.9174174171875 0.131316015625 0.9207957953125 0.1298886671875 0.9207957953125 0.1261775625 0.92454955 0.1161861265625 0.9391891890625 0.112475021875 0.9459459453125 0.1110476734375 0.9508258265625 0.10904938593749999 0.953078078125 0.1079075078125 0.9617117109375 0.10590922031250001 0.9654654656250001 0.10476734218749999 0.9733483484375001 0.102198115625 0.9767267265624999 0.1016271765625 0.9846096093750001 0.10476734218749999 0.983858859375 0.10733656875 0.98085585625 0.108478446875 0.98085585625
3 0.7102483578125 0.5390390390625 0.70710819375 0.5390390390625 0.706537253125 0.5397897890625 0.708535540625 0.5409159156250001 0.7108192984375 0.540165165625 0.7102483578125 0.5390390390625
3 0.6505852125 0.565315315625 0.651727090625 0.5660660656250001 0.6522980296875 0.5701951953125 0.6542963171875 0.5758258265625 0.6554381953124999 0.5765765765624999 0.6568655437500001 0.584459459375 0.6591492999999999 0.5885885890625 0.6625749359374999 0.590465465625 0.6685697968750001 0.5893393390624999 0.672566371875 0.584459459375 0.6731373109375001 0.5773273265625 0.6699971453125 0.571696696875 0.6685697968750001 0.5660660656250001 0.666286040625 0.5630630625 0.663145875 0.552927928125 0.660005709375 0.5465465468749999 0.6591492999999999 0.540165165625 0.6568655437500001 0.5356606609375001 0.6568655437500001 0.5326576578125 0.656009134375 0.53115615625 0.6505852125 0.53115615625 0.6491578640625 0.5349099093749999 0.6491578640625 0.54391891875 0.6480159859375 0.5521771765625 0.65029974375 0.559684684375 0.6505852125 0.565315315625
3 0.7305167 0.5206456453125 0.731658578125 0.51876876875 0.7310876390625001 0.5180180187500001 0.7305167 0.5206456453125
3 0.7379389093750001 0.5108858859375001 0.735655153125 0.5075075078125 0.731658578125 0.5067567562499999 0.7305167 0.5082582578125 0.7310876390625001 0.509759759375 0.7379389093750001 0.5123873875 0.7379389093750001 0.5108858859375001
3 0.7173850984375 0.5033783781250001 0.7159577500000001 0.5033783781250001 0.7153868109375 0.5052552546875 0.7173850984375 0.5067567562499999 0.7185269765625 0.5048798796875 0.7173850984375 0.5033783781250001
3 0.7171875 0.4984375 0.00078125 0.00078125
3 0.73679703125 0.490615615625 0.7362260921875 0.49136636562499997 0.7373679703125 0.49211711718749995 0.7379389093750001 0.490615615625 0.73679703125 0.490615615625
3 0.74935769375 0.489864865625 0.748215815625 0.48723723750000003 0.7476448765625 0.48798798750000005 0.7467884671875 0.49136636562499997 0.748215815625 0.49549549531250003 0.74935769375 0.49436936875 0.74935769375 0.489864865625
3 0.74765625 0.48046875 0.00078125 0.0015625
3 0.7236654296875 0.46133633593749995 0.727376534375 0.4632132125 0.7268055953125 0.465465465625 0.7279474734375 0.466216215625 0.7279474734375 0.4677177171875 0.7268055953125 0.4677177171875 0.7279474734375 0.47034534531250005 0.7305167 0.471846846875 0.7325149875 0.47034534531250005 0.731658578125 0.46846846875 0.7300884953125 0.46846846875 0.7305167 0.465465465625 0.7330859265624999 0.46433933906249997 0.7342278046875 0.46208708749999994 0.737653440625 0.4647147140625 0.741079075 0.46133633593749995 0.7425064234375001 0.46283783749999996 0.741935484375 0.46696696718749997 0.74507565 0.46921921875 0.7487867546875 0.46921921875 0.752497859375 0.46358858906249995 0.752497859375 0.46208708749999994 0.7502141015625 0.45983483437499995 0.754496146875 0.45795795781250004 0.7562089640625 0.45457957968749996 0.755638025 0.4508258265625 0.752497859375 0.44744744687500004 0.7516414499999999 0.44444444375 0.7476448765625 0.44369369374999995 0.74735940625 0.441066065625 0.74507565 0.43843843906249996 0.7445047109375 0.43618618593749997 0.74336283125 0.43843843906249996 0.7405081359375 0.43843843906249996 0.7393662578125 0.44031531562500004 0.73679703125 0.441066065625 0.735940621875 0.44519519531249996 0.7305167 0.446696696875 0.7288038828125 0.44294294218749997 0.7268055953125 0.4418168171875 0.7236654296875 0.4425675671875 0.72223808125 0.4459459453125 0.721096203125 0.45232732656249997 0.72223808125 0.45457957968749996 0.72223808125 0.458708709375 0.7236654296875 0.46133633593749995
3 0.7373679703125 0.4200450453125 0.7373679703125 0.424924925 0.7333713953125 0.43055555625 0.7305167 0.43280780781250006 0.729374821875 0.43618618593749997 0.731658578125 0.4376876875 0.7330859265624999 0.434309309375 0.735655153125 0.4335585578125 0.7373679703125 0.43130630625000005 0.7430773625 0.43280780781250006 0.7445047109375 0.4354354359375 0.7476448765625 0.43280780781250006 0.7507850406250001 0.43280780781250006 0.754496146875 0.4264264265625 0.7562089640625 0.428303303125 0.758778190625 0.4354354359375 0.7644875828125001 0.434309309375 0.76648586875 0.43205705781250003 0.7659149296875001 0.42042042031250004 0.767627746875 0.41816816875 0.7687696265625 0.41816816875 0.769626034375 0.41516516562500005 0.7721952609375 0.41516516562500005 0.7721952609375 0.4125375375 0.7690550953125 0.4050300296875 0.7690550953125 0.4020270265625 0.775906365625 0.39714714687499997 0.775906365625 0.3922672671875 0.77704824375 0.3888888890625 0.77904653125 0.38663663593750003 0.77704824375 0.38175675625 0.7727662 0.3761261265625 0.7727662 0.3727477484375 0.77704824375 0.36936936875000004 0.7727662 0.365615615625 0.76848415625 0.36936936875000004 0.76191835625 0.36936936875000004 0.7607764765625 0.3727477484375 0.7613474171875 0.3761261265625 0.7550670859374999 0.38100600625 0.75392520625 0.384759759375 0.7507850406250001 0.38663663593750003 0.7507850406250001 0.3888888890625 0.74735940625 0.3926426421875 0.7462175281250001 0.396396396875 0.7445047109375 0.3978978984375 0.744219240625 0.4042792796875 0.741079075 0.40990990937499994 0.741079075 0.41478978906249997 0.7373679703125 0.4200450453125
3 0.7727662 0.35172672656250004 0.767627746875 0.352477478125 0.7670568078125 0.3551051046875 0.7681986875 0.35660660625 0.7753354265625 0.35585585625 0.7727662 0.35172672656250004
3 0.7513559812499999 0.31906906875 0.75392520625 0.31906906875 0.7576363125000001 0.328078078125 0.7607764765625 0.33295795781250004 0.7613474171875 0.3378378375 0.7624892953125 0.3393393390625 0.765058521875 0.3397147140625 0.767627746875 0.3385885890625 0.767627746875 0.334834834375 0.765058521875 0.3322072078125 0.765058521875 0.3258258265625 0.7582072515625 0.3209459453125 0.7602055375 0.3175675671875 0.7602055375 0.31531531562500004 0.76191835625 0.31418918906250004 0.7593491296875 0.3126876875 0.7550670859374999 0.3126876875 0.75392520625 0.3104354359375 0.750499571875 0.30855855781249997 0.74735940625 0.30855855781249997 0.7462175281250001 0.3074324328125 0.7467884671875 0.303678678125 0.74507565 0.3014264265625 0.7399371968749999 0.3014264265625 0.7393662578125 0.303678678125 0.7467884671875 0.31418918906250004 0.7490722234375 0.31531531562500004 0.7513559812499999 0.31906906875
3 0.7393662578125 0.2980480484375 0.7373679703125 0.2882882890625 0.7362260921875 0.2882882890625 0.73479874375 0.2860360359375 0.731658578125 0.2852852859375 0.727376534375 0.2867867875 0.7268055953125 0.28978978906249997 0.7305167 0.2957957953125 0.73679703125 0.29954955 0.7393662578125 0.2980480484375
3 0.7059663140625 0.26876876875 0.70967741875 0.27214714687499997 0.7122466453125 0.2728978984375 0.7139594640625 0.2762762765625 0.7185269765625 0.2792792796875 0.72023979375 0.2826576578125 0.7236654296875 0.284159159375 0.7259491859375 0.2826576578125 0.723379959375 0.27477477499999997 0.721096203125 0.27439939999999996 0.7170996281249999 0.26839339375 0.7133885234374999 0.26801801875 0.7122466453125 0.2665165171875 0.70967741875 0.25600600625 0.7059663140625 0.25600600625 0.7045389671875 0.25450450468749997 0.703968028125 0.2511261265625 0.701969740625 0.2511261265625 0.7008278625 0.25337837812499997 0.6996859828125 0.2582582578125 0.7016842703124999 0.265390390625 0.7051099062499999 0.2665165171875 0.7059663140625 0.26876876875
3 0.4373394234375 0.006006006249999999 0.43562660624999994 0.003378378125 0.428489865625 0.002627628125 0.42563517031250003 0.0041291296875 0.42420782187499995 0.0052552546875000005 0.4247787609375 0.0082582578125 0.4373394234375 0.0082582578125 0.4373394234375 0.006006006249999999
3 0.8270054234374999 0 0.826149015625 0.015015015625 0.8238652578125001 0.01801801875 0.8238652578125001 0.028903903125 0.8207250921875 0.032657657812500004 0.8204396234375 0.043543543750000004 0.8172994578124999 0.04954955 0.8161575796875 0.0570570578125 0.8130174140624999 0.06343843906249999 0.812446475 0.072447446875 0.813588353125 0.078828828125 0.813588353125 0.09346846875 0.8144447609375 0.096846846875 0.813588353125 0.097597596875 0.813588353125 0.1018517265625 0.8150157015625 0.1007882890625 0.8150157015625 0.10322822812500002 0.813588353125 0.1039789796875 0.8144447609375 0.1051051046875 0.813588353125 0.10660660625 0.8150157015625 0.10660660625 0.8150157015625 0.11036036093749998 0.813588353125 0.10855855781249998 0.813588353125 0.1105105109375 0.8150157015625 0.1122372375 0.813588353125 0.1124624625 0.8130174140624999 0.1171171171875 0.8130174140624999 0.13175675625 0.813588353125 0.1325075078125 0.8150157015625 0.13138138125 0.8150157015625 0.135135134375 0.8130174140624999 0.1358858859375 0.8130174140624999 0.13738738749999999 0.8144447609375 0.13813813749999998 0.813588353125 0.1397897890625 0.8144447609375 0.140765765625 0.813588353125 0.1418168171875 0.813588353125 0.1478978984375 0.8161575796875 0.15277777812499999 0.8155866406250001 0.15765765781250002 0.8172994578124999 0.1625375375 0.8195832140625001 0.165165165625 0.8207250921875 0.1696696703125 0.82129603125 0.1667605109375 0.819868684375 0.165540540625 0.82129603125 0.1646021015625 0.82129603125 0.1602852859375 0.8207250921875 0.1584084078125 0.8192977453125 0.1584084078125 0.8181558656249999 0.15690690624999998 0.8172994578124999 0.14301801875 0.8150157015625 0.141141140625 0.8161575796875 0.115615615625 0.8147302312500001 0.09384384375 0.8172994578124999 0.091216215625 0.8175849265625 0.08145645625 0.824436196875 0.0570570578125 0.8250071374999999 0.046171171875 0.8275763625 0.040915915625 0.82957465 0.0270270265625 0.8318584078125 0.0228978984375 0.832714815625 0.01801801875 0.834998571875 0.0165165171875 0.8355695125 0.0105105109375 0.8381387374999999 0.0052552546875000005 0.8364259203125 0 0.8270054234374999 0
3 0.5144162140625 0 0.516985440625 0.0048798796875 0.5195546671875 0.006006006249999999 0.5258349984375 0.00675675625 0.5289751640625 0.009009009375 0.5389666 0.010885885937500001 0.5432486437499999 0.013138137499999999 0.556951184375 0.013138137499999999 0.5603768203125 0.015765765625 0.5638024546875 0.0165165171875 0.5660862125 0.01876876875 0.5660862125 0.021396396875 0.56836996875 0.024399399999999998 0.57036825625 0.0304054046875 0.5792178140625001 0.04316816875 0.5869254921875 0.050675674999999996 0.5932058234375 0.054429429687499996 0.594918640625 0.0570570578125 0.6011989718749999 0.059309309374999994 0.6089066515625 0.064939940625 0.6126177562499999 0.06531531562500001 0.615757921875 0.0675675671875 0.6203254359375 0.0675675671875 0.6234656015625 0.06343843906249999 0.6246074796875 0.0585585578125 0.6246074796875 0.052927928125 0.6234656015625 0.0514264265625 0.6257493578125 0.0487987984375 0.639166428125 0.06531531562500001 0.6448758203125 0.075075075 0.648586925 0.084459459375 0.6491578640625 0.0893393390625 0.6522980296875 0.0983483484375 0.6522980296875 0.1261261265625 0.6542963171875 0.13813813749999998 0.653725378125 0.177927928125 0.65286896875 0.1861861859375 0.653725378125 0.18918918906249999 0.6568655437500001 0.1925675671875 0.657721953125 0.1955705703125 0.656009134375 0.196696696875 0.6542963171875 0.200075075 0.6505852125 0.200075075 0.649728803125 0.2015765765625 0.6468741078125 0.202702703125 0.636597203125 0.2169669671875 0.6323151578124999 0.22822822812500002 0.6297459328125 0.23160660625 0.62517841875 0.24361861875000002 0.6240365406249999 0.2454954953125 0.6228946609375 0.2454954953125 0.620896375 0.252627628125 0.6188980875000001 0.2552552546875 0.6183271484375 0.259759759375 0.615757921875 0.2646396390625 0.6140451046875001 0.27214714687499997 0.6120468171875 0.2736486484375 0.6106194687500001 0.278528528125 0.6069083640625 0.284909909375 0.584356265625 0.2890390390625 0.5709391953125 0.29954955 0.569226378125 0.3021771765625 0.567228090625 0.302927928125 0.5635169859375 0.309309309375 0.55352555 0.31906906875 0.55181273125 0.322447446875 0.5500999140625 0.3231981984375 0.54524693125 0.3322072078125 0.5432486437499999 0.333708709375 0.5409648875 0.3378378375 0.5395375390625 0.3378378375 0.5383956609375 0.341216215625 0.53268626875 0.346096096875 0.5301170421875 0.34984985 0.5258349984375 0.352477478125 0.52440765 0.3551051046875 0.523265771875 0.3551051046875 0.516985440625 0.3637387390625 0.5055666578125 0.3727477484375 0.504139309375 0.375375375 0.501855553125 0.3761261265625 0.500142734375 0.37950450468749997 0.497858978125 0.38100600625 0.49500428281250003 0.385135134375 0.489580359375 0.390015015625 0.4878675421875 0.390015015625 0.485298315625 0.39714714687499997 0.4773051671875 0.40052552500000005 0.4764487578125 0.40277777812500004 0.47387953125 0.403528528125 0.472737653125 0.40615615624999996 0.4701684265625 0.40765765781249996 0.46874107968749995 0.4102852859375 0.4576077640625 0.41816816875 0.45560947812499997 0.421546546875 0.45275478125 0.42379879843749996 0.449329146875 0.42379879843749996 0.4424778765625 0.4301801796875 0.438766771875 0.43205705781250003 0.4373394234375 0.434309309375 0.4350556671875 0.43468468437499996 0.429346275 0.441066065625 0.4247787609375 0.4425675671875 0.4233514125 0.44519519531249996 0.42106765625 0.44519519531249996 0.419925778125 0.44744744687500004 0.417927490625 0.44819819843750003 0.41707108125000003 0.45120120156250004 0.414787325 0.45232732656249997 0.4133599765625 0.45457957968749996 0.41107622031249996 0.45457957968749996 0.4070796453125 0.458708709375 0.40393947968750005 0.459459459375 0.40194119375000004 0.46208708749999994 0.390522409375 0.4647147140625 0.38709677343750004 0.46358858906249995 0.37310876406250004 0.46433933906249997 0.3708250078125 0.46696696718749997 0.36996859843749996 0.471846846875 0.36996859843749996 0.4789789796875 0.372537825 0.48798798750000005 0.38338566875 0.500375375 0.388238653125 0.5033783781250001 0.35169854375 0.665165165625 0.3531258921875 0.6632882890625 0.3539823015625 0.6632882890625 0.3542677703125 0.665165165625 0.3636882671875 0.6625375375 0.38338566875 0.6625375375 0.3859548953125 0.6576576578125 0.400228375 0.640765765625 0.4133599765625 0.6216216218749999 0.42106765625 0.6122372375 0.4313445625 0.6039789796874999 0.44419069375 0.5957207203125 0.45189837343750006 0.58145645625 0.46531544374999995 0.5660660656250001 0.466457321875 0.5660660656250001 0.4701684265625 0.5619369375 0.48130174062500003 0.5476726734375 0.487296603125 0.5424174171875 0.4930059953125 0.5352852859375 0.49643162968750004 0.527402403125 0.5035683703125 0.5172672671874999 0.5055666578125 0.5165165171874999 0.512417928125 0.5067567562499999 0.5218384234375 0.496996996875 0.52440765 0.4928678671875 0.5295461031250001 0.48873873906250004 0.5378247218750001 0.47747747812499997 0.5426777046875 0.47409909843750003 0.5458178703125001 0.46921921875 0.548387096875 0.4677177171875 0.55352555 0.46133633593749995 0.5580930625 0.459084084375 0.5609477593750001 0.45570570625 0.569226378125 0.44969970000000004 0.5755067078125 0.4425675671875 0.585212675 0.4354354359375 0.5869254921875 0.43280780781250006 0.5880673703125 0.43280780781250006 0.603197259375 0.41816816875 0.6046246078124999 0.41516516562500005 0.6149015125 0.4042792796875 0.628318584375 0.3858858859375 0.63145875 0.3832582578125 0.6440194124999999 0.3614864859375 0.6465886390625 0.3622372375 0.6480159859375 0.3644894890625 0.651727090625 0.375 0.651727090625 0.3791291296875 0.65486725625 0.390015015625 0.657721953125 0.41141141093750005 0.6522980296875 0.43693693749999996 0.6522980296875 0.440690690625 0.6505852125 0.4459459453125 0.6491578640625 0.4665915921875 0.6474450468749999 0.47034534531250005 0.6480159859375 0.4733483484375 0.6465886390625 0.4767267265625 0.645446759375 0.489864865625 0.645446759375 0.5052552546875 0.6465886390625 0.5078828828125 0.6465886390625 0.5116366359375 0.6505852125 0.51951951875 0.6554381953124999 0.5228978984375 0.6611475875 0.5236486484375 0.6637168140624999 0.522147146875 0.6617185265625001 0.5176426421875 0.663145875 0.515015015625 0.663145875 0.5112612609375 0.6645732234375 0.50638138125 0.666286040625 0.5090090093749999 0.6668569796875 0.5123873875 0.66942620625 0.515765765625 0.67142449375 0.515765765625 0.6742791890625 0.5180180187500001 0.6845560953125001 0.515765765625 0.691407365625 0.510135134375 0.6942620609375 0.510135134375 0.6951184703125 0.5120120125 0.6928347125000001 0.521396396875 0.6934056515625 0.525525525 0.6919783046875 0.5285285281250001 0.69254924375 0.533783784375 0.6902654874999999 0.5431681687500001 0.6888381390625 0.54391891875 0.6882672000000001 0.5457957953125 0.6876962609375 0.5544294296875 0.6856979734374999 0.5570570578125 0.685127034375 0.5626876875 0.683128746875 0.5668168171875 0.683414215625 0.571321321875 0.689409078125 0.571696696875 0.6902654874999999 0.5709459453125 0.6908364265625 0.5630630625 0.69254924375 0.559684684375 0.7013988015625 0.5578078078125001 0.702255209375 0.5570570578125 0.7018067375 0.552927928125 0.706537253125 0.5514264265625 0.70710819375 0.549924925 0.7059663140625 0.5450450453125 0.703968028125 0.5431681687500001 0.7059663140625 0.5390390390625 0.7028261484375 0.5375375375 0.700256921875 0.540165165625 0.69911504375 0.5397897890625 0.69911504375 0.5352852859375 0.6982586359375 0.5334084078125 0.69911504375 0.5292792796875 0.697687696875 0.525525525 0.69911504375 0.5206456453125 0.7013988015625 0.51876876875 0.700256921875 0.515015015625 0.7045389671875 0.5082582578125 0.7045389671875 0.4981231234375 0.70710819375 0.496996996875 0.70967741875 0.5018768765625 0.7139594640625 0.5011261265625 0.7122466453125 0.49924925 0.712817584375 0.49436936875 0.7111047671875 0.49211711718749995 0.7102483578125 0.48836336406249997 0.7108192984375 0.478603603125 0.71167570625 0.47597597656249996 0.7133885234374999 0.47484985 0.7133885234374999 0.47034534531250005 0.7099628890624999 0.4699699703125 0.7076791328125001 0.47109609687500004 0.7076791328125001 0.46921921875 0.706537253125 0.46921921875 0.7059663140625 0.47034534531250005 0.69911504375 0.47109609687500004 0.697687696875 0.45645645625000003 0.6939765921875 0.4485735734375 0.6902654874999999 0.4354354359375 0.6876962609375 0.43055555625 0.6856979734374999 0.421546546875 0.68398515625 0.41891891875000004 0.683128746875 0.4132882890625 0.6805595203125 0.40915915937499997 0.678846703125 0.40127627656250003 0.6768484156250001 0.3978978984375 0.6757065375 0.390765765625 0.6731373109375001 0.3855105109375 0.6719954328125 0.37837837812499997 0.6699971453125 0.3738738734375 0.6688552671875 0.364864865625 0.666286040625 0.3581081078125 0.6648586921875 0.349474475 0.6648586921875 0.3453453453125 0.6637168140624999 0.3415915921875 0.6637168140624999 0.33070570625 0.6657151015625 0.31644144218750003 0.6685697968750001 0.3104354359375 0.66942620625 0.30555555624999997 0.6719954328125 0.30067567500000003 0.672566371875 0.297297296875 0.678846703125 0.2852852859375 0.6799885812500001 0.2804054046875 0.683128746875 0.275525525 0.6856979734374999 0.26876876875 0.6939765921875 0.25675675625 0.700256921875 0.2421171171875 0.7013988015625 0.2323573578125 0.7033970875 0.2267267265625 0.7045389671875 0.21809309375 0.706537253125 0.2135885890625 0.70710819375 0.20570570625 0.7076791328125001 0.17454955 0.706537253125 0.16591591562500002 0.7053953749999999 0.16328828906249998 0.7053953749999999 0.15765765781250002 0.706537253125 0.15690690624999998 0.708535540625 0.159909909375 0.7139594640625 0.16328828906249998 0.7185269765625 0.16816816875 0.7319440484374999 0.17454955 0.7436483015625 0.1828078078125 0.7701969734375 0.196696696875 0.7998858125 0.1989489484375 0.80616614375 0.1959459453125 0.8118755359375 0.1884384390625 0.8110191265625 0.18055555625 0.8067370828125 0.17642642656250002 0.80416785625 0.175675675 0.7961747078125 0.175675675 0.7910362546874999 0.177927928125 0.7841849843750001 0.177927928125 0.777904653125 0.1771771765625 0.7739080781250001 0.174924925 0.7681986875 0.17379879843749999 0.752497859375 0.1640390390625 0.7490722234375 0.16328828906249998 0.7467884671875 0.1610360359375 0.741935484375 0.159159159375 0.7282329437499999 0.1486486484375 0.725378246875 0.14301801875 0.72423636875 0.1366366359375 0.7216671421874999 0.1332582578125 0.72023979375 0.127627628125 0.7185269765625 0.12575075 0.7179560375 0.1227477484375 0.7122466453125 0.115990990625 0.70967741875 0.10885885937499999 0.706537253125 0.1073573578125 0.700256921875 0.0990990984375 0.700256921875 0.097597596875 0.6971167578124999 0.09421921875 0.6965458171875001 0.091216215625 0.6902654874999999 0.08070570625 0.6799885812500001 0.072447446875 0.6751355984375 0.066066065625 0.67370825 0.066066065625 0.6711390234375 0.06343843906249999 0.6657151015625 0.0574324328125 0.6585783609375 0.046546546875 0.658007421875 0.04391891875 0.65486725625 0.040165165625 0.6542963171875 0.0352852859375 0.6480159859375 0.0236486484375 0.645446759375 0.021396396875 0.6434484734375 0.010885885937500001 0.641164715625 0.0052552546875000005 0.640879246875 0 0.6357407937499999 0 0.634598915625 0.0018768765625 0.6340279765625 0 0.63145875 0.0052552546875000005 0.6226091921875 0.0018768765625 0.622038253125 0 0.5144162140625 0