3 0.03875 0.028749999999999998 0.03 0.0325 0.034999999999999996 0.0375 0.0675 0.05375 0.13625 0.07125000000000001 0.15625 0.08 0.16875 0.0775 0.13874999999999998 0.0625 0.13 0.0625 0.12375 0.057499999999999996 0.10375000000000001 0.05375 0.10124999999999999 0.05 0.05375 0.034999999999999996 0.026250000000000002 0.01875 0.017499999999999998 0.017499999999999998 0.013750000000000002 0.01875 0.021249999999999998 0.025 0.03375 0.02375 0.03875 0.028749999999999998
3 0.125 0.10124999999999999 0.13125 0.10124999999999999 0.1375 0.11000000000000001 0.14125000000000001 0.11125 0.14125000000000001 0.10375000000000001 0.15125 0.11125 0.14875 0.10625 0.1375 0.10124999999999999 0.11374999999999999 0.1 0.06875 0.09 0.00125 0.0675 0 0.0775 0.05375 0.09375 0.125 0.10874999999999999 0.125 0.10124999999999999
3 0.40625 0.08 0.40374999999999994 0.0775 0.385 0.08625000000000001 0.38375 0.09875 0.39 0.1 0.40374999999999994 0.09 0.40625 0.08
3 0.10375000000000001 0.10625 0.14250000000000002 0.11125 0.145 0.10625 0.15 0.11125 0.15 0.1075 0.1375 0.10124999999999999 0.10375000000000001 0.09875 0.0975 0.09375 0.07875 0.0925 0.00125 0.0675 0 0.0775 0.017499999999999998 0.08 0.05375 0.09375 0.10375000000000001 0.10625
3 0.1075 0.06375 0.11875 0.06999999999999999 0.135 0.07125000000000001 0.15625 0.08 0.16999999999999998 0.0775 0.13999999999999999 0.0625 0.13125 0.0625 0.125 0.057499999999999996 0.05125 0.03375 0.028749999999999998 0.01875 0.0225 0.017499999999999998 0.02 0.02375 0.03125 0.034999999999999996 0.065 0.05375 0.1075 0.06375
2 0.57875 0.7474999999999999 0.6174999999999999 0.78125 0.64625 0.7975 0.70375 0.81375 0.74125 0.81375 0.74875 0.8175000000000001 0.7537499999999999 0.8262499999999999 0.7537499999999999 0.8699999999999999 0.81875 0.8699999999999999 0.8237500000000001 0.865 0.8237500000000001 0.82125 0.81875 0.8025 0.82125 0.795 0.865 0.76375 0.9037499999999999 0.7275 0.94625 0.6675 0.97 0.5912499999999999 0.9724999999999999 0.5287499999999999 0.9637499999999999 0.48250000000000004 0.9487500000000001 0.44749999999999995 0.9324999999999999 0.42000000000000004 0.9037499999999999 0.38875000000000004 0.8412499999999999 0.3525 0.8025 0.34375 0.75125 0.34375 0.69375 0.35750000000000004 0.6487499999999999 0.3775 0.635 0.3875 0.6287499999999999 0.39375 0.6325000000000001 0.40374999999999994 0.6625 0.41125 0.6675 0.41624999999999995 0.64625 0.45125000000000004 0.6224999999999999 0.445 0.6 0.43375 0.5825 0.4375 0.545 0.50125 0.5325 0.5475 0.5287499999999999 0.63375 0.5349999999999999 0.665 0.5549999999999999 0.71375 0.57875 0.7474999999999999
2 0.37875000000000003 0.6537499999999999 0.38125 0.675 0.41 0.675 0.4125 0.7 0.42000000000000004 0.69875 0.42374999999999996 0.68875 0.41375 0.6900000000000001 0.4125 0.6825 0.4125 0.6775 0.4225 0.6775 0.41375 0.63625 0.38375 0.615 0.37625000000000003 0.615 0.35875 0.6275000000000001 0.36 0.6425 0.36375 0.64625 0.3725 0.64625 0.37875000000000003 0.6537499999999999
2 0.95875 0.8724999999999999 0.9775 0.8550000000000001 0.9875 0.83375 0.99 0.795 0.9824999999999999 0.77625 0.9724999999999999 0.76375 0.9412499999999999 0.7474999999999999 0.9199999999999999 0.7474999999999999 0.8887499999999999 0.75875 0.8675 0.78125 0.8574999999999999 0.8 0.8550000000000001 0.8412499999999999 0.86 0.8550000000000001 0.875 0.8724999999999999 0.95875 0.8724999999999999
2 0.385 0.64375 0.385 0.65 0.39125 0.65125 0.39125 0.64625 0.385 0.64375
2 0.39375 0.63125 0.39625 0.63875 0.39875 0.63125 0.39375 0.63125
2 0.38875000000000004 0.6224999999999999 0.38 0.62 0.375 0.63125 0.385 0.63125 0.3875 0.62625 0.38875000000000004 0.6224999999999999
2 0.11750000000000001 0.83125 0.17250000000000001 0.8574999999999999 0.1925 0.86 0.19875 0.8550000000000001 0.21375000000000002 0.8550000000000001 0.215 0.84375 0.20750000000000002 0.835 0.20875 0.83125 0.23125 0.8324999999999999 0.23125 0.8625 0.23500000000000001 0.8675 0.25625 0.8675 0.26625 0.8625 0.27999999999999997 0.865 0.28125 0.8550000000000001 0.2875 0.8550000000000001 0.29500000000000004 0.8625 0.29625 0.85875 0.30375 0.8625 0.32 0.8574999999999999 0.32625000000000004 0.8412499999999999 0.32 0.8175000000000001 0.32 0.79875 0.3225 0.7837500000000001 0.32999999999999996 0.77625 0.34249999999999997 0.77625 0.35625 0.7925 0.37 0.7925 0.40374999999999994 0.7849999999999999 0.41125 0.7787499999999999 0.41624999999999995 0.76625 0.425 0.7162499999999999 0.41125 0.70625 0.41624999999999995 0.6575 0.41375 0.6487499999999999 0.40716463437500006 0.6476524390625 0.4 0.65625 0.39249999999999996 0.6537499999999999 0.3825 0.6599999999999999 0.375 0.64375 0.36124999999999996 0.64375 0.3625 0.63875 0.35750000000000004 0.64625 0.35375 0.63625 0.34500000000000003 0.63125 0.33375 0.61125 0.30874999999999997 0.5974999999999999 0.29125 0.595 0.27625 0.57875 0.27375 0.5237499999999999 0.26875 0.51625 0.24375 0.51375 0.1875 0.52125 0.12875 0.545 0.09875 0.5662499999999999 0.06875 0.5974999999999999 0.05 0.63125 0.042499999999999996 0.6537499999999999 0.03875 0.67 0.03875 0.7112499999999999 0.04625 0.745 0.06375 0.7787499999999999 0.09125 0.8099999999999999 0.11750000000000001 0.83125
2 0.1390625 0.1078125 0.0046875 0.0015625
2 0.1 0.05375 0.095 0.05375 0.10375000000000001 0.061250000000000006 0.13999999999999999 0.06999999999999999 0.1 0.05375
2 0.0875 0.05500000000000001 0.09375 0.05500000000000001 0.09 0.05125 0.0875 0.05500000000000001
2 0.08 0.04875 0.08375 0.05375 0.08499999999999999 0.05125 0.0775 0.04625 0.0625 0.03875 0.04625 0.03625 0.03125 0.025 0.026250000000000002 0.025 0.06375 0.05 0.075 0.05375 0.08 0.04875
2 0.05500000000000001 0.40499999999999997 0.07875 0.41125 0.11499999999999999 0.41 0.15125 0.40125 0.18875 0.3825 0.20875 0.40625 0.26 0.43375 0.27625 0.47375 0.29874999999999996 0.48125 0.33375 0.50625 0.3525 0.51375 0.3675 0.51375 0.3825 0.5 0.39625 0.50125 0.43499999999999994 0.51875 0.46875 0.51375 0.4925 0.49625 0.51625 0.46749999999999997 0.545 0.40750000000000003 0.55625 0.40625 0.6174999999999999 0.4375 0.6375 0.4425 0.6675 0.4575 0.6775 0.46749999999999997 0.6975 0.46875 0.7275 0.48875 0.75125 0.495 0.75625 0.50125 0.7725 0.5037499999999999 0.83375 0.5349999999999999 0.845 0.5349999999999999 0.8550000000000001 0.52125 0.8550000000000001 0.51375 0.8474999999999999 0.5037499999999999 0.69875 0.43375 0.69375 0.425 0.67 0.425 0.6599999999999999 0.41500000000000004 0.63625 0.41125 0.63125 0.40625 0.59375 0.39249999999999996 0.5625 0.37374999999999997 0.5862499999999999 0.30125 0.58875 0.2475 0.5862499999999999 0.23500000000000001 0.5775 0.22125 0.5425 0.20249999999999999 0.5237499999999999 0.1975 0.51375 0.1875 0.51375 0.16125 0.51 0.155 0.49375 0.14750000000000002 0.4925 0.11750000000000001 0.5 0.04625 0.495 0.026250000000000002 0.50125 0.00625 0.49874999999999997 0 0.465 0.00125 0.46749999999999997 0.02375 0.4575 0.042499999999999996 0.45499999999999996 0.11625 0.44875 0.12875 0.43624999999999997 0.125 0.40875000000000006 0.125 0.39375 0.135 0.38375 0.13374999999999998 0.3825 0.1025 0.38875000000000004 0.095 0.39625 0.09375 0.40374999999999994 0.08375 0.40625 0.0675 0.40125 0.0625 0.385 0.0625 0.32625000000000004 0.0775 0.29625 0.09125 0.275 0.095 0.26875 0.10124999999999999 0.2625 0.10124999999999999 0.26625 0.09375 0.25625 0.08625000000000001 0.2475 0.08499999999999999 0.24500000000000002 0.08 0.2225 0.0775 0.20875 0.09 0.19 0.07875 0.1625 0.0775 0.15125 0.10874999999999999 0.15625 0.125 0.13 0.14250000000000002 0.11625 0.1625 0.11625 0.21125 0.10375000000000001 0.21875 0.08625000000000001 0.2375 0.0775 0.27125 0.03875 0.33375 0.034999999999999996 0.34375 0.034999999999999996 0.37875000000000003 0.04625 0.39875 0.05500000000000001 0.40499999999999997