2 0.2932291671875 0.396296296875 0.2927083328125 0.38240740781250004 0.27291666718749996 0.38055555625 0.2682291671875 0.3851851859375 0.2682291671875 0.4 0.2697916671875 0.40277777812500004 0.28958333281250004 0.40277777812500004 0.2932291671875 0.396296296875
2 0.29296875 0.36875 0.00078125 0.00078125
2 0.2494791671875 0.21574074062499998 0.25052083281250004 0.2370370375 0.2484375 0.24814814843750002 0.25 0.2509259265625 0.25 0.26203703749999996 0.2479166671875 0.2824074078125 0.2510416671875 0.296296296875 0.2536458328125 0.3231481484375 0.25 0.3481481484375 0.2567708328125 0.36851851875 0.2692708328125 0.36851851875 0.2734375 0.35555555625 0.2760416671875 0.30740740781250003 0.275 0.2379629625 0.2765625 0.21944444375 0.2744791671875 0.21296296250000002 0.27291666718749996 0.1666666671875 0.2666666671875 0.1490740734375 0.2604166671875 0.1416666671875 0.2552083328125 0.1416666671875 0.2526041671875 0.1481481484375 0.2520833328125 0.1629629625 0.24895833281250002 0.177777778125 0.2520833328125 0.1851851859375 0.2520833328125 0.2 0.25 0.20555555625 0.2494791671875 0.21574074062499998
2 0.4828125 0.42890625 0.00234375 0.003125
2 0.484375 0.41796875 0.00234375 0.0015625
2 0.48229166718750005 0.4138888890625 0.48229166718750005 0.4074074078125 0.48072916718750003 0.4046296296875 0.475 0.40555555625000006 0.47291666718750003 0.40277777812500004 0.4713541671875 0.40555555625000006 0.4713541671875 0.41018518593750003 0.4692708328125 0.4138888890625 0.4703125 0.4166666671875 0.48229166718750005 0.4138888890625
2 0.5255208328125 0.3296296296875 0.5244791671875 0.33055555625 0.5260416671875 0.3324074078125 0.5291666671875 0.3324074078125 0.5255208328125 0.3296296296875
2 0.44375 0.2666666671875 0.44114583281249997 0.2740740734375 0.44322916718750005 0.2796296296875 0.44375 0.29351851875 0.44166666718750003 0.296296296875 0.4369791671875 0.296296296875 0.43177083281249995 0.303703703125 0.4322916671875 0.3166666671875 0.4375 0.31851851875000003 0.4401041671875 0.3324074078125 0.4427083328125 0.3351851859375 0.4427083328125 0.33888888906250003 0.4375 0.34351851875 0.4369791671875 0.3481481484375 0.44166666718750003 0.3611111109375 0.44166666718750003 0.3759259265625 0.4458333328125 0.3916666671875 0.4458333328125 0.4 0.44895833281249997 0.4046296296875 0.4614583328125 0.4 0.4692708328125 0.40277777812500004 0.4765625 0.39351851875 0.48072916718750003 0.396296296875 0.48333333281249996 0.384259259375 0.48802083281249997 0.3851851859375 0.49010416718750005 0.3898148140625 0.49427083281249995 0.3888888890625 0.5015625 0.3759259265625 0.5046875 0.3759259265625 0.5072916671875001 0.371296296875 0.5119791671875 0.371296296875 0.5119791671875 0.352777778125 0.51875 0.3416666671875 0.5223958328125 0.34351851875 0.5239583328124999 0.3481481484375 0.5296875 0.3481481484375 0.53125 0.34351851875 0.5276041671875 0.3398148140625 0.5171875 0.3379629625 0.5166666671875 0.3333333328125 0.5203125 0.3231481484375 0.5177083328125 0.321296296875 0.5213541671875 0.31851851875000003 0.5213541671875 0.3138888890625 0.5114583328125 0.30648148124999997 0.5114583328125 0.2888888890625 0.509375 0.2851851859375 0.5 0.28611111093749997 0.49895833281249996 0.272222221875 0.5005208328124999 0.25555555625 0.5046875 0.24814814843750002 0.5005208328124999 0.2379629625 0.5020833328125 0.2259259265625 0.5067708328125 0.2166666671875 0.5140625 0.209259259375 0.5135416671875 0.2018518515625 0.5151041671875001 0.196296296875 0.51875 0.19351851874999998 0.5223958328125 0.196296296875 0.5223958328125 0.19351851874999998 0.5104166671875 0.18055555625 0.4739583328125 0.18055555625 0.4713541671875 0.177777778125 0.4546875 0.18055555625 0.44739583281249995 0.177777778125 0.44375 0.1824074078125 0.44375 0.2166666671875 0.4458333328125 0.21944444375 0.44427083281249996 0.2259259265625 0.44375 0.2666666671875
2 0.2916666671875 0.365740740625 0.2911458328125 0.36851851875 0.2932291671875 0.36851851875 0.2932291671875 0.3648148140625 0.2916666671875 0.365740740625
2 0.2854166671875 0.3620370375 0.28854166718749996 0.3620370375 0.2859375 0.35925925937500003 0.2854166671875 0.3620370375
2 0.2765625 0.34351851875 0.275 0.3509259265625 0.2822916671875 0.34629629687499996 0.2932291671875 0.3509259265625 0.2958333328125 0.34444444375 0.2953125 0.3398148140625 0.29375 0.33703703749999997 0.285546875 0.33703703749999997 0.2848958328125 0.3324074078125 0.2911458328125 0.3231481484375 0.290625 0.30740740781250003 0.28854166718749996 0.302777778125 0.275 0.3009259265625 0.275 0.33055555625 0.2770833328125 0.3379629625 0.275 0.3416666671875 0.2765625 0.34351851875
2 0.3734375 0.44351851875000003 0.375 0.44629629687500005 0.3786458328125 0.44444444375 0.3760416671875 0.44166666718750003 0.3734375 0.44351851875000003
2 0.3375 0.44351851875000003 0.34427083281250004 0.44629629687500005 0.3473958328125 0.45277777812500003 0.35 0.45277777812500003 0.3572916671875 0.44444444375 0.3536458328125 0.4388888890625 0.3401041671875 0.44351851875000003 0.3348958328125 0.43981481406249995 0.33125 0.44166666718750003 0.33125 0.44629629687500005 0.3348958328125 0.440740740625 0.33541666718749996 0.44629629687500005 0.3375 0.44351851875000003
2 0.32083333281250004 0.440740740625 0.321875 0.44351851875000003 0.3265625 0.44166666718750003 0.3244791671875 0.4370370375 0.32083333281250004 0.440740740625
2 0.3302083328125 0.4138888890625 0.32864583281250004 0.4166666671875 0.3302083328125 0.42129629687500003 0.33541666718749996 0.4166666671875 0.3302083328125 0.4138888890625
2 0.3244791671875 0.4138888890625 0.3203125 0.4138888890625 0.31875 0.4166666671875 0.3177083328125 0.42129629687500003 0.32083333281250004 0.42314814843750004 0.3229166671875 0.42129629687500003 0.3244791671875 0.4138888890625
2 0.40989583281249997 0.409259259375 0.415625 0.40555555625000006 0.41875 0.39444444375 0.4192708328125 0.3796296296875 0.4166666671875 0.371296296875 0.4067708328125 0.371296296875 0.40416666718750005 0.36851851875 0.35885416718749996 0.371296296875 0.33125 0.36851851875 0.325 0.3731481484375 0.3151041671875 0.396296296875 0.3145833328125 0.4046296296875 0.3177083328125 0.41018518593750003 0.340625 0.41203703750000004 0.40989583281249997 0.409259259375
2 0.4828125 0.24814814843750002 0.48125 0.252777778125 0.4828125 0.259259259375 0.4875 0.25740740781250004 0.4869791671875 0.24814814843750002 0.4828125 0.24814814843750002
2 0.49010416718750005 0.3 0.503125 0.3009259265625 0.5052083328125 0.29444444375 0.5078125 0.29444444375 0.5119791671875 0.2888888890625 0.5135416671875 0.28148148125 0.5182291671875 0.2759259265625 0.5223958328125 0.2759259265625 0.5302083328125 0.3009259265625 0.53125 0.31759259218749997 0.5390625 0.32777777812500003 0.540625 0.3231481484375 0.5416666671875 0.2916666671875 0.5390625 0.259259259375 0.5302083328125 0.221296296875 0.5229166671875001 0.21203703749999997 0.5145833328125 0.21203703749999997 0.5078125 0.2166666671875 0.5041666671875 0.22314814843750003 0.5 0.24259259218749998 0.5036458328125 0.24444444375000002 0.5057291671875 0.2509259265625 0.5005208328124999 0.2601851859375 0.49791666718750005 0.271296296875 0.49010416718750005 0.275 0.4848958328125 0.2851851859375 0.4859375 0.290740740625 0.484375 0.29351851875 0.48854166718750003 0.29444444375 0.49010416718750005 0.3
2 0.5578125 0.627777778125 0.5515625 0.6259259265625 0.55 0.628703703125 0.5505208328125 0.6416666671875 0.5536458328125 0.646296296875 0.5578125 0.627777778125
2 0.24739583281250002 0.4138888890625 0.2479166671875 0.4166666671875 0.25 0.4138888890625 0.24739583281250002 0.4138888890625
2 0.5661458328125 0.40555555625000006 0.5645833328125 0.4074074078125 0.5671875 0.41203703750000004 0.5677083328125 0.40555555625000006 0.5661458328125 0.40555555625000006
2 0.25729166718749996 0.22407407343750002 0.25729166718749996 0.2416666671875 0.2604166671875 0.2416666671875 0.2640625 0.246296296875 0.2557291671875 0.25555555625 0.2546875 0.26203703749999996 0.25729166718749996 0.271296296875 0.2557291671875 0.2824074078125 0.2541666671875 0.2824074078125 0.252022771875 0.27605512499999996 0.2494791671875 0.28148148125 0.25052083281250004 0.2888888890625 0.2546875 0.2916666671875 0.2510416671875 0.29444444375 0.25052083281250004 0.3 0.2546875 0.30648148124999997 0.2541666671875 0.3240740734375 0.24895833281250002 0.340740740625 0.2510416671875 0.3648148140625 0.2484375 0.36851851875 0.25 0.3796296296875 0.2479166671875 0.38240740781250004 0.24739583281250002 0.39074074062499997 0.2494791671875 0.39351851875 0.2479166671875 0.396296296875 0.2515625 0.39351851875 0.2541666671875 0.3981481484375 0.26614583281250004 0.4 0.26510416718749996 0.4046296296875 0.2614583328125 0.4074074078125 0.25 0.40648148125 0.2526041671875 0.42222222187499997 0.2515625 0.43240740781250003 0.25833333281250004 0.44444444375 0.2546875 0.4481481484375 0.2567708328125 0.4546296296875 0.2541666671875 0.47222222187499996 0.2552083328125 0.48333333281249996 0.2515625 0.49259259218749996 0.2494791671875 0.49351851875 0.2520833328125 0.4981481484375 0.246875 0.5120370375000001 0.25052083281250004 0.51851851875 0.2557291671875 0.51944444375 0.2557291671875 0.5296296296875 0.259375 0.546296296875 0.259375 0.5490740734374999 0.2557291671875 0.5527777781250001 0.2578125 0.55648148125 0.2541666671875 0.5601851859375 0.2546875 0.5666666671875 0.25052083281250004 0.571296296875 0.2546875 0.5731481484375001 0.2546875 0.577777778125 0.2526041671875 0.58055555625 0.2567708328125 0.5916666671875 0.2546875 0.5981481484375 0.25833333281250004 0.5981481484375 0.26510416718749996 0.6046296296875 0.2723958328125 0.6046296296875 0.2734375 0.61851851875 0.275 0.621296296875 0.28072916718749996 0.621296296875 0.28177083281250004 0.6296296296875 0.27395833281250004 0.6351851859375001 0.2630208328125 0.634259259375 0.25833333281250004 0.6379629625 0.2578125 0.640740740625 0.2619791671875 0.646296296875 0.2619791671875 0.6555555562500001 0.2567708328125 0.6555555562500001 0.25052083281250004 0.6638888890625 0.2479166671875 0.6601851859375001 0.24375 0.6638888890625 0.2427083328125 0.6777777781250001 0.2442708328125 0.6824074078125 0.2541666671875 0.6851851859375 0.25729166718749996 0.6824074078125 0.26510416718749996 0.6824074078125 0.26614583281250004 0.671296296875 0.2697916671875 0.6675925921875 0.2791666671875 0.66944444375 0.2890625 0.6638888890625 0.2989583328125 0.6666666671875 0.3036458328125 0.6620370375 0.31197916718749996 0.66944444375 0.3114583328125 0.6777777781250001 0.31302083281250004 0.675 0.31359375 0.6777777781250001 0.3489583328125 0.6796296296875 0.3578125 0.66851851875 0.3692708328125 0.66944444375 0.3770833328125 0.6666666671875 0.3791666671875 0.671296296875 0.3864583328125 0.6731481484375 0.39375 0.6805555562500001 0.4046875 0.6824074078125 0.41979166718750005 0.6824074078125 0.428125 0.678703703125 0.43854166718750004 0.6824074078125 0.5182291671875 0.6805555562500001 0.5291666671875 0.6916666671875 0.5364583328125 0.6768518515624999 0.5421875 0.671296296875 0.5567708328125 0.671296296875 0.5604166671875 0.6638888890625 0.5635416671875 0.671296296875 0.56875 0.66851851875 0.5703125 0.6601851859375001 0.5677083328125 0.652777778125 0.5682291671875 0.6388888890625 0.5666666671875 0.628703703125 0.56875 0.6259259265625 0.5703125 0.6138888890625 0.5697916671875001 0.6074074078125 0.5630208328124999 0.6009259265625 0.5635416671875 0.58148148125 0.5671875 0.58055555625 0.5640625 0.5768518515625 0.5786458328124999 0.5546296296875 0.5786458328124999 0.527777778125 0.5744791671875 0.5166666671875 0.5744791671875 0.49444444374999996 0.5786458328124999 0.48055555625 0.58125 0.4620370375 0.5703125 0.4453703703125 0.5703125 0.43981481406249995 0.5671875 0.4388888890625 0.561875 0.44629629687500005 0.5510416671875 0.44629629687500005 0.55 0.44351851875000003 0.5442708328125 0.44351851875000003 0.5416666671875 0.43981481406249995 0.540625 0.43055555625 0.5421875 0.42592592656250006 0.5609375 0.40277777812500004 0.5635416671875 0.396296296875 0.565625 0.396296296875 0.5692708328125 0.38148148125 0.5786458328124999 0.3601851859375 0.5802083328125 0.352777778125 0.5848958328125 0.321296296875 0.5854166671875001 0.3018518515625 0.5885416671875 0.2870370375 0.5875 0.272222221875 0.5890625 0.2648148140625 0.5890625 0.24722222187499998 0.5916666671875 0.2398148140625 0.5895833328125 0.23148148124999998 0.5916666671875 0.22314814843750003 0.5932291671875001 0.14351851875 0.5932291671875001 0.127777778125 0.5916666671875 0.12129629687500001 0.56875 0.1101851859375 0.4890625 0.1101851859375 0.47291666718750003 0.11388888906250001 0.44375 0.11388888906250001 0.4359375 0.1101851859375 0.40989583281249997 0.1120370375 0.3880208328125 0.1101851859375 0.3828125 0.1074074078125 0.3625 0.109259259375 0.3515625 0.1074074078125 0.3489583328125 0.1 0.3369791671875 0.1074074078125 0.33125 0.10555555624999999 0.3302083328125 0.0981481484375 0.3229166671875 0.09351851875 0.3151041671875 0.09629629687499999 0.3109375 0.09351851875 0.28854166718749996 0.09351851875 0.2828125 0.0981481484375 0.2708333328125 0.0981481484375 0.26510416718749996 0.10555555624999999 0.2619791671875 0.10555555624999999 0.25052083281250004 0.127777778125 0.2536458328125 0.15 0.2510416671875 0.1888888890625 0.2557291671875 0.197222221875 0.2557291671875 0.21203703749999997 0.2536458328125 0.2166666671875 0.259375 0.2203703703125 0.25729166718749996 0.22407407343750002
2 0.5432291671875 0.5620370375 0.5432291671875 0.5574074078125 0.5390625 0.559259259375 0.5432291671875 0.5620370375
2 0.4973958328125 0.5648148140625 0.4994791671875 0.5638888890625 0.496875 0.559259259375 0.49791666718750005 0.5555555562500001 0.48854166718750003 0.5555555562500001 0.48645833281249995 0.559259259375 0.48645833281249995 0.5638888890625 0.49427083281249995 0.5638888890625 0.496875 0.5601851859375 0.4973958328125 0.5648148140625
2 0.2864583328125 0.5259259265625 0.2890625 0.521296296875 0.3072916671875 0.5240740734375 0.3140625 0.5129629625 0.3151041671875 0.51851851875 0.3192708328125 0.51851851875 0.3203125 0.521296296875 0.321875 0.5148148140625 0.32760416718749996 0.5148148140625 0.3369791671875 0.5259259265625 0.3541666671875 0.5259259265625 0.3604166671875 0.5314814812499999 0.3625 0.5416666671875 0.36770833281250004 0.54351851875 0.3713541671875 0.5296296296875 0.39010416718749996 0.5296296296875 0.39375 0.5231481484375 0.3963541671875 0.5231481484375 0.39791666718749996 0.51851851875 0.3973958328125 0.5101851859375001 0.39375 0.50555555625 0.3916666671875 0.4953703703125 0.39375 0.471296296875 0.39114583281250004 0.46666666718750005 0.3854166671875 0.46481481406249997 0.3380208328125 0.46666666718750005 0.33541666718749996 0.46944444374999994 0.3369791671875 0.4768518515625 0.3333333328125 0.48055555625 0.3333333328125 0.48425925937500003 0.3260416671875 0.4888888890625 0.3171875 0.4888888890625 0.3072916671875 0.48055555625 0.2994791671875 0.48425925937500003 0.2734375 0.4824074078125 0.2697916671875 0.48703703750000005 0.2708333328125 0.5120370375000001 0.26875 0.521296296875 0.278125 0.5259259265625 0.2864583328125 0.5259259265625
2 0.425 0.5259259265625 0.4296875 0.5305555562500001 0.4447916671875 0.527777778125 0.4692708328125 0.5305555562500001 0.47447916718750005 0.5351851859375001 0.4760416671875 0.54351851875 0.48020833281249997 0.54351851875 0.48541666718750004 0.5370370375 0.4890625 0.5370370375 0.4895833328125 0.54351851875 0.5041666671875 0.54351851875 0.5057291671875 0.55 0.509375 0.5518518515624999 0.5078125 0.5555555562500001 0.5098958328125 0.5527777781250001 0.5114583328125 0.5574074078125 0.5119791671875 0.5527777781250001 0.509375 0.5490740734374999 0.5125 0.546296296875 0.51328125 0.5305555562500001 0.5166666671875 0.5305555562500001 0.51875 0.5370370375 0.521875 0.5351851859375001 0.5260416671875 0.5416666671875 0.5296875 0.5416666671875 0.5317708328124999 0.5351851859375001 0.5375 0.534259259375 0.5375 0.546296296875 0.5416666671875 0.546296296875 0.54375 0.540740740625 0.5447916671875 0.54351851875 0.546875 0.5425925921875 0.5484375 0.5555555562500001 0.5557291671875 0.5574074078125 0.55625 0.5638888890625 0.565625 0.5638888890625 0.5666666671875 0.559259259375 0.56875 0.5638888890625 0.5729166671875 0.5601851859375 0.5723958328125 0.5509259265625001 0.5744791671875 0.55 0.5770833328125 0.5416666671875 0.575 0.5314814812499999 0.5765625 0.521296296875 0.5739583328125 0.497222221875 0.5765625 0.46944444374999994 0.5744791671875 0.46666666718750005 0.53125 0.46388888906250003 0.5255208328125 0.46666666718750005 0.5005208328124999 0.46481481406249997 0.48645833281249995 0.46851851875 0.4302083328125 0.46851851875 0.4265625 0.4731481484375 0.4244791671875 0.48055555625 0.42395833281249995 0.49444444374999996 0.41979166718750005 0.503703703125 0.42083333281249996 0.5166666671875 0.425 0.5259259265625
2 0.3020833328125 0.2046296296875 0.3026041671875 0.20740740781250003 0.3046875 0.20740740781250003 0.30416666718749996 0.2046296296875 0.3020833328125 0.2046296296875
2 0.3078125 0.3083333328125 0.3078125 0.3453703703125 0.3161458328125 0.35 0.3182291671875 0.3638888890625 0.3296875 0.36666666718749996 0.3322916671875 0.35925925937500003 0.3322916671875 0.3083333328125 0.3338541671875 0.302777778125 0.33125 0.29444444375 0.3265625 0.29351851875 0.3255208328125 0.2888888890625 0.3307291671875 0.2851851859375 0.33125 0.2518518515625 0.3338541671875 0.23611111093749998 0.34375 0.2388888890625 0.34375 0.1981481484375 0.3421875 0.19351851874999998 0.33125 0.18055555625 0.32083333281250004 0.177777778125 0.31197916718749996 0.1861111109375 0.3083333328125 0.196296296875 0.3072916671875 0.20648148125 0.3078125 0.24814814843750002 0.30625 0.259259259375 0.309375 0.3018518515625 0.3078125 0.3083333328125
2 0.29739583281250004 0.5638888890625 0.3036458328125 0.5666666671875 0.31875 0.5638888890625 0.325 0.56851851875 0.3625 0.56851851875 0.41822916718750003 0.5638888890625 0.4140625 0.5574074078125 0.41041666718750003 0.5398148140625 0.40520833281249996 0.5324074078125001 0.3994791671875 0.5296296296875 0.39791666718749996 0.522222221875 0.3984375 0.5138888890625 0.3947916671875 0.50648148125 0.3921875 0.49351851875 0.39375 0.4731481484375 0.3869791671875 0.46666666718750005 0.3724703125 0.46666666718750005 0.3708333328125 0.46944444374999994 0.36666666718749996 0.46666666718750005 0.3703125 0.47222222187499996 0.3661458328125 0.477777778125 0.3578125 0.48055555625 0.3536458328125 0.4916666671875 0.3234375 0.4888888890625 0.3203125 0.4981481484375 0.3177083328125 0.4981481484375 0.3151041671875 0.48981481406249994 0.309375 0.4824074078125 0.275 0.4824074078125 0.2703125 0.48703703750000005 0.2713541671875 0.5129629625 0.2692708328125 0.51851851875 0.2697916671875 0.54444444375 0.2682291671875 0.55648148125 0.2713541671875 0.5638888890625 0.29739583281250004 0.5638888890625
2 0.34375 0.477777778125 0.34427083281250004 0.48055555625 0.3479166671875 0.48055555625 0.3473958328125 0.477777778125 0.3505208328125 0.4731481484375 0.3557291671875 0.4731481484375 0.3604166671875 0.46944444374999994 0.3567708328125 0.46851851875 0.35625 0.471296296875 0.35 0.46666666718750005 0.3395833328125 0.46851851875 0.3395833328125 0.4731481484375 0.34375 0.47592592656250005 0.340625 0.48055555625 0.34375 0.477777778125
2 0.4203125 0.5166666671875 0.4270833328125 0.5305555562500001 0.43072916718750004 0.55 0.4427083328125 0.5638888890625 0.4604166671875 0.5638888890625 0.46666666718750005 0.56851851875 0.54375 0.56851851875 0.546875 0.5648148140625 0.5723958328125 0.5638888890625 0.5776041671875001 0.5555555562500001 0.5776041671875001 0.5370370375 0.5755208328125 0.5296296296875 0.5760416671875 0.521296296875 0.5734375 0.4990740734375 0.575 0.46944444374999994 0.5708333328124999 0.46666666718750005 0.5421875 0.46481481406249997 0.5239583328124999 0.46851851875 0.45625 0.46851851875 0.4421875 0.4731481484375 0.4390625 0.46944444374999994 0.4328125 0.46944444374999994 0.4270833328125 0.475 0.425 0.48055555625 0.42552083281249997 0.497222221875 0.4244791671875 0.5009259265625 0.4203125 0.503703703125 0.4203125 0.5166666671875
2 0.41796875 0.1953125 0.00078125 0.0015625
2 0.34375 0.29722222187499997 0.3463541671875 0.31944444375000003 0.3494791671875 0.321296296875 0.35104166718749996 0.32777777812500003 0.3541666671875 0.32777777812500003 0.35625 0.3231481484375 0.3572916671875 0.32777777812500003 0.35989583281250004 0.3240740734375 0.3625 0.32685185156249996 0.3635416671875 0.3333333328125 0.3661458328125 0.3351851859375 0.3869791671875 0.3351851859375 0.39375 0.33888888906250003 0.40729166718750004 0.33888888906250003 0.4109375 0.3333333328125 0.41197916718750005 0.33703703749999997 0.41197916718750005 0.33055555625 0.4166666671875 0.3231481484375 0.4192708328125 0.3138888890625 0.4203125 0.2833333328125 0.42552083281249997 0.27870370312500004 0.42083333281249996 0.26851851875 0.4234375 0.26574074062499997 0.425 0.25740740781250004 0.43125 0.2546296296875 0.4296875 0.2509259265625 0.43177083281249995 0.24814814843750002 0.43177083281249995 0.2398148140625 0.4296875 0.23148148124999998 0.4348958328125 0.23055555625 0.4328125 0.222222221875 0.4359375 0.2138888890625 0.43541666718750005 0.20277777812500003 0.43177083281249995 0.196296296875 0.4265625 0.1981481484375 0.4234375 0.1851851859375 0.41770833281249997 0.1888888890625 0.41822916718750003 0.1851851859375 0.4140625 0.184259259375 0.4125 0.1898148140625 0.410625 0.1851851859375 0.40989583281249997 0.1888888890625 0.4077083328125 0.1851851859375 0.40625 0.1898148140625 0.4047916671875 0.1851851859375 0.3854166671875 0.184259259375 0.3791666671875 0.1851851859375 0.37447916718749996 0.190740740625 0.3723958328125 0.1888888890625 0.371875 0.1916666671875 0.3692708328125 0.1916666671875 0.36875 0.1888888890625 0.3671875 0.2009259265625 0.3515625 0.2009259265625 0.3453125 0.20555555625 0.34427083281250004 0.21111111093749999 0.34322916718749996 0.2601851859375 0.3458333328125 0.2851851859375 0.34375 0.2888888890625 0.34375 0.29722222187499997
2 0.3244791671875 0.17314814843749998 0.34375 0.177777778125 0.3713541671875 0.177777778125 0.3760416671875 0.18055555625 0.40625 0.1759259265625 0.41822916718750003 0.177777778125 0.4375 0.17314814843749998 0.4421875 0.16388888906250001 0.44427083281249996 0.16851851874999998 0.45104166718750005 0.17314814843749998 0.4692708328125 0.17314814843749998 0.47447916718750005 0.1759259265625 0.540625 0.1759259265625 0.54375 0.17314814843749998 0.565625 0.171296296875 0.571875 0.1629629625 0.5734375 0.1574074078125 0.5692708328125 0.1379629625 0.5734375 0.1148148140625 0.5640625 0.1101851859375 0.546875 0.11388888906250001 0.5192708328125 0.1101851859375 0.48333333281249996 0.1101851859375 0.44947916718750003 0.1120370375 0.4421875 0.1148148140625 0.425 0.1101851859375 0.3270833328125 0.1101851859375 0.3244791671875 0.1046296296875 0.32083333281250004 0.10555555624999999 0.3125 0.11574074062499999 0.3140625 0.125 0.3114583328125 0.1601851859375 0.3125 0.1629629625 0.3244791671875 0.17314814843749998
2 0.359375 0.3166666671875 0.3635416671875 0.32777777812500003 0.3703125 0.3324074078125 0.40625 0.3324074078125 0.41614583281249995 0.3231481484375 0.4192708328125 0.3120370375 0.41979166718750005 0.302777778125 0.41979166718750005 0.24444444375000002 0.41614583281249995 0.23148148124999998 0.41197916718750005 0.2259259265625 0.3942708328125 0.221296296875 0.36770833281250004 0.22407407343750002 0.3640625 0.2259259265625 0.3572916671875 0.252777778125 0.3583333328125 0.26851851875 0.35625 0.272222221875 0.35989583281250004 0.303703703125 0.359375 0.3166666671875
2 0.4447916671875 0.23333333281250002 0.4447916671875 0.29444444375 0.44375 0.30555555624999997 0.44166666718750003 0.3101851859375 0.44427083281249996 0.3166666671875 0.44322916718750005 0.35648148125 0.4447916671875 0.378703703125 0.446875 0.3861111109375 0.446875 0.4 0.44947916718750003 0.4046296296875 0.4557291671875 0.40092592656250003 0.4583333328125 0.396296296875 0.459375 0.3851851859375 0.4614583328125 0.38240740781250004 0.46458333281249997 0.38703703749999996 0.4635416671875 0.39351851875 0.46666666718750005 0.396296296875 0.4734375 0.3916666671875 0.47239583281249997 0.3851851859375 0.4739583328125 0.38240740781250004 0.4703125 0.3611111109375 0.4734375 0.352777778125 0.46979166718750004 0.3490740734375 0.46875 0.34444444375 0.4734375 0.3416666671875 0.47447916718750005 0.33703703749999997 0.47291666718750003 0.3231481484375 0.4739583328125 0.3138888890625 0.46979166718750004 0.29351851875 0.47083333281249995 0.2824074078125 0.4734375 0.28055555625 0.47239583281249997 0.26203703749999996 0.47447916718750005 0.2509259265625 0.4739583328125 0.2398148140625 0.46979166718750004 0.2388888890625 0.46875 0.23518518593749999 0.4703125 0.23055555625 0.4734375 0.23055555625 0.4739583328125 0.22777777812500002 0.4739583328125 0.2148148140625 0.47239583281249997 0.209259259375 0.4739583328125 0.1888888890625 0.46979166718750004 0.1824074078125 0.45677083281249997 0.1888888890625 0.45416666718750004 0.18055555625 0.44947916718750003 0.17962962968750001 0.4447916671875 0.1870370375 0.4453125 0.2166666671875 0.4484375 0.21851851875 0.44895833281249997 0.22314814843750003 0.4447916671875 0.23333333281250002
2 0.309375 0.6259259265625 0.3083333328125 0.6296296296875 0.3109375 0.63055555625 0.3114583328125 0.627777778125 0.309375 0.6259259265625
2 0.28984375 0.62578125 0.00234375 0.00078125
2 0.29296875 0.62109375 0.00078125 0.00390625
2 0.2822916671875 0.609259259375 0.2869791671875 0.6074074078125 0.2833333328125 0.6074074078125 0.2822916671875 0.609259259375
2 0.2916666671875 0.5944444437499999 0.2911458328125 0.6009259265625 0.2932291671875 0.60555555625 0.2947916671875 0.5944444437499999 0.2916666671875 0.5944444437499999
2 0.2958333328125 0.5648148140625 0.3036458328125 0.56851851875 0.3546875 0.56851851875 0.3609375 0.5638888890625 0.3630208328125 0.5527777781250001 0.3619791671875 0.546296296875 0.3578125 0.540740740625 0.3552083328125 0.5324074078125001 0.3494791671875 0.527777778125 0.2713541671875 0.5259259265625 0.26875 0.5287037031249999 0.2677083328125 0.55648148125 0.2697916671875 0.5638888890625 0.2744791671875 0.5666666671875 0.2958333328125 0.5648148140625
2 0.434375 0.23046875 0.00234375 0.00078125
2 0.41197916718750005 0.1870370375 0.4114583328125 0.1888888890625 0.4192708328125 0.1888888890625 0.4145833328125 0.1851851859375 0.41197916718750005 0.1870370375
2 0.3098958328125 0.29351851875 0.3109375 0.29907407343750003 0.3140625 0.302777778125 0.3104166671875 0.3120370375 0.3125 0.3240740734375 0.3104166671875 0.3324074078125 0.3104166671875 0.3416666671875 0.32083333281250004 0.35 0.3182291671875 0.3574074078125 0.3213541671875 0.3620370375 0.32083333281250004 0.3648148140625 0.321875 0.36296296250000004 0.3244791671875 0.36666666718749996 0.33125 0.3638888890625 0.3317708328125 0.35555555625 0.3291666671875 0.35 0.33125 0.34629629687499996 0.3317708328125 0.328703703125 0.3375 0.3166666671875 0.3401041671875 0.31851851875000003 0.3416666671875 0.32592592656249997 0.3453125 0.33055555625 0.35885416718749996 0.33055555625 0.3619791671875 0.32685185156249996 0.3635416671875 0.3333333328125 0.3661458328125 0.3351851859375 0.3880208328125 0.3351851859375 0.3958333328125 0.33888888906250003 0.40625 0.3351851859375 0.40989583281249997 0.33703703749999997 0.409375 0.3324074078125 0.4166666671875 0.3231481484375 0.41979166718750005 0.302777778125 0.41875 0.28796296250000003 0.42083333281249996 0.27777777812500004 0.4203125 0.26851851875 0.42604166718750003 0.2546296296875 0.4265625 0.24814814843750002 0.4234375 0.23611111093749998 0.42552083281249997 0.23055555625 0.42864583281249996 0.23055555625 0.42760416718750005 0.22685185156249998 0.4328125 0.221296296875 0.4359375 0.2138888890625 0.43645833281249996 0.20555555625 0.434375 0.1981481484375 0.4270833328125 0.1981481484375 0.421875 0.209259259375 0.41875 0.20648148125 0.42083333281249996 0.2009259265625 0.415625 0.21296296250000002 0.4109375 0.2138888890625 0.4125 0.20555555625 0.40416666718750005 0.2046296296875 0.40208333281249997 0.2009259265625 0.4057291671875 0.19351851874999998 0.40625 0.1851851859375 0.3796875 0.1824074078125 0.3765625 0.1870370375 0.3625 0.184259259375 0.35885416718749996 0.1898148140625 0.35625 0.18055555625 0.35104166718749996 0.18055555625 0.3515625 0.1861111109375 0.3494791671875 0.1851851859375 0.3484375 0.18055555625 0.3458333328125 0.1851851859375 0.34322916718749996 0.18055555625 0.3390625 0.18055555625 0.3380208328125 0.1870370375 0.3239583328125 0.1740740734375 0.31875 0.1740740734375 0.3098958328125 0.19444444375 0.3109375 0.22407407343750002 0.3083333328125 0.259259259375 0.3098958328125 0.2675925921875 0.3098958328125 0.29351851875
2 0.47552083281249996 0.56851851875 0.48229166718750005 0.5638888890625 0.48072916718750003 0.5574074078125 0.4760416671875 0.55 0.4739583328125 0.5388888890625 0.46979166718750004 0.5324074078125001 0.44427083281249996 0.5305555562500001 0.42864583281249996 0.5351851859375001 0.42760416718750005 0.5481481484375 0.43854166718750004 0.5638888890625 0.4583333328125 0.5638888890625 0.47552083281249996 0.56851851875
2 0.3734375 0.5638888890625 0.3796875 0.559259259375 0.3828125 0.5638888890625 0.39010416718749996 0.5648148140625 0.41875 0.5638888890625 0.4140625 0.54444444375 0.4057291671875 0.5324074078125001 0.3765625 0.5324074078125001 0.3708333328125 0.5388888890625 0.3703125 0.55 0.3661458328125 0.5509259265625001 0.3651041671875 0.5555555562500001 0.3734375 0.5638888890625
2 0.2932291671875 0.3731481484375 0.3010416671875 0.3638888890625 0.3010416671875 0.34351851875 0.296875 0.33703703749999997 0.2791666671875 0.33703703749999997 0.275 0.3398148140625 0.2734375 0.34444444375 0.27395833281250004 0.35648148125 0.2723958328125 0.365740740625 0.2755208328125 0.371296296875 0.2932291671875 0.3731481484375
2 0.2802083328125 0.30740740781250003 0.2822916671875 0.3101851859375 0.2828125 0.30555555624999997 0.2802083328125 0.30740740781250003
2 0.5729166671875 0.5388888890625 0.5744791671875 0.5398148140625 0.5734375 0.5351851859375001 0.5729166671875 0.5388888890625
2 0.46302083281249995 0.5259259265625 0.475 0.5305555562500001 0.4765625 0.5351851859375001 0.48020833281249997 0.5324074078125001 0.48125 0.5351851859375001 0.484375 0.5351851859375001 0.4875 0.5305555562500001 0.49791666718750005 0.5296296296875 0.5307291671875001 0.5324074078125001 0.5630208328124999 0.527777778125 0.5661458328125 0.5305555562500001 0.5739583328125 0.5305555562500001 0.5760416671875 0.5259259265625 0.5739583328125 0.4990740734375 0.5760416671875 0.47592592656250005 0.5755208328125 0.46944444374999994 0.5723958328125 0.46666666718750005 0.5671875 0.46851851875 0.5572916671875 0.46481481406249997 0.5 0.46481481406249997 0.4848958328125 0.46851851875 0.4625 0.46851851875 0.44739583281249995 0.47592592656250005 0.43125 0.47407407343749997 0.42760416718750005 0.477777778125 0.4265625 0.48981481406249994 0.42604166718750003 0.521296296875 0.42864583281249996 0.5259259265625 0.43541666718750005 0.527777778125 0.46302083281249995 0.5259259265625
2 0.2286458328125 0.18055555625 0.22760416718749998 0.1870370375 0.23020833281250003 0.1916666671875 0.2286458328125 0.196296296875 0.22916666718749998 0.209259259375 0.2328125 0.2296296296875 0.2328125 0.23611111093749998 0.22916666718749998 0.2398148140625 0.2286458328125 0.25 0.22760416718749998 0.36944444375 0.22916666718749998 0.3759259265625 0.2270833328125 0.397222221875 0.23020833281250003 0.4138888890625 0.2270833328125 0.48518518593750004 0.22916666718749998 0.48981481406249994 0.23020833281250003 0.503703703125 0.22916666718749998 0.5796296296875 0.23125 0.6129629624999999 0.2286458328125 0.725 0.23072916718749997 0.75 0.2296875 0.8981481484374999 0.23177083281250002 0.959259259375 0.2348958328125 0.9638888890624999 0.2541666671875 0.9620370375 0.25729166718749996 0.959259259375 0.2625 0.9120370375 0.2682291671875 0.9055555562500001 0.6291666671875 0.9009259265624999 0.6557291671875001 0.9009259265624999 0.6729166671875 0.9055555562500001 0.6807291671875 0.915740740625 0.6848958328125 0.9277777781250001 0.6880208328124999 0.95555555625 0.6927083328125 0.9601851859374999 0.7125 0.959259259375 0.7140625 0.9305555562500001 0.7135416671875 0.4129629625 0.7151041671875 0.3916666671875 0.7135416671875 0.2675925921875 0.7145833328125 0.22407407343750002 0.7166666671875 0.2101851859375 0.7151041671875 0.197222221875 0.7166666671875 0.16851851874999998 0.7166666671875 0.0620370375 0.7135416671875 0.052777778124999994 0.6807291671875 0.046296296875 0.6197916671875 0.05 0.3859375 0.05 0.3348958328125 0.046296296875 0.2270833328125 0.048148148437499996 0.2296875 0.08425925937499999 0.2265625 0.0953703703125 0.2265625 0.1703703703125 0.2286458328125 0.18055555625
2 0.3114583328125 0.51851851875 0.3114583328125 0.48981481406249994 0.3072916671875 0.48425925937500003 0.2755208328125 0.48425925937500003 0.2713541671875 0.4888888890625 0.2708333328125 0.51851851875 0.27395833281250004 0.5259259265625 0.3072916671875 0.5259259265625 0.3114583328125 0.51851851875
2 0.2598958328125 0.6777777781250001 0.2619791671875 0.6805555562500001 0.2614583328125 0.6759259265625001 0.2598958328125 0.6777777781250001
2 0.2541666671875 0.6805555562500001 0.2567708328125 0.6777777781250001 0.253125 0.6768518515624999 0.2541666671875 0.6805555562500001
2 0.5255208328125 0.6620370375 0.5302083328125 0.6638888890625 0.5286458328125 0.66851851875 0.51875 0.675 0.525 0.6777777781250001 0.5234375 0.6851851859375 0.5265625 0.6888888890625 0.53125 0.6870370375 0.5354166671875 0.6777777781250001 0.5411458328125 0.671296296875 0.5375 0.6638888890625 0.5364583328125 0.6555555562500001 0.5255208328125 0.6490740734375 0.5177083328125 0.6490740734375 0.5177083328125 0.6555555562500001 0.5151041671875001 0.6574074078125001 0.5234375 0.6574074078125001 0.5255208328125 0.6620370375
2 0.2796875 0.66851851875 0.2822916671875 0.6638888890625 0.2854166671875 0.6638888890625 0.2864583328125 0.6574074078125001 0.2833333328125 0.652777778125 0.2859375 0.6490740734375 0.2822916671875 0.6481481484375 0.2796875 0.64351851875 0.2760416671875 0.6490740734375 0.2765625 0.652777778125 0.2713541671875 0.6601851859375001 0.27395833281250004 0.6666666671875 0.2796875 0.66851851875
2 0.2614583328125 0.6398148140625 0.2682291671875 0.6388888890625 0.2619791671875 0.6370370375000001 0.2614583328125 0.6398148140625
2 0.4838541671875 0.6240740734375 0.4828125 0.6259259265625 0.484375 0.627777778125 0.48854166718750003 0.621296296875 0.4838541671875 0.6240740734375
2 0.56875 0.61851851875 0.56875 0.6120370375 0.5677083328125 0.6074074078125 0.5661458328125 0.6074074078125 0.5630208328124999 0.6101851859375 0.5630208328124999 0.61851851875 0.5671875 0.621296296875 0.56875 0.61851851875
2 0.5567708328125 0.33703703749999997 0.5520833328125 0.33703703749999997 0.5526041671875 0.3416666671875 0.5536458328125 0.34351851875 0.5567708328125 0.33703703749999997
2 0.5770833328125 0.2768518515625 0.5760416671875 0.296296296875 0.58125 0.3009259265625 0.5848958328125 0.29814814843750004 0.5880208328125 0.2870370375 0.5859375 0.272222221875 0.5885416671875 0.252777778125 0.5875 0.246296296875 0.5901041671875 0.2370370375 0.5864583328124999 0.23055555625 0.5807291671875 0.22777777812500002 0.5828125 0.2546296296875 0.5791666671875 0.26851851875 0.5796875 0.2731481484375 0.5770833328125 0.2768518515625
2 0.5661458328125 0.23055555625 0.5708333328124999 0.23055555625 0.5734375 0.2259259265625 0.5880208328125 0.22314814843750003 0.5875 0.20740740781250003 0.5848958328125 0.2101851859375 0.58125 0.20740740781250003 0.5791666671875 0.21203703749999997 0.5765625 0.21203703749999997 0.5729166671875 0.20555555625 0.5666666671875 0.2046296296875 0.5619791671875001 0.21111111093749999 0.5619791671875001 0.21574074062499998 0.5583333328125 0.21851851875 0.5578125 0.22314814843750003 0.5661458328125 0.23055555625
2 0.3473958328125 0.1601851859375 0.3375 0.1601851859375 0.3375 0.1629629625 0.3421875 0.16388888906250001 0.3473958328125 0.1601851859375
2 0.56875 0.16944444375 0.5729166671875 0.1574074078125 0.5682291671875 0.15555555625 0.5578125 0.1601851859375 0.5567708328125 0.16388888906250001 0.5583333328125 0.172222221875 0.5614583328125 0.177777778125 0.56875 0.16944444375
2 0.5239583328124999 0.15092592656249998 0.5229166671875001 0.15277777812499999 0.5260416671875 0.1546296296875 0.5260416671875 0.15092592656249998 0.5239583328124999 0.15092592656249998
2 0.34427083281250004 0.15092592656249998 0.34375 0.1546296296875 0.3458333328125 0.1546296296875 0.3463541671875 0.15277777812499999 0.34427083281250004 0.15092592656249998
2 0.3385416671875 0.146296296875 0.3463541671875 0.146296296875 0.3416666671875 0.14351851875 0.3385416671875 0.146296296875
2 0.3239583328125 0.146296296875 0.32760416718749996 0.1481481484375 0.3270833328125 0.1416666671875 0.3239583328125 0.146296296875
2 0.32734375 0.1359375 0.00078125 0.0015625
2 0.4984375 0.134259259375 0.4999080875 0.1307734203125 0.4994791671875 0.13055555624999998 0.4984375 0.134259259375
2 0.5010416671875 0.134259259375 0.503125 0.1324074078125 0.50008680625 0.130864196875 0.5010416671875 0.134259259375
2 0.5828125 0.1601851859375 0.5864583328124999 0.16388888906250001 0.5864583328124999 0.171296296875 0.5822916671875 0.1824074078125 0.5822916671875 0.1925925921875 0.5838541671875 0.1981481484375 0.5880208328125 0.20277777812500003 0.5916666671875 0.1981481484375 0.5901041671875 0.1916666671875 0.5916666671875 0.1851851859375 0.5901041671875 0.175 0.5921875 0.1666666671875 0.5916666671875 0.15 0.5901041671875 0.147222221875 0.5921875 0.14351851875 0.5921875 0.1296296296875 0.5916666671875 0.12592592656249998 0.5875 0.125 0.58125 0.13055555624999998 0.58125 0.1416666671875 0.5859375 0.14444444375 0.5875 0.15 0.5828125 0.1601851859375
2 0.4421875 0.12222222187500001 0.4447916671875 0.127777778125 0.4421875 0.12129629687500001 0.4390625 0.1231481484375 0.4390625 0.12592592656249998 0.4401041671875 0.127777778125 0.4421875 0.12222222187500001
2 0.4375 0.12129629687500001 0.4322916671875 0.11851851875 0.42760416718750005 0.11944444375 0.43541666718750005 0.127777778125 0.4380208328125 0.12592592656249998 0.4375 0.12129629687500001
2 0.5130208328125 0.11851851875 0.51125 0.1148148140625 0.5104166671875 0.11851851875 0.5084375 0.1148148140625 0.505625 0.1148148140625 0.5052083328125 0.11851851875 0.5028125 0.1148148140625 0.5 0.1166666671875 0.5088541671875 0.1231481484375 0.5140625 0.13055555624999998 0.51875 0.1296296296875 0.5208333328125 0.12592592656249998 0.5265625 0.127777778125 0.5276041671875 0.13055555624999998 0.5427083328125 0.12592592656249998 0.5458333328125 0.1324074078125 0.5541666671875001 0.127777778125 0.5557291671875 0.1324074078125 0.5619791671875001 0.134259259375 0.5635416671875 0.14351851875 0.5682291671875 0.13981481406250001 0.5671875 0.1351851859375 0.56875 0.12870370312499999 0.5744791671875 0.11944444375 0.5744791671875 0.1148148140625 0.5703125 0.11388888906250001 0.5598958328125 0.11388888906250001 0.5567708328125 0.11944444375 0.55625 0.1148148140625 0.5552083328124999 0.12129629687500001 0.5494791671875 0.12129629687500001 0.5479166671875 0.1166666671875 0.5447916671875 0.1148148140625 0.5286458328125 0.11388888906250001 0.516875 0.1148148140625 0.5166666671875 0.11851851875 0.5140625 0.1148148140625 0.5130208328125 0.11851851875
2 0.2848958328125 0.134259259375 0.2833333328125 0.1416666671875 0.2760416671875 0.14351851875 0.26875 0.1546296296875 0.2734375 0.15925925937500002 0.275 0.16388888906250001 0.27395833281250004 0.16851851874999998 0.2760416671875 0.17314814843749998 0.2833333328125 0.17314814843749998 0.2875 0.18148148125000002 0.2822916671875 0.1888888890625 0.2828125 0.196296296875 0.28125 0.1981481484375 0.2833333328125 0.20277777812500003 0.28177083281250004 0.209259259375 0.2760416671875 0.21296296250000002 0.2765625 0.225 0.278125 0.22870370312500002 0.2760416671875 0.2416666671875 0.2786458328125 0.246296296875 0.278125 0.25555555625 0.2802083328125 0.25740740781250004 0.278125 0.26574074062499997 0.28125 0.28148148125 0.28125 0.3166666671875 0.2828125 0.3231481484375 0.28177083281250004 0.328703703125 0.2838541671875 0.334259259375 0.2765625 0.3416666671875 0.2786458328125 0.34444444375 0.2755208328125 0.3509259265625 0.275 0.3620370375 0.26875 0.371296296875 0.26510416718749996 0.3731481484375 0.2635416671875 0.378703703125 0.2666666671875 0.384259259375 0.26614583281250004 0.39351851875 0.26875 0.3981481484375 0.2755208328125 0.4 0.26875 0.41018518593750003 0.2635416671875 0.41203703750000004 0.2604166671875 0.4166666671875 0.2598958328125 0.42314814843750004 0.2604166671875 0.42592592656250006 0.2666666671875 0.427777778125 0.2645833328125 0.43240740781250003 0.2635416671875 0.44444444375 0.2609375 0.44907407343749994 0.2598958328125 0.47222222187499996 0.25833333281250004 0.47592592656250005 0.2609375 0.49351851875 0.2609375 0.5296296296875 0.2635416671875 0.5416666671875 0.2619791671875 0.547222221875 0.2619791671875 0.571296296875 0.2604166671875 0.578703703125 0.2645833328125 0.5916666671875 0.2619791671875 0.5935185187500001 0.2619791671875 0.5981481484375 0.2692708328125 0.5935185187500001 0.2744791671875 0.6009259265625 0.2755208328125 0.61851851875 0.2802083328125 0.61851851875 0.2838541671875 0.621296296875 0.2848958328125 0.6259259265625 0.28854166718749996 0.6259259265625 0.3 0.6370370375000001 0.3010416671875 0.6398148140625 0.2979166671875 0.64351851875 0.3 0.646296296875 0.3 0.6546296296875 0.29739583281250004 0.659259259375 0.2932291671875 0.6555555562500001 0.2916666671875 0.6601851859375001 0.2927083328125 0.6620370375 0.2994791671875 0.6638888890625 0.3015625 0.6601851859375001 0.30416666718749996 0.6601851859375001 0.321875 0.6759259265625001 0.35 0.6777777781250001 0.3557291671875 0.671296296875 0.3557291671875 0.6666666671875 0.3791666671875 0.6666666671875 0.3802083328125 0.671296296875 0.3921875 0.6759259265625001 0.3953125 0.6796296296875 0.4145833328125 0.6824074078125 0.41822916718750003 0.6824074078125 0.421875 0.6759259265625001 0.42864583281249996 0.6759259265625001 0.4328125 0.6805555562500001 0.4505208328125 0.6824074078125 0.503125 0.6805555562500001 0.5046875 0.6777777781250001 0.5130208328125 0.6796296296875 0.5145833328125 0.675 0.5166666671875 0.6777777781250001 0.5114583328125 0.6629629625 0.5078125 0.6620370375 0.4994791671875 0.6481481484375 0.4927083328125 0.6481481484375 0.48854166718750003 0.6416666671875 0.48125 0.6388888890625 0.4817708328125 0.6074074078125 0.48541666718750004 0.609259259375 0.4895833328125 0.61851851875 0.49114583281249996 0.615740740625 0.4947916671875 0.61851851875 0.49791666718750005 0.6259259265625 0.5057291671875 0.6231481484375 0.5072916671875001 0.6351851859375001 0.5114583328125 0.6416666671875 0.5140625 0.6370370375000001 0.5166666671875 0.6370370375000001 0.5151041671875001 0.6416666671875 0.51875 0.646296296875 0.5208333328125 0.64351851875 0.5197916671875 0.6388888890625 0.5260416671875 0.627777778125 0.5286458328125 0.6333333328124999 0.5270833328125 0.6388888890625 0.5286458328125 0.6425925921875 0.534375 0.64351851875 0.5333333328125 0.6333333328124999 0.5411458328125 0.6296296296875 0.5421875 0.625 0.5411458328125 0.6120370375 0.5375 0.602777778125 0.5390625 0.584259259375 0.5322916671875 0.5768518515625 0.5324651046875 0.571296296875 0.5442708328125 0.571296296875 0.5541666671875001 0.5666666671875 0.56875 0.5666666671875 0.5744791671875 0.5620370375 0.5786458328124999 0.5509259265625001 0.5770833328125 0.5259259265625 0.5739583328125 0.5138888890625 0.5739583328125 0.4953703703125 0.5744791671875 0.4879629625 0.5786458328124999 0.477777778125 0.5796875 0.4601851859375 0.5703125 0.4481481484375 0.5380208328125 0.4481481484375 0.5348958328125 0.44444444375 0.5359375 0.44166666718750003 0.53125 0.4379629625 0.5375 0.43518518593750005 0.5375 0.427777778125 0.5427083328125 0.425 0.5515625 0.41018518593750003 0.5609375 0.4 0.5677083328125 0.38703703749999996 0.5682291671875 0.38055555625 0.5770833328125 0.3620370375 0.5791666671875 0.352777778125 0.5828125 0.3138888890625 0.58125 0.309259259375 0.5744791671875 0.3101851859375 0.5729166671875 0.3138888890625 0.5661458328125 0.31851851875000003 0.565625 0.3231481484375 0.5682291671875 0.33055555625 0.5614583328125 0.33703703749999997 0.5609375 0.34444444375 0.5588541671875 0.34629629687499996 0.5625 0.3546296296875 0.5604166671875 0.3620370375 0.55625 0.3648148140625 0.5557291671875 0.3703703703125 0.5473958328124999 0.38240740781250004 0.5421875 0.384259259375 0.5395833328124999 0.353703703125 0.5411458328125 0.34351851875 0.5390625 0.334259259375 0.540625 0.3324074078125 0.5390625 0.3240740734375 0.5416666671875 0.29444444375 0.5395833328124999 0.28055555625 0.540625 0.2601851859375 0.534375 0.234259259375 0.5395833328124999 0.221296296875 0.5375 0.20833333281250002 0.5395833328124999 0.2009259265625 0.5432291671875 0.196296296875 0.5395833328124999 0.1740740734375 0.5338541671875 0.16944444375 0.534375 0.16388888906250001 0.5333333328125 0.165740740625 0.5291666671875 0.15925925937500002 0.5213541671875 0.16388888906250001 0.521875 0.1675925921875 0.5182291671875 0.1759259265625 0.5130208328125 0.16388888906250001 0.5083333328124999 0.15925925937500002 0.5119791671875 0.15277777812499999 0.5036458328125 0.15277777812499999 0.5015625 0.1601851859375 0.4973958328125 0.1620370375 0.48333333281249996 0.1601851859375 0.48020833281249997 0.171296296875 0.4734375 0.171296296875 0.4713541671875 0.1675925921875 0.47291666718750003 0.1601851859375 0.4671875 0.1601851859375 0.46458333281249997 0.16388888906250001 0.4682291671875 0.1675925921875 0.4682291671875 0.1740740734375 0.46197916718750004 0.18055555625 0.4557291671875 0.1824074078125 0.4458333328125 0.17962962968750001 0.43958333281249995 0.16388888906250001 0.4369791671875 0.1666666671875 0.4359375 0.16388888906250001 0.4348958328125 0.171296296875 0.42864583281249996 0.1740740734375 0.42291666718750004 0.171296296875 0.4135416671875 0.1759259265625 0.40625 0.17314814843749998 0.40416666718750005 0.1759259265625 0.3864583328125 0.177777778125 0.3817708328125 0.17314814843749998 0.3776041671875 0.17314814843749998 0.3765625 0.17962962968750001 0.371875 0.17962962968750001 0.371875 0.1740740734375 0.3671875 0.16851851874999998 0.3682291671875 0.165740740625 0.3703125 0.1666666671875 0.3729166671875 0.1601851859375 0.3828125 0.1601851859375 0.3869791671875 0.1546296296875 0.3875 0.13981481406250001 0.3916666671875 0.13888888906250002 0.39375 0.1416666671875 0.39791666718749996 0.13703703750000001 0.3994791671875 0.127777778125 0.40208333281249997 0.1324074078125 0.4049479171875 0.1324074078125 0.40520833281249996 0.127777778125 0.4078125 0.1324074078125 0.40625 0.12870370312499999 0.4109375 0.1231481484375 0.4088541671875 0.1231481484375 0.40625 0.1148148140625 0.4015625 0.11388888906250001 0.3536458328125 0.1148148140625 0.34375 0.1120370375 0.3307291671875 0.1166666671875 0.3296875 0.1120370375 0.3223958328125 0.1101851859375 0.3151041671875 0.1148148140625 0.3125 0.134259259375 0.3072916671875 0.1375 0.3072916671875 0.1324074078125 0.30416666718749996 0.1351851859375 0.3010416671875 0.1324074078125 0.2979166671875 0.1166666671875 0.290625 0.11388888906250001 0.2875 0.1074074078125 0.28125 0.1074074078125 0.2791666671875 0.1046296296875 0.2708333328125 0.1120370375 0.2682291671875 0.12407407343750002 0.2708333328125 0.1296296296875 0.2786458328125 0.1324074078125 0.2822916671875 0.127777778125 0.2848958328125 0.134259259375
2 0.3046875 0.10092592656249999 0.3020833328125 0.109259259375 0.3078125 0.1120370375 0.3072916671875 0.10092592656249999 0.3046875 0.10092592656249999
2 0.44322916718750005 0.15555555625 0.44322916718750005 0.1620370375 0.4458333328125 0.16851851874999998 0.4526041671875 0.17314814843749998 0.47083333281249995 0.17314814843749998 0.47552083281249996 0.1759259265625 0.55625 0.1740740734375 0.5661458328125 0.171296296875 0.5734375 0.1574074078125 0.5692708328125 0.1379629625 0.5708333328124999 0.127777778125 0.5739583328125 0.12129629687500001 0.5744791671875 0.1148148140625 0.5729166671875 0.11388888906250001 0.4557291671875 0.1120370375 0.44739583281249995 0.1148148140625 0.4453125 0.11851851875 0.446875 0.12592592656249998 0.4453125 0.13148148125 0.4458333328125 0.15092592656249998 0.44322916718750005 0.15555555625
2 0.3447916671875 0.177777778125 0.371875 0.177777778125 0.37552083281250004 0.18055555625 0.40208333281249997 0.1759259265625 0.43177083281249995 0.1759259265625 0.43645833281249996 0.171296296875 0.44114583281249997 0.1601851859375 0.4369791671875 0.147222221875 0.4380208328125 0.1231481484375 0.43958333281249995 0.11851851875 0.4359375 0.11388888906250001 0.4125 0.11388888906250001 0.39010416718749996 0.1101851859375 0.3166666671875 0.1101851859375 0.3125 0.1166666671875 0.3140625 0.1268518515625 0.31197916718749996 0.1611111109375 0.3244791671875 0.17314814843749998 0.3447916671875 0.177777778125