2 0.4885 0.6075 0.503 0.605 0.5065000000000001 0.6065 0.554 0.6065 0.5599999999999999 0.609 0.564 0.6085 0.563 0.521 0.5425 0.5195000000000001 0.4805 0.5195000000000001 0.476 0.521 0.4345 0.5195000000000001 0.417 0.522 0.417 0.604 0.41900000000000004 0.6065 0.462 0.606 0.4885 0.6075
2 0.5 0.6485000000000001 0.5045 0.647 0.49000000000000005 0.647 0.488 0.65 0.493 0.6525000000000001 0.497 0.6519999999999999 0.5 0.6485000000000001
2 0.462 0.6485000000000001 0.46699999999999997 0.6495 0.46799999999999997 0.647 0.45114299999999996 0.646 0.4495 0.6485000000000001 0.4485 0.646 0.43550000000000005 0.647 0.4535 0.65 0.45949999999999996 0.65 0.462 0.6485000000000001
2 0.564 0.6445000000000001 0.5605 0.6455 0.5425 0.647 0.5605 0.65 0.592 0.65 0.604 0.647 0.6065 0.6445000000000001 0.6065 0.6365000000000001 0.604 0.626 0.6025 0.6075 0.5665 0.607 0.564 0.6125 0.5665 0.618 0.5665 0.6415 0.564 0.6445000000000001
2 0.377 0.646 0.3865 0.6495 0.3955 0.65 0.4135 0.6495 0.41900000000000004 0.6485000000000001 0.4215 0.6455 0.4225 0.648 0.4255 0.648 0.4265 0.646 0.42800000000000005 0.647 0.425 0.6435 0.417 0.6445000000000001 0.4125 0.641 0.4125 0.6184999999999999 0.414 0.6125 0.4135 0.609 0.41100000000000003 0.606 0.3825 0.6065 0.3795 0.612 0.377 0.6365000000000001 0.375 0.6395 0.375 0.643 0.377 0.646
2 0.584375 0.88671875 0.00078125 0.00078125
2 0.5780000000000001 0.6485000000000001 0.5915 0.6485000000000001 0.6035 0.6445000000000001 0.6035 0.628 0.6014999999999999 0.6205 0.592 0.6205 0.5855 0.6255 0.5820000000000001 0.623 0.5780000000000001 0.623 0.572 0.6265 0.5745 0.6295 0.572 0.6355000000000001 0.572 0.647 0.5780000000000001 0.6485000000000001
2 0.38984375 0.615625 0.00078125 0.0015625
2 0.409 0.643 0.40499999999999997 0.64 0.4095 0.6345 0.409 0.63 0.40499999999999997 0.6305 0.40499999999999997 0.6255 0.409 0.6255 0.40700000000000003 0.6224999999999999 0.3975 0.629 0.3955 0.6265 0.3915 0.628 0.3865 0.6265 0.386 0.619 0.398 0.609 0.3922 0.609 0.39249999999999996 0.611 0.391 0.6115 0.3893 0.609 0.388 0.611 0.38639999999999997 0.609 0.3835 0.609 0.3845 0.619 0.3795 0.6214999999999999 0.38 0.6435 0.3935 0.648 0.4095 0.647 0.409 0.643
2 0.43099999999999994 0.5275000000000001 0.43499999999999994 0.5269999999999999 0.43899999999999995 0.53 0.449 0.526 0.4425 0.522 0.421 0.522 0.41950000000000004 0.525 0.4205 0.5269999999999999 0.42800000000000005 0.525 0.43099999999999994 0.5275000000000001
2 0.42300000000000004 0.5635 0.418 0.5665 0.41950000000000004 0.595 0.418 0.6025 0.421 0.605 0.4165 0.609 0.41500000000000004 0.614 0.4165 0.6224999999999999 0.41200000000000003 0.6325000000000001 0.4125 0.6455 0.4215 0.646 0.42400000000000004 0.648 0.4495 0.647 0.45099999999999996 0.6485000000000001 0.46950000000000003 0.6485000000000001 0.47350000000000003 0.646 0.479 0.65 0.479 0.8074999999999999 0.477 0.836 0.47350000000000003 0.8425 0.45999999999999996 0.8435 0.4585 0.845 0.461 0.8480000000000001 0.45949999999999996 0.851 0.45599999999999996 0.8494999999999999 0.454 0.845 0.45199999999999996 0.845 0.45099999999999996 0.8474999999999999 0.4325 0.8470000000000001 0.4255 0.845 0.404 0.845 0.4025 0.8480000000000001 0.4025 0.8615 0.404 0.8640000000000001 0.40750000000000003 0.8654999999999999 0.40750000000000003 0.8675 0.404 0.8714999999999999 0.403 0.8765000000000001 0.40700000000000003 0.882 0.40700000000000003 0.8869999999999999 0.39049999999999996 0.892 0.3855 0.8960000000000001 0.3655 0.905 0.364 0.9075 0.364 0.9225 0.3655 0.9265000000000001 0.368 0.9279999999999999 0.3655 0.9365 0.3725 0.9404999999999999 0.377 0.9380000000000001 0.3775 0.9414999999999999 0.38 0.942 0.379 0.9460000000000001 0.3755 0.9494999999999999 0.3795 0.9545 0.382 0.9560000000000001 0.3855 0.9555 0.391 0.9494999999999999 0.391 0.9404999999999999 0.3935 0.9390000000000001 0.3935 0.9339999999999999 0.3955 0.9355 0.3955 0.931 0.3975 0.9305 0.40099999999999997 0.9315 0.4 0.9355 0.41050000000000003 0.9105000000000001 0.4215 0.905 0.4255 0.9045 0.4265 0.9025000000000001 0.4325 0.901 0.43550000000000005 0.8985 0.43899999999999995 0.8985 0.44400000000000006 0.8945000000000001 0.45549999999999996 0.892 0.461 0.8880000000000001 0.47350000000000003 0.8845000000000001 0.479 0.8805 0.491 0.8795 0.5175 0.8880000000000001 0.536 0.897 0.5445 0.8995 0.5525 0.9045 0.5589999999999999 0.906 0.567 0.9109999999999999 0.5735 0.9125 0.5934999999999999 0.9225 0.597 0.9225 0.604 0.9279999999999999 0.601 0.9295 0.5995 0.9359999999999999 0.6065 0.9445 0.6075 0.9490000000000001 0.6125 0.9535 0.6174999999999999 0.9545 0.623 0.9505000000000001 0.624 0.9414999999999999 0.6355000000000001 0.9315 0.633 0.9279999999999999 0.63 0.93 0.614 0.9315 0.6115 0.9275 0.614 0.9199999999999999 0.614 0.9075 0.6125 0.9045 0.606 0.9 0.6014999999999999 0.8995 0.5945 0.8960000000000001 0.5900000000000001 0.892 0.584 0.892 0.5805 0.89 0.5785 0.8855000000000001 0.587 0.8789999999999999 0.5860000000000001 0.8779999999999999 0.584 0.8805 0.583 0.8779999999999999 0.576 0.8765000000000001 0.5745 0.8714999999999999 0.572 0.869 0.572 0.865 0.5745 0.8625 0.5745 0.8470000000000001 0.5730000000000001 0.845 0.5715 0.8435 0.558 0.8435 0.546 0.8460000000000001 0.5275000000000001 0.8470000000000001 0.5235000000000001 0.8435 0.518 0.842 0.512 0.8425 0.5085 0.845 0.5045 0.8435 0.5005 0.8394999999999999 0.4995 0.833 0.5 0.6950000000000001 0.5015 0.689 0.5015 0.6495 0.506 0.647 0.526 0.647 0.5345 0.6485000000000001 0.5485 0.648 0.553 0.6495 0.5599999999999999 0.6485000000000001 0.564 0.65 0.5705 0.6435 0.5655 0.6405000000000001 0.5665 0.6365000000000001 0.5645 0.631 0.5655 0.6224999999999999 0.564 0.6195 0.5675 0.6125 0.5705 0.615 0.5745 0.615 0.5745 0.6115 0.5665 0.6125 0.564 0.6094999999999999 0.564 0.5885 0.5615 0.576 0.563 0.5465 0.5589999999999999 0.5435 0.5615 0.541625 0.5589999999999999 0.5405 0.5615 0.5387500000000001 0.5589999999999999 0.5375 0.5615 0.535875 0.5589999999999999 0.5345 0.5625 0.532 0.558 0.5309999999999999 0.558 0.5245 0.5625 0.5275000000000001 0.5595 0.523 0.5605 0.522 0.5045 0.522 0.49749999999999994 0.5195000000000001 0.4835 0.5195000000000001 0.4795 0.522 0.4567 0.522 0.4565 0.5245 0.45410000000000006 0.522 0.453 0.525 0.45149999999999996 0.525 0.45149999999999996 0.522 0.44975 0.5385 0.44400000000000006 0.5385 0.43899999999999995 0.536 0.43550000000000005 0.5389999999999999 0.4325 0.5389999999999999 0.4305 0.537 0.42805905468749994 0.537976378125 0.42750000000000005 0.5417500000000001 0.421 0.5385 0.421 0.5436664999999999 0.42300000000000004 0.5469999999999999 0.421 0.54625 0.421 0.554 0.4185 0.5585 0.42300000000000004 0.5635
2 0.22549999999999998 0.3035 0.2265 0.3765 0.22999999999999998 0.387 0.22799999999999998 0.3955 0.229 0.40099999999999997 0.22749999999999998 0.414 0.22999999999999998 0.418 0.22799999999999998 0.43099999999999994 0.22799999999999998 0.45599999999999996 0.22999999999999998 0.458 0.2505 0.4605 0.388 0.4605 0.396 0.462 0.4255 0.4605 0.479 0.4625 0.481 0.46349999999999997 0.48150000000000004 0.4665 0.4795 0.512 0.481 0.5165 0.4835 0.518 0.5015 0.517 0.5015 0.46299999999999997 0.508 0.461 0.5185 0.4625 0.5295 0.4625 0.537 0.4605 0.567 0.462 0.5845 0.461 0.5945 0.46299999999999997 0.6775 0.462 0.7655000000000001 0.46349999999999997 0.7695000000000001 0.462 0.7695000000000001 0.1785 0.771 0.17450000000000002 0.771 0.149 0.7685 0.14350000000000002 0.7030000000000001 0.14350000000000002 0.673 0.14550000000000002 0.6639999999999999 0.14350000000000002 0.6435 0.14550000000000002 0.6125 0.14450000000000002 0.599 0.14650000000000002 0.5934999999999999 0.14450000000000002 0.45099999999999996 0.14450000000000002 0.4345 0.14650000000000002 0.2805 0.14650000000000002 0.22549999999999998 0.14450000000000002 0.22200000000000003 0.14650000000000002 0.221 0.1585 0.223 0.20800000000000002 0.223 0.26349999999999996 0.22549999999999998 0.3035
2 0.5645 0.6405000000000001 0.564 0.6275000000000001 0.5625 0.6265 0.564 0.625 0.5625 0.6235 0.564 0.6224999999999999 0.5555 0.6214999999999999 0.554 0.613 0.5425 0.6125 0.5375 0.61 0.505 0.6125 0.4835 0.6115 0.4795 0.614 0.465 0.611 0.4505 0.6125 0.442 0.609 0.43949999999999995 0.6115 0.426 0.6125 0.425 0.6165 0.41900000000000004 0.6255 0.4145 0.627 0.414 0.6405000000000001 0.417 0.642 0.5615 0.643 0.5645 0.6405000000000001
2 0.414 0.642 0.4335 0.6445000000000001 0.46699999999999997 0.643 0.46950000000000003 0.6455 0.4955 0.6435 0.5589999999999999 0.6445000000000001 0.564 0.643 0.5655 0.641 0.5655 0.625 0.564 0.62 0.563 0.521 0.421 0.5205 0.417 0.522 0.4165 0.5275000000000001 0.4165 0.601 0.418 0.61 0.414 0.6245 0.414 0.642
2 0.22549999999999998 0.286 0.2245 0.2955 0.2265 0.3095 0.22549999999999998 0.34950000000000003 0.231 0.3845 0.231 0.391 0.229 0.395 0.229 0.4145 0.231 0.4185 0.229 0.42300000000000004 0.22799999999999998 0.442 0.22799999999999998 0.453 0.22999999999999998 0.4575 0.259 0.4605 0.45 0.4605 0.45949999999999996 0.462 0.49349999999999994 0.4605 0.517 0.462 0.5295 0.462 0.5325 0.4605 0.5660000000000001 0.4605 0.603 0.4625 0.62 0.4605 0.632 0.462 0.6795 0.461 0.693 0.4625 0.768 0.4625 0.7695000000000001 0.4605 0.7695000000000001 0.42800000000000005 0.768 0.421 0.7695000000000001 0.398 0.7695000000000001 0.3255 0.768 0.3175 0.7695000000000001 0.3145 0.7685 0.21800000000000003 0.771 0.15 0.7685 0.14350000000000002 0.6625 0.14350000000000002 0.6115 0.14550000000000002 0.45099999999999996 0.14450000000000002 0.43899999999999995 0.14650000000000002 0.27549999999999997 0.14650000000000002 0.231 0.14350000000000002 0.2245 0.14450000000000002 0.22200000000000003 0.14650000000000002 0.221 0.1535 0.22400000000000003 0.20950000000000002 0.223 0.2465 0.22549999999999998 0.286