2 0.2322916671875 0.5527777781250001 0.2338541671875 0.559259259375 0.23333333281250002 0.56851851875 0.23802083281250003 0.5666666671875 0.240625 0.5703703703125 0.23854166718749997 0.5731481484375001 0.24322916718749998 0.5740740734374999 0.24583333281250003 0.577777778125 0.2453125 0.5851851859375 0.24739583281250002 0.5870370375 0.24895833281250002 0.5944444437499999 0.2479166671875 0.5981481484375 0.2510416671875 0.5916666671875 0.2557291671875 0.6 0.2609375 0.602777778125 0.2776041671875 0.6009259265625 0.3010416671875 0.6046296296875 0.328125 0.602777778125 0.340625 0.60555555625 0.41875 0.6074074078125 0.4302083328125 0.6120370375 0.4625 0.6138888890625 0.4765625 0.6101851859375 0.48020833281249997 0.60648148125 0.48333333281249996 0.5824074078125 0.4869791671875 0.5731481484375001 0.49010416718750005 0.5555555562500001 0.4953125 0.546296296875 0.4916666671875 0.5324074078125001 0.48125 0.5138888890625 0.4828125 0.5074074078125 0.4875 0.50555555625 0.4984375 0.50555555625 0.5005208328124999 0.509259259375 0.509375 0.5138888890625 0.5166666671875 0.5324074078125001 0.5166666671875 0.5481481484375 0.5119791671875 0.5638888890625 0.50625 0.5740740734374999 0.5052083328125 0.5916666671875 0.5020833328125 0.5981481484375 0.5041666671875 0.60555555625 0.515625 0.602777778125 0.5244791671875 0.6074074078125 0.5723958328125 0.60555555625 0.5984375 0.6101851859375 0.609375 0.609259259375 0.6119791671875 0.60555555625 0.6135416671875 0.5935185187500001 0.6125 0.546296296875 0.6098958328124999 0.534259259375 0.6098958328124999 0.5240740734375 0.6182291671875 0.5138888890625 0.61875 0.50555555625 0.6171875 0.48981481406249994 0.6119791671875 0.48703703750000005 0.5895833328125 0.4888888890625 0.5703125 0.48518518593750004 0.5619791671875001 0.4888888890625 0.5171875 0.48703703750000005 0.5119791671875 0.48425925937500003 0.4890625 0.48518518593750004 0.484375 0.4824074078125 0.48072916718750003 0.48518518593750004 0.43072916718750004 0.48518518593750004 0.4223958328125 0.4888888890625 0.41302083281249996 0.48425925937500003 0.4057291671875 0.4888888890625 0.39895833281250004 0.4888888890625 0.3875 0.4824074078125 0.3802083328125 0.48518518593750004 0.37447916718749996 0.4824074078125 0.3307291671875 0.4824074078125 0.3203125 0.48703703750000005 0.3135416671875 0.48055555625 0.30416666718749996 0.48055555625 0.29635416718749996 0.48425925937500003 0.24114583281250002 0.48425925937500003 0.2390625 0.48981481406249994 0.23854166718749997 0.5074074078125 0.2328125 0.5148148140625 0.2328125 0.527777778125 0.2453125 0.5388888890625 0.2421875 0.546296296875 0.2322916671875 0.5527777781250001
2 0.22135416718749998 0.9601851859374999 0.2244791671875 0.9638888890624999 0.2364583328125 0.9638888890624999 0.2390625 0.9583333328125001 0.2401041671875 0.9620370375 0.2416666671875 0.9601851859374999 0.2375 0.95555555625 0.240625 0.952777778125 0.2375 0.9388888890624999 0.23958333281250002 0.9351851859375 0.2375 0.9324074078125 0.2328125 0.934259259375 0.22395833281250002 0.9231481484374999 0.2125 0.925 0.209375 0.9324074078125 0.2125 0.9416666671874999 0.21875 0.9509259265625 0.22135416718749998 0.9601851859374999
2 0.2494791671875 0.6425925921875 0.25052083281250004 0.6481481484375 0.2552083328125 0.64351851875 0.2567708328125 0.6555555562500001 0.2614583328125 0.6555555562500001 0.2723958328125 0.6638888890625 0.2609375 0.6777777781250001 0.2510416671875 0.6851851859375 0.24322916718749998 0.6870370375 0.23854166718749997 0.69351851875 0.23333333281250002 0.6898148140625 0.22916666718749998 0.6990740734374999 0.22916666718749998 0.70555555625 0.2265625 0.709259259375 0.2286458328125 0.7120370375 0.2286458328125 0.722222221875 0.234375 0.7351851859375 0.23333333281250002 0.7370370375 0.2364583328125 0.7388888890625 0.23958333281250002 0.7509259265625 0.23958333281250002 0.7601851859375001 0.23125 0.7666666671875 0.22916666718749998 0.771296296875 0.22916666718749998 0.777777778125 0.2328125 0.7851851859375001 0.2442708328125 0.7870370375 0.2442708328125 0.7953703703125 0.23958333281250002 0.796296296875 0.23072916718749997 0.8101851859375 0.23333333281250002 0.8194444437499999 0.24114583281250002 0.825 0.2427083328125 0.8370370375 0.22916666718749998 0.8583333328125 0.2296875 0.86851851875 0.23333333281250002 0.8759259265624999 0.24114583281250002 0.877777778125 0.2506510421875 0.8759259265624999 0.2515625 0.8731481484374999 0.2536458328125 0.8759259265624999 0.2526041671875 0.871296296875 0.2546875 0.86944444375 0.2630208328125 0.871296296875 0.26614583281250004 0.86851851875 0.2666666671875 0.8620370375 0.2682291671875 0.8620370375 0.265625 0.8611111109375 0.2645833328125 0.85555555625 0.26875 0.8509259265625 0.2635416671875 0.8444444437499999 0.26614583281250004 0.8416666671874999 0.2822916671875 0.8416666671874999 0.2911458328125 0.85 0.2911458328125 0.85555555625 0.2880208328125 0.85555555625 0.2822916671875 0.8648148140625 0.28177083281250004 0.8759259265624999 0.2932291671875 0.8824074078124999 0.3015625 0.8824074078124999 0.30416666718749996 0.877777778125 0.3161458328125 0.8759259265624999 0.32864583281250004 0.8824074078124999 0.3385416671875 0.8824074078124999 0.3416666671875 0.8851851859375 0.41875 0.8851851859375 0.4328125 0.8796296296874999 0.4421875 0.88055555625 0.44947916718750003 0.8851851859375 0.47447916718750005 0.8851851859375 0.4828125 0.88055555625 0.49322916718750004 0.8851851859375 0.50625 0.8824074078124999 0.5197916671875 0.884259259375 0.5364583328125 0.8796296296874999 0.5375 0.871296296875 0.5432291671875 0.8620370375 0.5427083328125 0.8120370375 0.5348958328125 0.7916666671875 0.5354166671875 0.7870370375 0.5411458328125 0.777777778125 0.5411458328125 0.7601851859375001 0.5432291671875 0.752777778125 0.5411458328125 0.7379629624999999 0.5411458328125 0.7074074078125 0.5390625 0.6796296296875 0.5364583328125 0.671296296875 0.5244791671875 0.6740740734374999 0.5244791671875 0.66944444375 0.5265625 0.665740740625 0.5354166671875 0.659259259375 0.5390625 0.6509259265625 0.5369791671875 0.6388888890625 0.53125 0.627777778125 0.5229166671875001 0.625 0.5 0.625 0.4973958328125 0.6416666671875 0.5 0.6601851859375001 0.49427083281249995 0.6805555562500001 0.49583333281249997 0.6879629625 0.49427083281249995 0.6944444437499999 0.4875 0.7009259265625001 0.4713541671875 0.7009259265625001 0.46875 0.6824074078125 0.46588541718750004 0.6824074078125 0.4671875 0.6777777781250001 0.4692708328125 0.6777777781250001 0.4703125 0.66944444375 0.47447916718750005 0.6666666671875 0.47552083281249996 0.6333333328124999 0.4770833328125 0.6296296296875 0.4739583328125 0.61944444375 0.45677083281249997 0.621296296875 0.4505208328125 0.61944444375 0.44947916718750003 0.6166666671875001 0.41822916718750003 0.61851851875 0.41302083281249996 0.6138888890625 0.37552083281250004 0.6138888890625 0.3692708328125 0.6101851859375 0.3369791671875 0.6120370375 0.3182291671875 0.60555555625 0.2791666671875 0.602777778125 0.2567708328125 0.6046296296875 0.2546875 0.61851851875 0.2515625 0.61851851875 0.24895833281250002 0.6148148140624999 0.24375 0.6166666671875001 0.24583333281250003 0.6296296296875 0.2427083328125 0.634259259375 0.24479166718749998 0.6416666671875 0.2494791671875 0.6425925921875
2 0.33515625 0.54296875 0.00078125 0.0015625
2 0.2765625 0.5638888890625 0.28177083281250004 0.5648148140625 0.2822916671875 0.571296296875 0.2859375 0.571296296875 0.290625 0.5759259265625001 0.3380208328125 0.571296296875 0.34427083281250004 0.571296296875 0.3494791671875 0.5759259265625001 0.3515625 0.571296296875 0.3546875 0.5740740734374999 0.3541666671875 0.577777778125 0.3557291671875 0.58055555625 0.3567708328125 0.577777778125 0.3625 0.577777778125 0.3614583328125 0.5666666671875 0.3583333328125 0.5648148140625 0.3630208328125 0.5546296296875 0.36666666718749996 0.5546296296875 0.3703125 0.5620370375 0.37552083281250004 0.5601851859375 0.371875 0.5527777781250001 0.36666666718749996 0.55 0.3651041671875 0.546296296875 0.3494791671875 0.5509259265625001 0.3473958328125 0.5555555562500001 0.34375 0.5555555562500001 0.3416666671875 0.5509259265625001 0.3359375 0.559259259375 0.3322916671875 0.559259259375 0.3291666671875 0.55648148125 0.3307291671875 0.5527777781250001 0.32760416718749996 0.5481481484375 0.3239583328125 0.55 0.3203125 0.54351851875 0.3067708328125 0.5370370375 0.3036458328125 0.5416666671875 0.29739583281250004 0.5416666671875 0.2911458328125 0.546296296875 0.2880208328125 0.546296296875 0.2859375 0.5388888890625 0.2776041671875 0.54351851875 0.27395833281250004 0.5546296296875 0.2682291671875 0.5601851859375 0.27291666718749996 0.5574074078125 0.2765625 0.5638888890625
2 0.27208333281249997 0.527777778125 0.2697916671875 0.5324074078125001 0.26916666718750004 0.527777778125 0.26875 0.5305555562500001 0.26625 0.527777778125 0.2604166671875 0.5296296296875 0.2640625 0.534259259375 0.275 0.5324074078125001 0.2833333328125 0.5370370375 0.2838541671875 0.5314814812499999 0.290625 0.527777778125 0.28500000000000003 0.527777778125 0.2848958328125 0.5305555562500001 0.2821875 0.527777778125 0.27208333281249997 0.527777778125
2 0.25052083281250004 0.49351851875 0.2479166671875 0.49351851875 0.24739583281250002 0.5009259265625 0.2510416671875 0.5009259265625 0.24895833281250002 0.497222221875 0.25052083281250004 0.49351851875
2 0.2286458328125 0.3620370375 0.22916666718749998 0.3740740734375 0.23177083281250002 0.384259259375 0.23125 0.3888888890625 0.2270833328125 0.39351851875 0.23020833281250003 0.3916666671875 0.23125 0.41851851875 0.23958333281250002 0.4296296296875 0.246875 0.427777778125 0.25052083281250004 0.43240740781250003 0.2635416671875 0.43240740781250003 0.2671875 0.427777778125 0.2682291671875 0.4138888890625 0.2677083328125 0.32685185156249996 0.2697916671875 0.3138888890625 0.2666666671875 0.275 0.26614583281250004 0.2296296296875 0.2635416671875 0.2148148140625 0.2598958328125 0.20555555625 0.2536458328125 0.196296296875 0.2453125 0.196296296875 0.2427083328125 0.1861111109375 0.23958333281250002 0.1824074078125 0.23697916718749998 0.1824074078125 0.2286458328125 0.197222221875 0.23125 0.20555555625 0.23177083281250002 0.234259259375 0.22552083281250002 0.2824074078125 0.22552083281250002 0.3361111109375 0.22760416718749998 0.34629629687499996 0.2265625 0.35925925937500003 0.2286458328125 0.3620370375
2 0.7390625 0.30555555624999997 0.7421875 0.3166666671875 0.7453125 0.321296296875 0.75 0.3240740734375 0.7572916671875001 0.3231481484375 0.7604166671875 0.31851851875000003 0.7614583328125 0.3009259265625 0.7604166671875 0.2888888890625 0.7552083328125 0.28055555625 0.7541666671875 0.275 0.7598958328125 0.2666666671875 0.7598958328125 0.21203703749999997 0.75625 0.20555555625 0.75 0.20555555625 0.7442708328125 0.21203703749999997 0.7401041671875 0.221296296875 0.7385416671875 0.23240740781250002 0.7401041671875 0.2601851859375 0.7385416671875 0.2759259265625 0.7390625 0.30555555624999997
2 0.7385416671875 0.75648148125 0.7411458328125 0.7731481484375 0.740625 0.7787037031249999 0.7375 0.7824074078125001 0.7395833328125 0.7888888890625 0.7401041671875 0.8101851859375 0.7505208328124999 0.8120370375 0.7578125 0.809259259375 0.759375 0.8055555562500001 0.7583333328124999 0.777777778125 0.7609375 0.7638888890625 0.7598958328125 0.7333333328125 0.7614583328125 0.7101851859375 0.7598958328125 0.5944444437499999 0.7578125 0.5916666671875 0.7427083328124999 0.5916666671875 0.7401041671875 0.5944444437499999 0.7385416671875 0.60648148125 0.7395833328125 0.6379629625 0.7375 0.7240740734375 0.7395833328125 0.7416666671875001 0.7385416671875 0.75648148125
2 0.5526041671875 0.33055555625 0.5630208328124999 0.3490740734375 0.5734375 0.3509259265625 0.5979166671875 0.334259259375 0.6307291671875 0.296296296875 0.6479166671875001 0.25555555625 0.6510416671875 0.2416666671875 0.6515625 0.222222221875 0.6536458328125 0.2166666671875 0.65 0.21111111093749999 0.6473958328125 0.2009259265625 0.6421875 0.2009259265625 0.6369791671875 0.20555555625 0.6015625 0.20555555625 0.5739583328125 0.2101851859375 0.5703125 0.21296296250000002 0.5645833328125 0.2101851859375 0.5526041671875 0.2101851859375 0.5494791671875 0.2138888890625 0.5484375 0.2296296296875 0.5458333328125 0.234259259375 0.546875 0.2370370375 0.5442708328125 0.24351851875000002 0.54375 0.2509259265625 0.54375 0.27870370312500004 0.5458333328125 0.29814814843750004 0.5536458328125 0.32592592656249997 0.5526041671875 0.33055555625
2 0.3557291671875 0.38703703749999996 0.3645833328125 0.4074074078125 0.3692708328125 0.4138888890625 0.3807291671875 0.42592592656250006 0.3984375 0.427777778125 0.4109375 0.42129629687500003 0.421875 0.40277777812500004 0.4265625 0.377777778125 0.4244791671875 0.35648148125 0.425 0.3296296296875 0.4223958328125 0.3166666671875 0.415625 0.30555555624999997 0.40625 0.296296296875 0.3869791671875 0.2898148140625 0.3697916671875 0.29814814843750004 0.3630208328125 0.30740740781250003 0.3567708328125 0.3231481484375 0.353125 0.34444444375 0.3494791671875 0.352777778125 0.3515625 0.3574074078125 0.3557291671875 0.38703703749999996
2 0.2625 0.1601851859375 0.2510416671875 0.16944444375 0.2479166671875 0.175 0.2510416671875 0.17962962968750001 0.2546875 0.18055555625 0.2614583328125 0.196296296875 0.26510416718749996 0.196296296875 0.275 0.20555555625 0.3239583328125 0.209259259375 0.3645833328125 0.20740740781250003 0.384375 0.2009259265625 0.39114583281250004 0.19351851874999998 0.39010416718749996 0.1870370375 0.384375 0.1759259265625 0.384375 0.16851851874999998 0.3776041671875 0.1601851859375 0.37552083281250004 0.1425925921875 0.3802083328125 0.12592592656249998 0.3765625 0.12129629687500001 0.3557291671875 0.1231481484375 0.353125 0.12592592656249998 0.3375 0.12129629687500001 0.3 0.12129629687500001 0.2890625 0.1231481484375 0.2796875 0.13055555624999998 0.27291666718749996 0.127777778125 0.2609375 0.1296296296875 0.2630208328125 0.1351851859375 0.2682291671875 0.13981481406250001 0.2630208328125 0.1490740734375 0.2625 0.1601851859375
2 0.24114583281250002 0.609259259375 0.23854166718749997 0.6148148140624999 0.240625 0.61851851875 0.2375 0.6231481484375 0.24114583281250002 0.652777778125 0.23697916718749998 0.6574074078125001 0.23697916718749998 0.6666666671875 0.23541666718749998 0.66944444375 0.23072916718749997 0.66851851875 0.2296875 0.671296296875 0.22916666718749998 0.68148148125 0.23177083281250002 0.6870370375 0.2520833328125 0.6824074078125 0.25729166718749996 0.6759259265625001 0.2609375 0.675 0.2630208328125 0.66944444375 0.2677083328125 0.66851851875 0.2713541671875 0.6638888890625 0.2979166671875 0.6638888890625 0.2994791671875 0.6666666671875 0.309375 0.66851851875 0.3557291671875 0.66851851875 0.3776041671875 0.6638888890625 0.41770833281249997 0.6620370375 0.4244791671875 0.6666666671875 0.4453125 0.66851851875 0.4557291671875 0.671296296875 0.4583333328125 0.675 0.465625 0.6777777781250001 0.4739583328125 0.6777777781250001 0.47447916718750005 0.66944444375 0.4796875 0.6638888890625 0.4817708328125 0.6574074078125001 0.4890625 0.6638888890625 0.4895833328125 0.66851851875 0.49427083281249995 0.66851851875 0.4953125 0.671296296875 0.4953125 0.6777777781250001 0.49114583281249996 0.6851851859375 0.4869791671875 0.6833333328125 0.4875 0.6944444437499999 0.49375 0.6888888890625 0.49583333281249997 0.6824074078125 0.5119791671875 0.6805555562500001 0.5223958328125 0.6731481484375 0.5255208328125 0.6666666671875 0.5291666671875 0.6666666671875 0.5385416671875001 0.659259259375 0.5385416671875001 0.6425925921875 0.540625 0.6388888890625 0.5401041671875 0.6361111109375 0.5291666671875 0.6296296296875 0.51875 0.627777778125 0.5182291671875 0.621296296875 0.5046875 0.61851851875 0.5020833328125 0.609259259375 0.5052083328125 0.60555555625 0.5447916671875 0.6074074078125 0.5609375 0.6046296296875 0.5901041671875 0.6074074078125 0.5942708328124999 0.6101851859375 0.609375 0.609259259375 0.6119791671875 0.60555555625 0.6125 0.5546296296875 0.6078125 0.525 0.6119791671875 0.5166666671875 0.6182291671875 0.5120370375000001 0.6182291671875 0.49629629687500004 0.6166666671875001 0.48981481406249994 0.6041666671875 0.48703703750000005 0.5947916671875 0.48981481406249994 0.5546875 0.48703703750000005 0.5385416671875001 0.4916666671875 0.5369791671875 0.4888888890625 0.5119791671875 0.48518518593750004 0.44739583281249995 0.48518518593750004 0.4359375 0.4888888890625 0.4140625 0.4888888890625 0.4109375 0.48518518593750004 0.40416666718750005 0.4916666671875 0.3916666671875 0.48518518593750004 0.3786458328125 0.48703703750000005 0.3546875 0.4824074078125 0.3307291671875 0.48425925937500003 0.3244791671875 0.4888888890625 0.31875 0.4888888890625 0.3135416671875 0.4824074078125 0.3078125 0.48055555625 0.2979166671875 0.48425925937500003 0.2598958328125 0.4824074078125 0.25625 0.48518518593750004 0.24114583281250002 0.48518518593750004 0.2390625 0.4879629625 0.2364583328125 0.5074074078125 0.23177083281250002 0.5138888890625 0.23125 0.5296296296875 0.23333333281250002 0.5351851859375001 0.23854166718749997 0.5370370375 0.23958333281250002 0.5416666671875 0.23333333281250002 0.546296296875 0.23072916718749997 0.553703703125 0.23125 0.5879629625 0.23333333281250002 0.6009259265625 0.23802083281250003 0.602777778125 0.24114583281250002 0.609259259375
2 0.2375 0.465625 0.00078125 0.003125
2 0.2442708328125 0.45555555625000005 0.2479166671875 0.4601851859375 0.24895833281250002 0.45555555625000005 0.2442708328125 0.45555555625000005
2 0.2697916671875 0.3611111109375 0.2677083328125 0.384259259375 0.2697916671875 0.4046296296875 0.2671875 0.43055555625 0.259375 0.4370370375 0.2614583328125 0.4703703703125 0.2635416671875 0.47592592656250005 0.26875 0.477777778125 0.3 0.47592592656250005 0.3125 0.459259259375 0.3151041671875 0.4509259265625 0.3234375 0.4388888890625 0.3296875 0.425 0.3333333328125 0.41111111093749997 0.3380208328125 0.40555555625000006 0.3390625 0.39351851875 0.3333333328125 0.375 0.3338541671875 0.35925925937500003 0.3322916671875 0.35555555625 0.33125 0.325 0.3322916671875 0.3120370375 0.3369791671875 0.30555555624999997 0.3390625 0.2888888890625 0.3333333328125 0.284259259375 0.33125 0.2601851859375 0.32864583281250004 0.253703703125 0.3229166671875 0.246296296875 0.3161458328125 0.246296296875 0.3114583328125 0.2416666671875 0.3026041671875 0.22314814843750003 0.2947916671875 0.21203703749999997 0.2713541671875 0.2101851859375 0.26875 0.2166666671875 0.2677083328125 0.23055555625 0.2666666671875 0.2740740734375 0.2708333328125 0.303703703125 0.2682291671875 0.31851851875000003 0.2697916671875 0.3611111109375
2 0.7546875 0.7620370375000001 0.75625 0.7620370375000001 0.7557291671875 0.7601851859375001 0.7546875 0.7620370375000001
2 0.7552083328125 0.75555555625 0.7583333328124999 0.7481481484375 0.7578125 0.73055555625 0.7598958328125 0.7231481484375 0.7598958328125 0.6898148140625 0.7583333328124999 0.6861111109375 0.7598958328125 0.646296296875 0.7578125 0.6259259265625 0.7546875 0.6231481484375 0.753125 0.6296296296875 0.7473958328125 0.6351851859375001 0.7473958328125 0.6398148140625 0.7427083328124999 0.646296296875 0.7401041671875 0.6620370375 0.7401041671875 0.7324074078125 0.7447916671875 0.7490740734375 0.7494791671875001 0.7546296296875 0.7552083328125 0.75555555625
2 0.5510416671875 0.3981481484375 0.5661458328125 0.38240740781250004 0.5765625 0.3796296296875 0.5791666671875 0.3759259265625 0.5786458328124999 0.3731481484375 0.5817708328125 0.371296296875 0.5770833328125 0.3731481484375 0.5760416671875 0.36666666718749996 0.5723958328125 0.3620370375 0.5739583328125 0.3574074078125 0.5671875 0.3574074078125 0.5625 0.3620370375 0.5640625 0.3648148140625 0.5625 0.371296296875 0.5588541671875 0.371296296875 0.5557291671875 0.3620370375 0.5526041671875 0.3620370375 0.5515625 0.36666666718749996 0.5453125 0.36944444375 0.54375 0.377777778125 0.5408854171875 0.371296296875 0.5375 0.371296296875 0.5390625 0.3851851859375 0.5354166671875 0.3851851859375 0.5286458328125 0.396296296875 0.5510416671875 0.3981481484375
2 0.5807291671875 0.3518518515625 0.5791666671875 0.35555555625 0.5833333328125 0.35555555625 0.5817708328125 0.3509259265625 0.5807291671875 0.3518518515625
2 0.43125 0.3638888890625 0.43541666718750005 0.35555555625 0.43177083281249995 0.34444444375 0.43125 0.3518518515625 0.434375 0.352777778125 0.43125 0.3578703703125 0.43125 0.3638888890625
2 0.43828125 0.33828125 0.00078125 0.0015625
2 0.43958333281249995 0.459259259375 0.446875 0.46666666718750005 0.45520833281249995 0.471296296875 0.46875 0.471296296875 0.478125 0.46666666718750005 0.4895833328125 0.46666666718750005 0.5375 0.45277777812500003 0.54375 0.44629629687500005 0.5848958328125 0.42314814843750004 0.5875 0.41851851875 0.5973958328125 0.41203703750000004 0.6010416671875001 0.40555555625000006 0.6104166671875 0.4 0.6145833328125 0.3916666671875 0.6234375 0.384259259375 0.6291666671875 0.36851851875 0.6369791671875 0.3620370375 0.6552083328125 0.33703703749999997 0.6552083328125 0.3166666671875 0.6583333328125 0.309259259375 0.6640625 0.302777778125 0.6625 0.2953703703125 0.6682291671875 0.284259259375 0.6682291671875 0.26851851875 0.6609375 0.2666666671875 0.6572916671875 0.26944444375 0.6557291671875001 0.28148148125 0.6578125 0.2851851859375 0.6567708328124999 0.2916666671875 0.6453125 0.30648148124999997 0.64375 0.3129629625 0.6390625 0.3203703703125 0.6369791671875 0.33148148125 0.6260416671875 0.34444444375 0.6171875 0.3601851859375 0.6036458328125 0.3759259265625 0.5947916671875 0.38055555625 0.5885416671875 0.3916666671875 0.5697916671875001 0.39444444375 0.5635416671875 0.4074074078125 0.55625 0.409259259375 0.55 0.4046296296875 0.5427083328125 0.4166666671875 0.5239583328124999 0.42129629687500003 0.5197916671875 0.427777778125 0.5145833328125 0.4296296296875 0.5125 0.4074074078125 0.5140625 0.40277777812500004 0.5119791671875 0.3981481484375 0.5041666671875 0.40277777812500004 0.49895833281249996 0.396296296875 0.48333333281249996 0.3916666671875 0.48020833281249997 0.4 0.4760416671875 0.4 0.47447916718750005 0.397222221875 0.4760416671875 0.39351851875 0.46666666718750005 0.3888888890625 0.46302083281249995 0.3916666671875 0.45885416718750005 0.3898148140625 0.4546875 0.39351851875 0.45208333281249996 0.3916666671875 0.4505208328125 0.38333333281250004 0.4458333328125 0.377777778125 0.43854166718750004 0.377777778125 0.4348958328125 0.384259259375 0.43125 0.3861111109375 0.42864583281249996 0.3916666671875 0.4291666671875 0.425 0.43125 0.44166666718750003 0.43958333281249995 0.459259259375
2 0.47552083281249996 0.20740740781250003 0.4973958328125 0.2046296296875 0.5161458328124999 0.2009259265625 0.5229166671875001 0.1916666671875 0.5223958328125 0.1824074078125 0.5166666671875 0.177777778125 0.5057291671875 0.1759259265625 0.503125 0.17314814843749998 0.4921875 0.17314814843749998 0.4875 0.16851851874999998 0.415625 0.17314814843749998 0.403125 0.1759259265625 0.39375 0.18148148125000002 0.39375 0.1916666671875 0.4 0.2009259265625 0.42395833281249995 0.20555555625 0.47552083281249996 0.20740740781250003
2 0.5119791671875 0.477777778125 0.5130208328125 0.46666666718750005 0.5119791671875 0.4601851859375 0.5083333328124999 0.4601851859375 0.4895833328125 0.46666666718750005 0.4875 0.471296296875 0.4869791671875 0.4731481484375 0.49010416718750005 0.47592592656250005 0.5072916671875001 0.4796296296875 0.5119791671875 0.477777778125
2 0.5125 0.43055555625 0.51875 0.425 0.5197916671875 0.4138888890625 0.5161458328124999 0.4074074078125 0.5067708328125 0.4074074078125 0.48072916718750003 0.4166666671875 0.48072916718750003 0.4296296296875 0.478125 0.4379629625 0.49114583281249996 0.4388888890625 0.5125 0.43055555625
2 0.44166666718750003 0.3796296296875 0.4375 0.3731481484375 0.4375 0.38055555625 0.4390625 0.3759259265625 0.440625 0.38055555625 0.44166666718750003 0.3796296296875
2 0.43854166718750004 0.35555555625 0.43541666718750005 0.34444444375 0.4348958328125 0.3490740734375 0.4302083328125 0.353703703125 0.43125 0.3648148140625 0.434375 0.3638888890625 0.4369791671875 0.352777778125 0.43854166718750004 0.35555555625
2 0.5307291671875001 0.33703703749999997 0.5255208328125 0.33888888906250003 0.525 0.3416666671875 0.5276041671875 0.34351851875 0.5307291671875001 0.3416666671875 0.5307291671875001 0.33703703749999997
2 0.4765625 0.39351851875 0.484375 0.39351851875 0.4869791671875 0.3898148140625 0.5010416671875 0.3888888890625 0.5036458328125 0.3851851859375 0.5088541671875 0.3851851859375 0.5151041671875001 0.3759259265625 0.5177083328125 0.3759259265625 0.51875 0.371296296875 0.5291666671875 0.371296296875 0.5354166671875 0.3648148140625 0.53125 0.3601851859375 0.515625 0.35555555625 0.5114583328125 0.33148148125 0.5161458328124999 0.3240740734375 0.51875 0.3138888890625 0.51875 0.30740740781250003 0.5145833328125 0.302777778125 0.5177083328125 0.29444444375 0.5161458328124999 0.28796296250000003 0.5270833328125 0.2796296296875 0.5239583328124999 0.2703703703125 0.525 0.25555555625 0.51875 0.2601851859375 0.5182291671875 0.25740740781250004 0.5140625 0.25555555625 0.5119791671875 0.2453703703125 0.51875 0.2416666671875 0.5197916671875 0.23611111093749998 0.525 0.22777777812500002 0.5291666671875 0.22777777812500002 0.5307291671875001 0.225 0.5302083328125 0.21203703749999997 0.4895833328125 0.20740740781250003 0.48333333281249996 0.21203703749999997 0.4848958328125 0.222222221875 0.48229166718750005 0.2388888890625 0.48229166718750005 0.3601851859375 0.484375 0.3851851859375 0.4765625 0.3898148140625 0.4765625 0.39351851875
2 0.27395833281250004 0.20277777812500003 0.2859375 0.20740740781250003 0.3390625 0.2101851859375 0.3802083328125 0.20277777812500003 0.39114583281250004 0.19444444375 0.39114583281250004 0.1898148140625 0.3869791671875 0.1824074078125 0.3697916671875 0.1759259265625 0.3515625 0.1759259265625 0.3494791671875 0.17314814843749998 0.2911458328125 0.17314814843749998 0.2723958328125 0.177777778125 0.26614583281250004 0.177777778125 0.2645833328125 0.1740740734375 0.25833333281250004 0.1759259265625 0.2578125 0.1888888890625 0.2630208328125 0.196296296875 0.2677083328125 0.196296296875 0.27395833281250004 0.20277777812500003
2 0.5703125 0.5796296296875 0.5700520828125 0.5759259265625001 0.5671875 0.5759259265625001 0.5671875 0.5824074078125 0.5739583328125 0.577777778125 0.5729166671875 0.5759259265625001 0.5703125 0.5796296296875
2 0.5786458328124999 0.5759259265625001 0.575 0.577777778125 0.5854166671875001 0.577777778125 0.5848958328125 0.5740740734374999 0.5786458328124999 0.5759259265625001
2 0.6026041671875 0.5731481484375001 0.6005208328125 0.5731481484375001 0.6010416671875001 0.577777778125 0.6041666671875 0.577777778125 0.6026041671875 0.5731481484375001
2 0.45625 0.55 0.46302083281249995 0.546296296875 0.4848958328125 0.5481481484375 0.48645833281249995 0.5425925921875 0.48854166718750003 0.54351851875 0.48854166718750003 0.5481481484375 0.49010416718750005 0.546296296875 0.47864583281249995 0.51851851875 0.4739583328125 0.5166666671875 0.46979166718750004 0.5074074078125 0.4682291671875 0.5120370375000001 0.46458333281249997 0.5138888890625 0.4614583328125 0.5101851859375001 0.4604166671875 0.5046296296875 0.45625 0.5046296296875 0.45416666718750004 0.5101851859375001 0.45 0.5120370375000001 0.4447916671875 0.521296296875 0.44166666718750003 0.5351851859375001 0.44114583281249997 0.5425925921875 0.44322916718750005 0.5509259265625001 0.44895833281249997 0.5481481484375 0.45625 0.55
2 0.4682291671875 0.4916666671875 0.48333333281249996 0.4981481484375 0.49114583281249996 0.49351851875 0.4947916671875 0.4981481484375 0.49375 0.5009259265625 0.49895833281249996 0.5009259265625 0.5130208328125 0.5166666671875 0.5171875 0.5259259265625 0.51875 0.540740740625 0.5213541671875 0.54351851875 0.5203125 0.546296296875 0.53125 0.5509259265625001 0.5421875 0.5509259265625001 0.5505208328125 0.546296296875 0.565625 0.546296296875 0.5786458328124999 0.5509259265625001 0.5848958328125 0.5509259265625001 0.5869791671875 0.5481481484375 0.609375 0.55 0.6098958328124999 0.54351851875 0.6072916671875 0.5379629625 0.6078125 0.5231481484375 0.6114583328125 0.5166666671875 0.6171875 0.5148148140625 0.61875 0.509259259375 0.61875 0.49629629687500004 0.6171875 0.4916666671875 0.6072916671875 0.48703703750000005 0.5604166671875 0.4888888890625 0.5151041671875001 0.4824074078125 0.5067708328125 0.48518518593750004 0.48802083281249997 0.4824074078125 0.4557291671875 0.48518518593750004 0.4546875 0.4888888890625 0.45625 0.4981481484375 0.4614583328125 0.4981481484375 0.4682291671875 0.4916666671875
2 0.234375 0.25390625 0.00078125 0.003125
2 0.2359375 0.3101851859375 0.2375 0.3166666671875 0.23854166718749997 0.34444444375 0.2375 0.352777778125 0.2427083328125 0.3888888890625 0.24375 0.415740740625 0.24583333281250003 0.425 0.2510416671875 0.43240740781250003 0.2598958328125 0.43240740781250003 0.26614583281250004 0.427777778125 0.2677083328125 0.4166666671875 0.2666666671875 0.3740740734375 0.2682291671875 0.35925925937500003 0.26875 0.309259259375 0.2671875 0.2888888890625 0.2625 0.2638888890625 0.2645833328125 0.24444444375000002 0.2625 0.2148148140625 0.2552083328125 0.1981481484375 0.25 0.196296296875 0.24583333281250003 0.1981481484375 0.24375 0.20277777812500003 0.2421875 0.22407407343750002 0.23697916718749998 0.2259259265625 0.23802083281250003 0.24722222187499998 0.2359375 0.2509259265625 0.23802083281250003 0.2546296296875 0.234375 0.2638888890625 0.23802083281250003 0.271296296875 0.23333333281250002 0.2916666671875 0.23697916718749998 0.3 0.2359375 0.3101851859375
2 0.75703125 0.790625 0.00078125 0.003125
2 0.7494791671875001 0.7916666671875 0.7520833328125 0.7851851859375001 0.7557291671875 0.7824074078125001 0.7546875 0.7805555562500001 0.7526041671875 0.784259259375 0.7519098953125 0.7805555562500001 0.7463541671875 0.7805555562500001 0.74375 0.7824074078125001 0.7463541671875 0.7851851859375001 0.7453125 0.7916666671875 0.7494791671875001 0.7916666671875
2 0.7375 0.23148148124999998 0.7333333328125 0.2416666671875 0.7375 0.24444444375000002 0.7390625 0.259259259375 0.7375 0.2796296296875 0.7348958328124999 0.28055555625 0.7348958328124999 0.28611111093749997 0.7375 0.28796296250000003 0.7375 0.29351851875 0.7333333328125 0.296296296875 0.7375 0.3 0.7375 0.3046296296875 0.7354166671875 0.30555555624999997 0.7380208328125 0.309259259375 0.7395833328125 0.3231481484375 0.746875 0.3333333328125 0.7453125 0.33888888906250003 0.7484375 0.3481481484375 0.7453125 0.3509259265625 0.7453125 0.35555555625 0.7427083328124999 0.3583333328125 0.7432291671875 0.3620370375 0.7401041671875 0.3648148140625 0.7385416671875 0.3916666671875 0.7411458328125 0.43333333281249997 0.7385416671875 0.46481481406249997 0.7401041671875 0.5490740734374999 0.7390625 0.7259259265625 0.7458333328125 0.7638888890625 0.7557291671875 0.7740740734375 0.7578125 0.7731481484375 0.7598958328125 0.7638888890625 0.759375 0.73055555625 0.7614583328125 0.6851851859375 0.7598958328125 0.60555555625 0.7614583328125 0.5555555562500001 0.7604166671875 0.5398148140625 0.7619791671875 0.527777778125 0.7619791671875 0.425 0.7604166671875 0.36851851875 0.75625 0.3481481484375 0.759375 0.3351851859375 0.7614583328125 0.302777778125 0.759375 0.284259259375 0.7552083328125 0.27777777812500004 0.7598958328125 0.2666666671875 0.7604166671875 0.21851851875 0.759375 0.20740740781250003 0.7515625 0.2009259265625 0.7401041671875 0.20740740781250003 0.7369791671875 0.21574074062499998 0.7333333328125 0.21944444375 0.7333333328125 0.22407407343750002 0.7375 0.23148148124999998
2 0.5140625 0.6824074078125 0.51875 0.6759259265625001 0.5223958328125 0.675 0.5244791671875 0.66944444375 0.5364583328125 0.659259259375 0.5390625 0.6481481484375 0.5364583328125 0.6361111109375 0.5328125 0.63055555625 0.525 0.6259259265625 0.5 0.6259259265625 0.5 0.6351851859375001 0.496875 0.6416666671875 0.4984375 0.6611111109375 0.49427083281249995 0.6824074078125 0.5036458328125 0.684259259375 0.5140625 0.6824074078125
2 0.2901041671875 0.6648148140625 0.2979166671875 0.66851851875 0.3421875 0.66944444375 0.3947916671875 0.6648148140625 0.4057291671875 0.6666666671875 0.41197916718750005 0.6620370375 0.41770833281249997 0.6620370375 0.4270833328125 0.66851851875 0.4380208328125 0.66851851875 0.4661458328125 0.6796296296875 0.4739583328125 0.6759259265625001 0.4770833328125 0.63055555625 0.47552083281249996 0.621296296875 0.47083333281249995 0.61944444375 0.44375 0.621296296875 0.44114583281249997 0.61851851875 0.42760416718750005 0.61851851875 0.4135416671875 0.6138888890625 0.3307291671875 0.6101851859375 0.3270833328125 0.6074074078125 0.28125 0.60555555625 0.27291666718749996 0.602777778125 0.2619791671875 0.60555555625 0.2557291671875 0.621296296875 0.2557291671875 0.652777778125 0.2630208328125 0.6620370375 0.2713541671875 0.6648148140625 0.2901041671875 0.6648148140625
2 0.29375 0.5574074078125 0.29453125 0.5527777781250001 0.2971354171875 0.5555555562500001 0.2984375 0.5509259265625001 0.3 0.5555555562500001 0.3015625 0.5509259265625001 0.3078125 0.55 0.3036458328125 0.5416666671875 0.3 0.54351851875 0.2984375 0.5490740734374999 0.2916666671875 0.5527777781250001 0.2916666671875 0.5555555562500001 0.29375 0.5574074078125
2 0.7432291671875 0.5555555562500001 0.7401041671875 0.5601851859375 0.7401041671875 0.584259259375 0.7427083328124999 0.5888888890625 0.7557291671875 0.5898148140624999 0.759375 0.584259259375 0.7583333328124999 0.5731481484375001 0.7598958328125 0.5666666671875 0.759375 0.540740740625 0.7614583328125 0.527777778125 0.7619791671875 0.49351851875 0.7609375 0.4138888890625 0.7578125 0.40092592656250003 0.7458333328125 0.4175925921875 0.7401041671875 0.4481481484375 0.7390625 0.527777778125 0.7401041671875 0.54351851875 0.7432291671875 0.5509259265625001 0.7432291671875 0.5555555562500001
2 0.5447916671875 0.6861111109375 0.5453125 0.73148148125 0.5458333328125 0.7416666671875001 0.5484375 0.7490740734375 0.5484375 0.75555555625 0.5458333328125 0.7620370375000001 0.5458333328125 0.796296296875 0.5484375 0.8074074078125 0.5526041671875 0.8101851859375 0.5640625 0.809259259375 0.5703125 0.8055555562500001 0.5989583328125 0.8101851859375 0.6203125 0.8074074078125 0.6489583328124999 0.8074074078125 0.6541666671875 0.8101851859375 0.6609375 0.8046296296875 0.6645833328124999 0.7870370375 0.6630208328125 0.7629629625 0.6645833328124999 0.7120370375 0.6625 0.6972222218749999 0.6625 0.6879629625 0.6645833328124999 0.6805555562500001 0.6640625 0.6481481484375 0.6625 0.640740740625 0.6640625 0.6324074078125 0.6640625 0.6148148140624999 0.6609375 0.6009259265625 0.6572916671875 0.5981481484375 0.6197916671875 0.5981481484375 0.6145833328125 0.602777778125 0.6104166671875 0.6120370375 0.6036458328125 0.6138888890625 0.5526041671875 0.6120370375 0.55 0.6138888890625 0.5473958328124999 0.6268518515625 0.5479166671875 0.6370370375000001 0.5458333328125 0.6416666671875 0.5458333328125 0.6574074078125001 0.5473958328124999 0.6638888890625 0.5453125 0.66944444375 0.5447916671875 0.6861111109375
2 0.484375 0.425 0.48072916718750003 0.41944444374999995 0.46770833281249996 0.42129629687500003 0.4546875 0.4166666671875 0.4484375 0.41851851875 0.44895833281249997 0.4370370375 0.45520833281249995 0.44166666718750003 0.484375 0.4370370375 0.484375 0.425
2 0.44427083281249996 0.31944444375000003 0.44427083281249996 0.334259259375 0.4458333328125 0.33703703749999997 0.4447916671875 0.3611111109375 0.446875 0.3648148140625 0.44895833281249997 0.3796296296875 0.45885416718750005 0.3888888890625 0.47447916718750005 0.3916666671875 0.484375 0.38703703749999996 0.48541666718750004 0.34351851875 0.4828125 0.328703703125 0.4828125 0.22407407343750002 0.4770833328125 0.21944444375 0.4479166671875 0.221296296875 0.446875 0.2398148140625 0.4447916671875 0.246296296875 0.446875 0.2638888890625 0.4458333328125 0.2916666671875 0.44739583281249995 0.29444444375 0.44427083281249996 0.31944444375000003
2 0.5067708328125 0.1296296296875 0.515625 0.13055555624999998 0.51875 0.12592592656249998 0.5171875 0.12129629687500001 0.5135416671875 0.12129629687500001 0.5104166671875 0.127777778125 0.509375 0.1231481484375 0.50625 0.1231481484375 0.5067708328125 0.1296296296875
2 0.4010416671875 0.15648148125 0.3973958328125 0.1620370375 0.3942708328125 0.1620370375 0.3932291671875 0.165740740625 0.3953125 0.1740740734375 0.3932291671875 0.18148148125000002 0.3932291671875 0.190740740625 0.40052083281249995 0.2009259265625 0.44427083281249996 0.20740740781250003 0.4796875 0.20740740781250003 0.5161458328124999 0.2009259265625 0.5234375 0.1916666671875 0.5234375 0.184259259375 0.5197916671875 0.175 0.5234375 0.171296296875 0.5229166671875001 0.1666666671875 0.5119791671875 0.15925925937500002 0.5078125 0.14351851875 0.5020833328125 0.1416666671875 0.4973958328125 0.134259259375 0.503125 0.12592592656249998 0.503125 0.1231481484375 0.5 0.1231481484375 0.49583333281249997 0.13148148125 0.49322916718750004 0.1231481484375 0.4625 0.1166666671875 0.43177083281249995 0.11944444375 0.42291666718750004 0.12592592656249998 0.41197916718750005 0.1231481484375 0.39375 0.12407407343750002 0.3953125 0.1296296296875 0.40052083281249995 0.134259259375 0.40208333281249997 0.1425925921875 0.4010416671875 0.15648148125
2 0.5359375 0.1601851859375 0.540625 0.15277777812499999 0.5395833328124999 0.1425925921875 0.5411458328125 0.13888888906250002 0.5364583328125 0.1231481484375 0.5239583328124999 0.1231481484375 0.51875 0.1324074078125 0.5125 0.1361111109375 0.5119791671875 0.15277777812499999 0.51875 0.1620370375 0.5291666671875 0.16388888906250001 0.5359375 0.1601851859375
2 0.6640625 0.3398148140625 0.6614583328125 0.33055555625 0.6578125 0.32685185156249996 0.6609375 0.3231481484375 0.6598958328125 0.3166666671875 0.65625 0.3148148140625 0.6541666671875 0.3231481484375 0.6515625 0.3166666671875 0.6546875 0.32592592656249997 0.6536458328125 0.334259259375 0.6489583328124999 0.3379629625 0.6432291671875 0.3546296296875 0.6375 0.3574074078125 0.6322916671875001 0.365740740625 0.63125 0.3731481484375 0.6604166671875 0.3731481484375 0.6635416671875001 0.3620370375 0.6640625 0.3398148140625
2 0.54375 0.2675925921875 0.5385416671875001 0.27777777812500004 0.5432291671875 0.28148148125 0.5453125 0.3009259265625 0.5484375 0.3083333328125 0.5458333328125 0.3148148140625 0.546875 0.31944444375000003 0.5447916671875 0.33888888906250003 0.5473958328124999 0.3620370375 0.5572916671875 0.3638888890625 0.5677083328125 0.35555555625 0.5859375 0.35555555625 0.5875 0.3601851859375 0.5927083328125 0.3620370375 0.5921875 0.36851851875 0.5942708328124999 0.371296296875 0.6052083328125 0.371296296875 0.609375 0.36851851875 0.6223958328125 0.3509259265625 0.6244791671875001 0.3398148140625 0.6213541671875 0.33703703749999997 0.6135416671875 0.33703703749999997 0.6114583328125 0.3416666671875 0.6109375 0.33703703749999997 0.6067708328125 0.33148148125 0.6192708328125 0.32777777812500003 0.6223958328125 0.3240740734375 0.6260416671875 0.32777777812500003 0.6317708328125 0.3166666671875 0.6333333328124999 0.321296296875 0.63125 0.3101851859375 0.6359375 0.3018518515625 0.6427083328125 0.3 0.6447916671875 0.29351851875 0.6432291671875 0.28796296250000003 0.6473958328125 0.2870370375 0.6494791671875 0.2768518515625 0.6552083328125 0.271296296875 0.6557291671875001 0.2611111109375 0.6609375 0.2509259265625 0.6609375 0.24814814843750002 0.6572916671875 0.25 0.6567708328124999 0.2453703703125 0.659375 0.2388888890625 0.6635416671875001 0.23518518593749999 0.6640625 0.22870370312500002 0.6671875 0.2259259265625 0.6671875 0.2148148140625 0.665625 0.21203703749999997 0.6666666671875 0.20555555625 0.6640625 0.20277777812500003 0.6572916671875 0.20555555625 0.6541666671875 0.21203703749999997 0.6489583328124999 0.20277777812500003 0.6395833328125 0.20277777812500003 0.6369791671875 0.20555555625 0.5875 0.20740740781250003 0.5822916671875 0.2101851859375 0.5604166671875 0.20740740781250003 0.5479166671875 0.21203703749999997 0.5494791671875 0.21944444375 0.5479166671875 0.24351851875000002 0.5447916671875 0.24814814843750002 0.54375 0.2675925921875
2 0.55625 0.4046296296875 0.5604166671875 0.40092592656250003 0.5567708328125 0.4 0.55625 0.4046296296875
2 0.5911458328125 0.38240740781250004 0.5822916671875 0.38240740781250004 0.5786458328124999 0.3888888890625 0.5796875 0.3916666671875 0.5848958328125 0.3916666671875 0.5911458328125 0.38240740781250004
2 0.6197916671875 0.49351851875 0.6192708328125 0.5129629625 0.6166666671875001 0.51851851875 0.6125 0.51944444375 0.6104166671875 0.5268518515625 0.6135416671875 0.546296296875 0.6151041671875 0.5851851859375 0.6197916671875 0.5916666671875 0.6583333328125 0.5916666671875 0.6614583328125 0.5888888890625 0.665625 0.571296296875 0.6625 0.5453703703125 0.665625 0.4916666671875 0.665625 0.46666666718750005 0.6625 0.43981481406249995 0.6640625 0.43055555625 0.6630208328125 0.4175925921875 0.665625 0.40277777812500004 0.6614583328125 0.38055555625 0.6526041671875 0.377777778125 0.6317708328125 0.377777778125 0.6270833328125 0.38055555625 0.6182291671875 0.3888888890625 0.6182291671875 0.3916666671875 0.6114583328125 0.40092592656250003 0.6067708328125 0.40277777812500004 0.596875 0.4138888890625 0.5765625 0.427777778125 0.5697916671875001 0.43518518593750005 0.55 0.44444444375 0.5442708328125 0.45370370312499997 0.5432291671875 0.477777778125 0.5484375 0.48425925937500003 0.6177083328124999 0.48703703750000005 0.6197916671875 0.49351851875
2 0.47447916718750005 0.47592592656250005 0.48072916718750003 0.47592592656250005 0.48072916718750003 0.4731481484375 0.47447916718750005 0.47592592656250005
2 0.47239583281249997 0.47407407343749997 0.46770833281249996 0.47592592656250005 0.47447916718750005 0.47592592656250005 0.47239583281249997 0.47407407343749997
2 0.48359375 0.3515625 0.0015625 0.0015625
2 0.48046875 0.25703125 0.00078125 0.00390625
2 0.3203125 0.25390625 0.00078125 0.003125
2 0.3671875 0.2138888890625 0.3552083328125 0.2148148140625 0.35 0.21851851875 0.3473958328125 0.2148148140625 0.3390625 0.21203703749999997 0.33645833281250004 0.21851851875 0.3369791671875 0.22777777812500002 0.32864583281250004 0.22777777812500002 0.3302083328125 0.22314814843750003 0.3260416671875 0.2166666671875 0.3161458328125 0.21851851875 0.3098958328125 0.2166666671875 0.3083333328125 0.21203703749999997 0.3067708328125 0.21574074062499998 0.30520833281250004 0.21203703749999997 0.3067708328125 0.22314814843750003 0.3135416671875 0.23055555625 0.3151041671875 0.22777777812500002 0.31979166718749996 0.22777777812500002 0.3291666671875 0.23518518593749999 0.3270833328125 0.2370370375 0.3265625 0.24351851875000002 0.3234375 0.24351851875000002 0.3229166671875 0.24907407343750002 0.33125 0.259259259375 0.3328125 0.26944444375 0.33125 0.28148148125 0.3328125 0.3046296296875 0.3291666671875 0.32592592656249997 0.3333333328125 0.34722222187499996 0.3302083328125 0.3648148140625 0.3307291671875 0.3768518515625 0.3333333328125 0.39351851875 0.3395833328125 0.40092592656250003 0.3385416671875 0.40555555625000006 0.3328125 0.41203703750000004 0.3302083328125 0.42592592656250006 0.3265625 0.42592592656250006 0.3234375 0.43518518593750005 0.3177083328125 0.44166666718750003 0.3177083328125 0.44629629687500005 0.3125 0.447222221875 0.3098958328125 0.45555555625000005 0.3104166671875 0.46666666718750005 0.30625 0.47222222187499996 0.3078125 0.47592592656250005 0.3416666671875 0.4796296296875 0.3526041671875 0.477777778125 0.3630208328125 0.48055555625 0.384375 0.48055555625 0.3859375 0.477777778125 0.39375 0.48055555625 0.4427083328125 0.48055555625 0.4479166671875 0.477777778125 0.4526041671875 0.4796296296875 0.4546875 0.475 0.45625 0.477777778125 0.45729166718750003 0.47592592656250005 0.4479166671875 0.46851851875 0.44427083281249996 0.46851851875 0.43333333281249997 0.45 0.42760416718750005 0.44444444375 0.4291666671875 0.44166666718750003 0.42864583281249996 0.43055555625 0.42604166718750003 0.4240740734375 0.425 0.4046296296875 0.425 0.3851851859375 0.42760416718750005 0.371296296875 0.42395833281249995 0.36851851875 0.42604166718750003 0.32685185156249996 0.43125 0.31851851875000003 0.44375 0.321296296875 0.4479166671875 0.3138888890625 0.4484375 0.3083333328125 0.45104166718750005 0.30740740781250003 0.4505208328125 0.302777778125 0.459375 0.290740740625 0.4625 0.296296296875 0.4583333328125 0.30555555624999997 0.4604166671875 0.3101851859375 0.45885416718750005 0.3166666671875 0.46302083281249995 0.31851851875000003 0.465625 0.309259259375 0.46979166718750004 0.3120370375 0.4682291671875 0.30555555624999997 0.4703125 0.303703703125 0.46875 0.3009259265625 0.47083333281249995 0.296296296875 0.4703125 0.2916666671875 0.4674479171875 0.2916666671875 0.4671875 0.296296296875 0.46458333281249997 0.296296296875 0.46302083281249995 0.2824074078125 0.45885416718750005 0.2870370375 0.4557291671875 0.2824074078125 0.45104166718750005 0.2824074078125 0.44739583281249995 0.2759259265625 0.4479166671875 0.271296296875 0.4447916671875 0.2601851859375 0.44427083281249996 0.2518518515625 0.446875 0.24444444375000002 0.4447916671875 0.234259259375 0.4505208328125 0.2259259265625 0.4604166671875 0.2259259265625 0.4625 0.2296296296875 0.46666666718750005 0.2259259265625 0.47447916718750005 0.2259259265625 0.4760416671875 0.22314814843750003 0.48072916718750003 0.2259259265625 0.4828125 0.2138888890625 0.48072916718750003 0.2101851859375 0.4625 0.2101851859375 0.4546875 0.21203703749999997 0.4453125 0.221296296875 0.44322916718750005 0.21851851875 0.44322916718750005 0.21203703749999997 0.4291666671875 0.21203703749999997 0.425 0.209259259375 0.4223958328125 0.2138888890625 0.42083333281249996 0.21203703749999997 0.42161458281249997 0.209259259375 0.4125 0.209259259375 0.40989583281249997 0.21296296250000002 0.4078125 0.20740740781250003 0.40416666718750005 0.20740740781250003 0.39010416718749996 0.2101851859375 0.38333333281250004 0.2166666671875 0.3739583328125 0.21851851875 0.3671875 0.2138888890625
2 0.7578125 0.7666666671875 0.7609375 0.7101851859375 0.7609375 0.646296296875 0.759375 0.634259259375 0.7598958328125 0.61851851875 0.7583333328124999 0.6120370375 0.759375 0.6 0.7578125 0.5944444437499999 0.7453125 0.5935185187500001 0.7401041671875 0.6009259265625 0.7395833328125 0.60648148125 0.7385416671875 0.7166666671875 0.7401041671875 0.7370370375 0.7484375 0.7620370375000001 0.7578125 0.7666666671875
2 0.2619791671875 0.1601851859375 0.2546875 0.1648148140625 0.2484375 0.1740740734375 0.259375 0.1861111109375 0.2619791671875 0.19351851874999998 0.275 0.20277777812500003 0.2958333328125 0.20740740781250003 0.3625 0.20740740781250003 0.3729166671875 0.20277777812500003 0.3802083328125 0.20277777812500003 0.3890625 0.19444444375 0.3859375 0.1851851859375 0.38333333281250004 0.184259259375 0.3807291671875 0.178703703125 0.384375 0.1740740734375 0.3854166671875 0.16851851874999998 0.3828125 0.1611111109375 0.3848958328125 0.1574074078125 0.3807291671875 0.15092592656249998 0.3791666671875 0.1425925921875 0.3817708328125 0.12592592656249998 0.3786458328125 0.12129629687500001 0.3723958328125 0.11944444375 0.3567708328125 0.1231481484375 0.3385416671875 0.1231481484375 0.3135416671875 0.11944444375 0.28958333281250004 0.1231481484375 0.2838541671875 0.127777778125 0.275 0.127777778125 0.2671875 0.1231481484375 0.25729166718749996 0.1231481484375 0.2557291671875 0.12592592656249998 0.25625 0.1324074078125 0.2604166671875 0.1361111109375 0.2619791671875 0.1416666671875 0.2619791671875 0.1601851859375
2 0.39010416718749996 0.16944444375 0.3942708328125 0.177777778125 0.3927083328125 0.1870370375 0.40052083281249995 0.2 0.4265625 0.20555555625 0.4848958328125 0.20555555625 0.4890625 0.20277777812500003 0.5161458328124999 0.2 0.5229166671875001 0.19351851874999998 0.5239583328124999 0.1898148140625 0.5234375 0.1824074078125 0.5208333328125 0.1768518515625 0.5244791671875 0.171296296875 0.5244791671875 0.16388888906250001 0.5203125 0.1601851859375 0.5171875 0.140740740625 0.5197916671875 0.1231481484375 0.51875 0.12129629687500001 0.4875 0.12222222187500001 0.46875 0.1166666671875 0.4484375 0.1166666671875 0.43072916718750004 0.11944444375 0.425 0.1231481484375 0.3932291671875 0.12129629687500001 0.39114583281250004 0.1268518515625 0.3869791671875 0.1296296296875 0.39375 0.15277777812499999 0.39010416718749996 0.16944444375
2 0.5380208328125 0.15 0.53125 0.1629629625 0.5291666671875 0.171296296875 0.5302083328125 0.177777778125 0.5270833328125 0.1833333328125 0.5276041671875 0.1916666671875 0.5307291671875001 0.196296296875 0.5578125 0.20555555625 0.5963541671875 0.20555555625 0.6083333328125 0.20277777812500003 0.634375 0.20277777812500003 0.6541666671875 0.19351851874999998 0.65625 0.1888888890625 0.65625 0.1759259265625 0.6609375 0.171296296875 0.6619791671875 0.16388888906250001 0.6604166671875 0.1601851859375 0.6505208328125 0.15555555625 0.65 0.147222221875 0.6609375 0.1416666671875 0.6598958328125 0.1324074078125 0.665625 0.1231481484375 0.6614583328125 0.11851851875 0.6286458328125 0.12129629687500001 0.6135416671875 0.1148148140625 0.5942708328124999 0.1148148140625 0.5677083328125 0.12129629687500001 0.5375 0.11851851875 0.5291666671875 0.12592592656249998 0.5307291671875001 0.13055555624999998 0.5364583328125 0.13055555624999998 0.5380208328125 0.1361111109375 0.5380208328125 0.15
2 0.5911458328125 0.20555555625 0.634375 0.20277777812500003 0.6427083328125 0.2 0.6546875 0.1916666671875 0.65625 0.1824074078125 0.6541666671875 0.177777778125 0.6447916671875 0.1759259265625 0.6432291671875 0.17314814843749998 0.6317708328125 0.17314814843749998 0.6270833328125 0.16944444375 0.58125 0.16851851874999998 0.5416666671875 0.17314814843749998 0.528125 0.184259259375 0.5276041671875 0.1888888890625 0.53125 0.196296296875 0.5447916671875 0.20277777812500003 0.5911458328125 0.20555555625
2 0.39375 0.26851851875 0.3869791671875 0.26203703749999996 0.3864583328125 0.272222221875 0.39010416718749996 0.284259259375 0.39375 0.27777777812500004 0.39375 0.26851851875
2 0.42083333281249996 0.252777778125 0.42083333281249996 0.25555555625 0.42395833281249995 0.25740740781250004 0.42291666718750004 0.2638888890625 0.4192708328125 0.26944444375 0.41614583281249995 0.28055555625 0.4088541671875 0.2916666671875 0.41041666718750003 0.29814814843750004 0.4145833328125 0.3 0.42083333281249996 0.29351851875 0.425 0.2851851859375 0.42760416718750005 0.26851851875 0.44375 0.23240740781250002 0.4453125 0.22314814843750003 0.45416666718750004 0.2138888890625 0.45520833281249995 0.2101851859375 0.4536458328125 0.20740740781250003 0.45208333281249996 0.2138888890625 0.44947916718750003 0.20740740781250003 0.43854166718750004 0.21851851875 0.4348958328125 0.2101851859375 0.43072916718750004 0.21203703749999997 0.4348958328125 0.22314814843750003 0.434375 0.2296296296875 0.42864583281249996 0.246296296875 0.42083333281249996 0.252777778125
2 0.9510416671874999 0.7101851859375 0.95625 0.7101851859375 0.9546875 0.709259259375 0.9510416671874999 0.7101851859375
2 0.9380208328125 0.7111111109375 0.9416666671874999 0.7120370375 0.9411458328125001 0.709259259375 0.9380208328125 0.7111111109375
2 0.9994791671875 0.7231481484375 0.9994791671875 0.70555555625 0.9901041671874999 0.696296296875 0.9786458328125001 0.6981481484375001 0.9708333328125001 0.702777778125 0.9666666671874999 0.709259259375 0.9625 0.7101851859375 0.9598958328125 0.7166666671875 0.95 0.7212962968750001 0.9494791671874999 0.7231481484375 0.9598958328125 0.7212962968750001 0.9744791671874999 0.727777778125 0.9994791671875 0.7231481484375
2 0.7442708328125 0.5388888890625 0.7510416671875 0.5398148140625 0.759375 0.5333333328125 0.7609375 0.527777778125 0.7614583328125 0.427777778125 0.759375 0.4074074078125 0.7567708328125 0.40555555625000006 0.7505208328124999 0.41018518593750003 0.7484375 0.41851851875 0.7432291671875 0.427777778125 0.7411458328125 0.4601851859375 0.7390625 0.46851851875 0.7395833328125 0.525 0.7442708328125 0.5388888890625
2 0.1953125 0.8481481484375 0.1963541671875 0.8444444437499999 0.1890625 0.8416666671874999 0.18802083281249998 0.8370370375 0.1885416671875 0.8462962968750001 0.1911458328125 0.8462962968750001 0.1916666671875 0.8435185187500001 0.1953125 0.8481481484375
2 0.20572916718749998 0.321296296875 0.20416666718749998 0.3509259265625 0.20572916718749998 0.4046296296875 0.2036458328125 0.46851851875 0.20572916718749998 0.4824074078125 0.20572916718749998 0.7601851859375001 0.2036458328125 0.772222221875 0.20729166718749997 0.7861111109375 0.20572916718749998 0.797222221875 0.2046875 0.847222221875 0.2052083328125 0.922222221875 0.20625 0.9296296296875 0.21614583281250002 0.9481481484375 0.2208333328125 0.9620370375 0.22395833281250002 0.9666666671874999 0.29375 0.9666666671874999 0.3 0.9574074078124999 0.3010416671875 0.9481481484375 0.3104166671875 0.9259259265625 0.3328125 0.9231481484374999 0.3682291671875 0.9259259265625 0.3796875 0.9231481484374999 0.45677083281249997 0.9231481484374999 0.48854166718750003 0.9259259265625 0.5041666671875 0.965740740625 0.5109375 0.9685185187500001 0.7223958328125 0.9666666671874999 0.7390625 0.952777778125 0.7447916671875 0.9509259265625 0.7536458328125 0.9388888890624999 0.7609375 0.9138888890624999 0.7604166671875 0.86944444375 0.7619791671875 0.8638888890624999 0.7598958328125 0.8518518515625001 0.7609375 0.8259259265625 0.759375 0.6111111109375 0.7609375 0.5870370375 0.759375 0.5722222218749999 0.7604166671875 0.459259259375 0.7583333328124999 0.4453703703125 0.7614583328125 0.41018518593750003 0.759375 0.365740740625 0.7609375 0.3120370375 0.759375 0.2833333328125 0.7598958328125 0.11851851875 0.7583333328124999 0.1120370375 0.7598958328125 0.1 0.7598958328125 0.075 0.759375 0.0574074078125 0.7567708328125 0.0509259265625 0.7447916671875 0.0416666671875 0.7291666671875 0.0351851859375 0.7119791671875 0.0351851859375 0.6994791671875 0.039814814062499995 0.6932291671875 0.0351851859375 0.6802083328124999 0.0388888890625 0.6682291671875 0.0351851859375 0.6296875 0.0351851859375 0.6046875 0.0416666671875 0.5958333328125 0.0388888890625 0.59375 0.0351851859375 0.5098958328125 0.0351851859375 0.4984375 0.0388888890625 0.4869791671875 0.0351851859375 0.425 0.034259259375000004 0.4 0.037037037499999995 0.3203125 0.0324074078125 0.2640625 0.037037037499999995 0.209375 0.037037037499999995 0.2052083328125 0.0425925921875 0.2052083328125 0.071296296875 0.2026041671875 0.0731481484375 0.20572916718749998 0.1148148140625 0.20572916718749998 0.321296296875
2 0.4526041671875 0.546296296875 0.45520833281249995 0.55 0.4546875 0.5546296296875 0.44947916718750003 0.5629629625 0.4515625 0.571296296875 0.4557291671875 0.577777778125 0.465625 0.58055555625 0.46458333281249997 0.5851851859375 0.465625 0.5833333328125 0.47291666718750003 0.5981481484375 0.48072916718750003 0.6 0.4796875 0.5870370375 0.4765625 0.58055555625 0.48072916718750003 0.577777778125 0.4817708328125 0.5666666671875 0.484375 0.5638888890625 0.4859375 0.5527777781250001 0.49375 0.55 0.49583333281249997 0.546296296875 0.49427083281249995 0.5388888890625 0.4828125 0.5388888890625 0.48020833281249997 0.527777778125 0.47552083281249996 0.521296296875 0.46979166718750004 0.521296296875 0.4682291671875 0.51851851875 0.4625 0.5203703703125 0.4546875 0.5148148140625 0.44947916718750003 0.5148148140625 0.44427083281249996 0.525 0.4421875 0.5370370375 0.44322916718750005 0.547222221875 0.4453125 0.55 0.4526041671875 0.546296296875
2 0.5145833328125 0.4916666671875 0.5145833328125 0.5046296296875 0.5203125 0.5046296296875 0.5192708328125 0.48981481406249994 0.5145833328125 0.4916666671875
2 0.5109375 0.5638888890625 0.50625 0.5731481484375001 0.5046875 0.5870370375 0.5015625 0.5962962968750001 0.5015625 0.6 0.5046875 0.60555555625 0.5848958328125 0.60555555625 0.5947916671875 0.609259259375 0.6078125 0.609259259375 0.6125 0.6 0.6125 0.5527777781250001 0.6078125 0.5240740734375 0.6104166671875 0.5166666671875 0.6161458328125 0.5138888890625 0.6182291671875 0.5074074078125 0.6177083328124999 0.49629629687500004 0.6135416671875 0.48981481406249994 0.5447916671875 0.4888888890625 0.5427083328125 0.49351851875 0.5395833328124999 0.49351851875 0.5375 0.497222221875 0.5364583328125 0.49351851875 0.5333333328125 0.49351851875 0.5385416671875001 0.5 0.5260416671875 0.502777778125 0.5260416671875 0.509259259375 0.5229166671875001 0.5138888890625 0.5130208328125 0.5120370375000001 0.5119791671875 0.5148148140625 0.5135416671875 0.5259259265625 0.5166666671875 0.5305555562500001 0.5171875 0.5361111109375 0.5109375 0.5638888890625
2 0.7567708328125 0.64351851875 0.7583333328124999 0.64351851875 0.7578125 0.6388888890625 0.7567708328125 0.64351851875
2 0.7333333328125 0.296296296875 0.7369791671875 0.29444444375 0.7375 0.303703703125 0.734375 0.302777778125 0.7333333328125 0.30555555624999997 0.7380208328125 0.3083333328125 0.7395833328125 0.321296296875 0.746875 0.328703703125 0.7489583328125 0.334259259375 0.7479166671875 0.3379629625 0.7526041671875 0.34444444375 0.7489583328125 0.3546296296875 0.7432291671875 0.35925925937500003 0.7395833328125 0.378703703125 0.7390625 0.41111111093749997 0.7401041671875 0.43055555625 0.7416666671875001 0.43518518593750005 0.7395833328125 0.447222221875 0.7390625 0.4916666671875 0.7401041671875 0.527777778125 0.7427083328124999 0.5518518515624999 0.7427083328124999 0.55648148125 0.7401041671875 0.5601851859375 0.7401041671875 0.5851851859375 0.7479166671875 0.5916666671875 0.7578125 0.5916666671875 0.759375 0.5888888890625 0.759375 0.5398148140625 0.7614583328125 0.5259259265625 0.7619791671875 0.42592592656250006 0.7598958328125 0.36666666718749996 0.7546875 0.3518518515625 0.759375 0.3351851859375 0.7609375 0.3009259265625 0.7598958328125 0.2888888890625 0.7546875 0.2824074078125 0.7536458328125 0.2740740734375 0.759375 0.26851851875 0.759375 0.21203703749999997 0.75625 0.20740740781250003 0.75 0.20740740781250003 0.74375 0.21203703749999997 0.7390625 0.22314814843750003 0.7375 0.23518518593749999 0.7401041671875 0.26203703749999996 0.7364583328125 0.2851851859375 0.7375 0.29351851875 0.7333333328125 0.296296296875
2 0.2669270828125 0.6620370375 0.2713541671875 0.6601851859375001 0.2625 0.6574074078125001 0.2619791671875 0.6601851859375001 0.2635416671875 0.6620370375 0.26614583281250004 0.659259259375 0.2669270828125 0.6620370375
2 0.3203125 0.6074074078125 0.3244791671875 0.609259259375 0.3239583328125 0.6074074078125 0.3203125 0.6074074078125
2 0.2552083328125 0.577777778125 0.2552083328125 0.584259259375 0.25625 0.58055555625 0.2578125 0.5824074078125 0.2552083328125 0.577777778125
2 0.3270833328125 0.5120370375000001 0.3260416671875 0.5148148140625 0.3296875 0.5148148140625 0.33125 0.5120370375000001 0.3270833328125 0.5120370375000001
2 0.246875 0.5527777781250001 0.24583333281250003 0.5574074078125 0.2479166671875 0.565740740625 0.2520833328125 0.5731481484375001 0.2578125 0.5666666671875 0.2578125 0.5620370375 0.2671875 0.5638888890625 0.2755208328125 0.577777778125 0.30625 0.58055555625 0.31302083281250004 0.5759259265625001 0.3265625 0.577777778125 0.33125 0.5740740734374999 0.3515625 0.5796296296875 0.39375 0.577777778125 0.3973958328125 0.5731481484375001 0.4125 0.571296296875 0.41197916718750005 0.565740740625 0.415625 0.5574074078125 0.415625 0.5481481484375 0.41822916718750003 0.5481481484375 0.4192708328125 0.5574074078125 0.42604166718750003 0.553703703125 0.4322916671875 0.5620370375 0.4375 0.5555555562500001 0.43854166718750004 0.546296296875 0.4359375 0.5305555562500001 0.4291666671875 0.51944444375 0.425 0.521296296875 0.4213541671875 0.51851851875 0.41875 0.5240740734375 0.4171875 0.5231481484375 0.41796875 0.51851851875 0.40989583281249997 0.5166666671875 0.40520833281249996 0.521296296875 0.40052083281249995 0.521296296875 0.39375 0.5101851859375001 0.3916666671875 0.5138888890625 0.39114583281250004 0.5259259265625 0.3869791671875 0.5166666671875 0.3817708328125 0.5166666671875 0.3796875 0.51944444375 0.3760416671875 0.5138888890625 0.36770833281250004 0.5138888890625 0.3619791671875 0.51944444375 0.35208333281250004 0.5166666671875 0.34375 0.51851851875 0.3421875 0.521296296875 0.33125 0.51944444375 0.32760416718749996 0.5231481484375 0.3244791671875 0.5324074078125001 0.3104166671875 0.5305555562500001 0.3083333328125 0.5240740734375 0.3098958328125 0.51944444375 0.3125 0.51851851875 0.3098958328125 0.51851851875 0.3078125 0.5148148140625 0.3078125 0.5101851859375001 0.28177083281250004 0.5101851859375001 0.2791666671875 0.5166666671875 0.27395833281250004 0.5166666671875 0.2692708328125 0.5101851859375001 0.2671875 0.5138888890625 0.2666666671875 0.5101851859375001 0.2640625 0.5101851859375001 0.2619791671875 0.5166666671875 0.2552083328125 0.51851851875 0.2557291671875 0.55 0.2510416671875 0.5546296296875 0.2484375 0.5509259265625001 0.246875 0.5527777781250001
2 0.28854166718749996 0.5009259265625 0.290625 0.4981481484375 0.2890625 0.49629629687500004 0.28854166718749996 0.5009259265625
2 0.6385416671875 0.60555555625 0.6411458328124999 0.60555555625 0.6390625 0.602777778125 0.6385416671875 0.60555555625
2 0.5458333328125 0.6888888890625 0.5458333328125 0.7194444437499999 0.5484375 0.7259259265625 0.55 0.7546296296875 0.5494791671875 0.76851851875 0.5473958328124999 0.7703703703125 0.546875 0.79351851875 0.55 0.8074074078125 0.5557291671875 0.809259259375 0.5677083328125 0.8055555562500001 0.5828125 0.8055555562500001 0.6104166671875 0.8101851859375 0.6255208328124999 0.8055555562500001 0.6401041671875001 0.8055555562500001 0.646875 0.8 0.6494791671875 0.8055555562500001 0.6546875 0.8074074078125 0.6572916671875 0.8009259265625 0.6619791671875 0.8 0.6640625 0.7851851859375001 0.6619791671875 0.7629629625 0.6619791671875 0.7268518515625 0.6625 0.7148148140624999 0.6640625 0.7120370375 0.6619791671875 0.7083333328125 0.6614583328125 0.6953703703125 0.6630208328125 0.6759259265625001 0.6614583328125 0.6638888890625 0.6625 0.6546296296875 0.6614583328125 0.6481481484375 0.6567708328124999 0.6490740734375 0.6625 0.634259259375 0.6625 0.60555555625 0.6598958328125 0.6009259265625 0.6458333328125 0.6009259265625 0.6453125 0.61851851875 0.6432291671875 0.61851851875 0.6401041671875001 0.6120370375 0.6291666671875 0.609259259375 0.6260416671875 0.6046296296875 0.6260416671875 0.5981481484375 0.625 0.6009259265625 0.6229166671875 0.5981481484375 0.6213541671875 0.6009259265625 0.6171875 0.6009259265625 0.6109375 0.6138888890625 0.5916666671875 0.6148148140624999 0.58125 0.6120370375 0.5708333328124999 0.6138888890625 0.5666666671875 0.61851851875 0.5546875 0.6166666671875001 0.5557291671875 0.6259259265625 0.5541666671875001 0.63055555625 0.55 0.621296296875 0.5494791671875 0.6259259265625 0.5520833328125 0.6296296296875 0.5494791671875 0.63148148125 0.5473958328124999 0.6425925921875 0.5484375 0.6555555562500001 0.5458333328125 0.675 0.5479166671875 0.68148148125 0.5458333328125 0.6888888890625
2 0.58125 0.3888888890625 0.5854166671875001 0.3888888890625 0.5848958328125 0.38240740781250004 0.58125 0.3888888890625
2 0.6046875 0.4824074078125 0.6161458328125 0.48518518593750004 0.6203125 0.48981481406249994 0.6208333328125 0.50648148125 0.6192708328125 0.5166666671875 0.6125 0.521296296875 0.6109375 0.5268518515625 0.6109375 0.5333333328125 0.6140625 0.54444444375 0.6151041671875 0.5824074078125 0.6177083328124999 0.5888888890625 0.6479166671875001 0.5888888890625 0.65 0.5916666671875 0.6557291671875001 0.5916666671875 0.6625 0.584259259375 0.6645833328124999 0.5694444437499999 0.6609375 0.540740740625 0.6625 0.5175925921875 0.6640625 0.5138888890625 0.6630208328125 0.4990740734375 0.6645833328124999 0.46851851875 0.6614583328125 0.440740740625 0.6640625 0.40092592656250003 0.6625 0.397222221875 0.6625 0.3851851859375 0.6598958328125 0.38055555625 0.6302083328125 0.3796296296875 0.6192708328125 0.3888888890625 0.6166666671875001 0.396296296875 0.603125 0.409259259375 0.5723958328125 0.43518518593750005 0.5510416671875 0.44444444375 0.5442708328125 0.45555555625000005 0.54375 0.4731481484375 0.5453125 0.48055555625 0.5473958328124999 0.4824074078125 0.6046875 0.4824074078125
2 0.5364583328125 0.6555555562500001 0.5317708328124999 0.6555555562500001 0.5317708328124999 0.659259259375 0.534375 0.659259259375 0.5364583328125 0.6555555562500001
2 0.5325520828125 0.6476851859375 0.5328125 0.647222221875 0.5317708328124999 0.64444444375 0.5325520828125 0.6476851859375
2 0.5325520828125 0.6476851859375 0.53125 0.65 0.5333333328125 0.6509259265625 0.5325520828125 0.6476851859375
2 0.49583333281249997 0.6944444437499999 0.4984375 0.6805555562500001 0.4973958328125 0.6601851859375001 0.4994791671875 0.6555555562500001 0.51875 0.6555555562500001 0.5229166671875001 0.6509259265625 0.5244791671875 0.64444444375 0.5244791671875 0.6416666671875 0.5145833328125 0.6351851859375001 0.5046875 0.6388888890625 0.5036458328125 0.63055555625 0.5005208328124999 0.625 0.5015625 0.6148148140624999 0.5067708328125 0.5981481484375 0.5072916671875001 0.577777778125 0.5125 0.5694444437499999 0.5177083328125 0.5370370375 0.5119791671875 0.5166666671875 0.5020833328125 0.5101851859375001 0.5 0.50555555625 0.4875 0.5046296296875 0.48020833281249997 0.509259259375 0.4817708328125 0.51851851875 0.48333333281249996 0.51851851875 0.4890625 0.5314814812499999 0.49114583281249996 0.55 0.4875 0.56851851875 0.48020833281249997 0.590740740625 0.4791666671875 0.609259259375 0.4760416671875 0.6240740734375 0.4765625 0.64351851875 0.47447916718750005 0.6601851859375001 0.4739583328125 0.6925925921875 0.47552083281249996 0.6972222218749999 0.49114583281249996 0.6990740734374999 0.49583333281249997 0.6944444437499999
2 0.6104166671875 0.9388888890624999 0.6130208328125 0.9388888890624999 0.6119791671875 0.9370370375 0.6104166671875 0.9388888890624999
2 0.6546875 0.8265625 0.00078125 0.0015625
2 0.5453125 0.6740740734374999 0.546875 0.684259259375 0.5442708328125 0.6916666671875 0.546875 0.7518518515625 0.5447916671875 0.7620370375000001 0.5447916671875 0.7953703703125 0.5458333328125 0.8074074078125 0.5484375 0.8101851859375 0.5473958328124999 0.8268518515625001 0.5536458328125 0.83055555625 0.553125 0.8370370375 0.55 0.8370370375 0.5458333328125 0.8435185187500001 0.5458333328125 0.8824074078124999 0.5729166671875 0.884259259375 0.5828125 0.88055555625 0.5885416671875 0.884259259375 0.6161458328125 0.8824074078124999 0.634375 0.8851851859375 0.6557291671875001 0.8824074078124999 0.6619791671875 0.8796296296874999 0.6645833328124999 0.8740740734375001 0.6682291671875 0.8759259265624999 0.6635416671875001 0.86851851875 0.6697916671875 0.8620370375 0.6671875 0.8583333328125 0.66875 0.8509259265625 0.6666666671875 0.8351851859374999 0.6682291671875 0.834259259375 0.6546875 0.8333333328125001 0.6552083328125 0.8194444437499999 0.6609375 0.8120370375 0.6661458328125 0.7851851859375001 0.6640625 0.7518518515625 0.6640625 0.7398148140624999 0.6661458328125 0.73055555625 0.6640625 0.727777778125 0.665625 0.7212962968750001 0.6635416671875001 0.715740740625 0.6640625 0.7120370375 0.6619791671875 0.7101851859375 0.6625 0.6916666671875 0.6609375 0.6879629625 0.6614583328125 0.6833333328125 0.665625 0.6777777781250001 0.6640625 0.6638888890625 0.6640625 0.6074074078125 0.6614583328125 0.6018518515625 0.6505208328125 0.5962962968750001 0.6229166671875 0.5962962968750001 0.6151041671875 0.6009259265625 0.6130208328125 0.609259259375 0.6083333328125 0.6138888890625 0.55 0.6120370375 0.5479166671875 0.6259259265625 0.5494791671875 0.6370370375000001 0.5473958328124999 0.6425925921875 0.5479166671875 0.6648148140625 0.5453125 0.6740740734374999
2 0.52578125 0.3640625 0.00078125 0.00078125
2 0.5244791671875 0.33703703749999997 0.5291666671875 0.3398148140625 0.5296875 0.32777777812500003 0.5276041671875 0.32777777812500003 0.525 0.321296296875 0.525 0.32685185156249996 0.5270833328125 0.3296296296875 0.5244791671875 0.3333333328125 0.5244791671875 0.33703703749999997
2 0.5359375 0.29814814843750004 0.5328125 0.29444444375 0.5302083328125 0.296296296875 0.5296875 0.3 0.5317708328124999 0.30555555624999997 0.5354166671875 0.30555555624999997 0.5359375 0.29814814843750004
2 0.51484375 0.25859375 0.00078125 0.0015625
2 0.5252604171875 0.26851851875 0.5291666671875 0.2648148140625 0.5291666671875 0.271296296875 0.5322916671875 0.271296296875 0.5291666671875 0.2601851859375 0.5307291671875001 0.25740740781250004 0.5291666671875 0.25 0.5307291671875001 0.2416666671875 0.5296875 0.23240740781250002 0.5213541671875 0.23240740781250002 0.5203125 0.2388888890625 0.5203125 0.2666666671875 0.5223958328125 0.26851851875 0.525 0.26574074062499997 0.5252604171875 0.26851851875
2 0.43177083281249995 0.384259259375 0.42760416718750005 0.39444444375 0.4302083328125 0.4166666671875 0.4291666671875 0.42592592656250006 0.43177083281249995 0.44351851875000003 0.4458333328125 0.46666666718750005 0.4557291671875 0.471296296875 0.4682291671875 0.471296296875 0.478125 0.46666666718750005 0.5041666671875 0.46388888906250003 0.5083333328124999 0.4601851859375 0.5364583328125 0.45277777812500003 0.5765625 0.42592592656250006 0.58125 0.425 0.60625 0.40092592656250003 0.609375 0.40092592656250003 0.6140625 0.3916666671875 0.6260416671875 0.3796296296875 0.6302083328125 0.36944444375 0.6489583328124999 0.3509259265625 0.6578125 0.3351851859375 0.6614583328125 0.334259259375 0.6609375 0.3129629625 0.665625 0.30555555624999997 0.6677083328125 0.2888888890625 0.6723958328124999 0.27777777812500004 0.6760416671875 0.25 0.6776041671875 0.2259259265625 0.675 0.222222221875 0.6791666671875001 0.2101851859375 0.68125 0.1870370375 0.6802083328124999 0.1740740734375 0.6817708328125 0.171296296875 0.6807291671875 0.1601851859375 0.675 0.1601851859375 0.6703125 0.1666666671875 0.6682291671875 0.1824074078125 0.6661458328125 0.177777778125 0.6609375 0.18055555625 0.6604166671875 0.19444444375 0.6583333328125 0.1981481484375 0.6567708328124999 0.21296296250000002 0.65625 0.234259259375 0.6541666671875 0.2398148140625 0.6541666671875 0.2509259265625 0.65 0.253703703125 0.6494791671875 0.259259259375 0.6473958328125 0.2601851859375 0.6427083328125 0.275 0.6395833328125 0.27870370312500004 0.6364583328125 0.2916666671875 0.6203125 0.3138888890625 0.590625 0.34351851875 0.5828125 0.34629629687499996 0.5723958328125 0.35555555625 0.5625 0.3574074078125 0.5604166671875 0.3601851859375 0.5494791671875 0.3574074078125 0.5484375 0.3638888890625 0.5427083328125 0.36944444375 0.534375 0.36944444375 0.5255208328125 0.375 0.5135416671875 0.377777778125 0.5083333328124999 0.3851851859375 0.4953125 0.3851851859375 0.48125 0.3916666671875 0.4692708328125 0.3916666671875 0.46666666718750005 0.3888888890625 0.4557291671875 0.3888888890625 0.4515625 0.384259259375 0.4401041671875 0.35925925937500003 0.43958333281249995 0.3518518515625 0.4421875 0.34629629687499996 0.4421875 0.33888888906250003 0.43854166718750004 0.3324074078125 0.4348958328125 0.33703703749999997 0.4322916671875 0.32777777812500003 0.43125 0.33055555625 0.4328125 0.334259259375 0.43125 0.33641944375 0.43072916718750004 0.3490740734375 0.43177083281249995 0.384259259375
2 0.6859375 0.12592592656249998 0.6838541671875 0.1231481484375 0.6770833328125 0.1231481484375 0.6739583328125 0.13055555624999998 0.6744791671875 0.14351851875 0.6838541671875 0.14351851875 0.6859375 0.13981481406250001 0.6859375 0.12592592656249998
2 0.61875 0.3509259265625 0.6135416671875 0.3509259265625 0.5953125 0.365740740625 0.5947916671875 0.36851851875 0.5973958328125 0.36944444375 0.6057291671875 0.36851851875 0.61875 0.3509259265625
2 0.6359375 0.36944444375 0.6360677078125 0.3731481484375 0.6598958328125 0.3731481484375 0.6635416671875001 0.3620370375 0.6635416671875001 0.3416666671875 0.6567708328124999 0.33703703749999997 0.6505208328125 0.34351851875 0.6458333328125 0.35555555625 0.64375 0.35555555625 0.6333333328124999 0.3731481484375 0.6359375 0.36944444375
2 0.5380208328125 0.2796296296875 0.5395833328124999 0.2824074078125 0.5432291671875 0.2824074078125 0.5447916671875 0.3009259265625 0.5479166671875 0.3083333328125 0.546875 0.3166666671875 0.5484375 0.31944444375000003 0.5458333328125 0.3231481484375 0.5458333328125 0.352777778125 0.5484375 0.3574074078125 0.5625 0.3574074078125 0.56875 0.352777778125 0.5744791671875 0.352777778125 0.5770833328125 0.3490740734375 0.5927083328125 0.3416666671875 0.6302083328125 0.3 0.6432291671875 0.271296296875 0.6515625 0.246296296875 0.6520833328125 0.222222221875 0.6546875 0.2166666671875 0.6546875 0.21203703749999997 0.6458333328125 0.2009259265625 0.6359375 0.2046296296875 0.5984375 0.20555555625 0.5786458328124999 0.20740740781250003 0.575 0.2101851859375 0.5666666671875 0.2101851859375 0.5635416671875 0.20740740781250003 0.5604166671875 0.2101851859375 0.55 0.2101851859375 0.5479166671875 0.2138888890625 0.5473958328124999 0.2296296296875 0.5432291671875 0.24351851875000002 0.5427083328125 0.25740740781250004 0.5395833328124999 0.2601851859375 0.5395833328124999 0.2648148140625 0.5421875 0.26851851875 0.5385416671875001 0.2740740734375 0.5380208328125 0.2796296296875
2 0.5276041671875 0.1824074078125 0.5270833328125 0.1888888890625 0.5322916671875 0.1981481484375 0.5390625 0.2009259265625 0.55625 0.20555555625 0.6348958328125 0.20277777812500003 0.6546875 0.19351851874999998 0.6572916671875 0.1740740734375 0.6619791671875 0.16851851874999998 0.6619791671875 0.16388888906250001 0.659375 0.1601851859375 0.6546875 0.15925925937500002 0.6494791671875 0.15370370312499998 0.6494791671875 0.13888888906250002 0.6515625 0.1351851859375 0.6572916671875 0.13981481406250001 0.65625 0.1361111109375 0.661305146875 0.1265250546875 0.6588541671875 0.12870370312499999 0.6578125 0.11944444375 0.628125 0.12129629687500001 0.6213541671875 0.1166666671875 0.5942708328124999 0.1148148140625 0.5692708328125 0.11944444375 0.5635416671875 0.1231481484375 0.5385416671875001 0.1231481484375 0.5421875 0.13703703750000001 0.5432291671875 0.15 0.5416666671875 0.15555555625 0.5375 0.1574074078125 0.53125 0.1675925921875 0.53125 0.178703703125 0.5276041671875 0.1824074078125
2 0.7375 0.24259259218749998 0.7395833328125 0.26203703749999996 0.7380208328125 0.2740740734375 0.7333333328125 0.27777777812500004 0.734375 0.2851851859375 0.7322916671875 0.29722222187499997 0.7354166671875 0.3 0.7322916671875 0.303703703125 0.7322916671875 0.30740740781250003 0.7380208328125 0.309259259375 0.7375 0.3138888890625 0.7395833328125 0.322222221875 0.7463541671875 0.33055555625 0.7463541671875 0.33888888906250003 0.75 0.34444444375 0.75 0.3481481484375 0.7432291671875 0.3574074078125 0.7432291671875 0.3620370375 0.7411458328125 0.3638888890625 0.7390625 0.3888888890625 0.7401041671875 0.43240740781250003 0.7416666671875001 0.43518518593750005 0.7395833328125 0.4481481484375 0.7395833328125 0.5138888890625 0.7432291671875 0.5518518515624999 0.7401041671875 0.5620370375 0.7401041671875 0.5851851859375 0.7421875 0.5888888890625 0.7494791671875001 0.5916666671875 0.7578125 0.5898148140624999 0.759375 0.5870370375 0.7583333328124999 0.5731481484375001 0.7604166671875 0.5527777781250001 0.759375 0.5361111109375 0.7609375 0.5296296296875 0.7619791671875 0.4916666671875 0.7619791671875 0.427777778125 0.7598958328125 0.3620370375 0.75625 0.3518518515625 0.7609375 0.31944444375000003 0.7609375 0.29814814843750004 0.7604166671875 0.2898148140625 0.7578125 0.2824074078125 0.7557291671875 0.2824074078125 0.7536458328125 0.27777777812500004 0.7598958328125 0.2666666671875 0.7598958328125 0.2138888890625 0.7578125 0.20555555625 0.7505208328124999 0.2046296296875 0.7401041671875 0.21111111093749999 0.7380208328125 0.21851851875 0.7333333328125 0.221296296875 0.7369791671875 0.22685185156249998 0.7369791671875 0.23240740781250002 0.7333333328125 0.2416666671875 0.7375 0.24259259218749998
2 0.40729166718750004 0.1981481484375 0.4140625 0.20277777812500003 0.4244791671875 0.20277777812500003 0.4270833328125 0.20555555625 0.48645833281249995 0.20555555625 0.48854166718750003 0.20277777812500003 0.5104166671875 0.2 0.51875 0.196296296875 0.5192708328125 0.19351851874999998 0.51875 0.1851851859375 0.5078125 0.184259259375 0.50625 0.177777778125 0.49427083281249995 0.1759259265625 0.4875 0.171296296875 0.4375 0.171296296875 0.40208333281249997 0.177777778125 0.3973958328125 0.18055555625 0.39791666718749996 0.1925925921875 0.4 0.1981481484375 0.40729166718750004 0.1981481484375
2 0.29375 0.95555555625 0.296875 0.95555555625 0.2953125 0.9546296296874999 0.29375 0.95555555625
2 0.24375 0.91796875 0.00078125 0.0015625
2 0.45625 0.9120370375 0.45416666718750004 0.9148148140625001 0.4536458328125 0.9120370375 0.45208333281249996 0.9166666671874999 0.4604166671875 0.9166666671874999 0.4604166671875 0.9138888890624999 0.45625 0.9120370375
2 0.44322916718750005 0.9148148140625001 0.44166666718750003 0.9101851859375 0.4375 0.9101851859375 0.43854166718750004 0.9166666671874999 0.44166666718750003 0.9111111109375001 0.44322916718750005 0.9148148140625001
2 0.27395833281250004 0.9305555562500001 0.27395833281250004 0.9351851859375 0.2890625 0.9324074078125 0.290625 0.9351851859375 0.3 0.9370370375 0.3010416671875 0.9101851859375 0.28854166718749996 0.9101851859375 0.2791666671875 0.902777778125 0.2755208328125 0.9055555562500001 0.2723958328125 0.902777778125 0.2703125 0.9055555562500001 0.2703125 0.9148148140625001 0.2666666671875 0.9138888890624999 0.2713541671875 0.9166666671874999 0.271875 0.91944444375 0.2614583328125 0.91944444375 0.2578125 0.9231481484374999 0.25833333281250004 0.9259259265625 0.2598958328125 0.922222221875 0.2635416671875 0.9296296296875 0.27395833281250004 0.9305555562500001
2 0.4359375 0.9009259265624999 0.4369791671875 0.9055555562500001 0.44166666718750003 0.902777778125 0.44114583281249997 0.89351851875 0.4302083328125 0.8925925921875001 0.42864583281249996 0.9009259265624999 0.43072916718750004 0.9055555562500001 0.43385416718750003 0.9055555562500001 0.4359375 0.9009259265624999
2 0.2270833328125 0.9666666671874999 0.23854166718749997 0.9638888890624999 0.2604166671875 0.9666666671874999 0.2666666671875 0.9601851859374999 0.2723958328125 0.959259259375 0.2703125 0.95555555625 0.27291666718749996 0.952777778125 0.27291666718749996 0.9444444437499999 0.26875 0.9416666671874999 0.2713541671875 0.9388888890624999 0.26875 0.9351851859375 0.2546875 0.934259259375 0.25052083281250004 0.9296296296875 0.2494791671875 0.9259259265625 0.2520833328125 0.925 0.25 0.9231481484374999 0.2510416671875 0.902777778125 0.2390625 0.8888888890625 0.23333333281250002 0.8898148140625001 0.23072916718749997 0.8870370375000001 0.2265625 0.89444444375 0.2244791671875 0.9037037031249999 0.2203125 0.9074074078125 0.21770833281250002 0.9074074078125 0.2166666671875 0.8990740734375 0.2166666671875 0.9018518515625 0.21354166718749998 0.9009259265624999 0.2171875 0.9064814812499999 0.2166666671875 0.9138888890624999 0.21875 0.9148148140625001 0.2182291671875 0.91851851875 0.20989583281250002 0.91944444375 0.2078125 0.9231481484374999 0.2078125 0.9324074078125 0.2166666671875 0.9481481484375 0.21875 0.95648148125 0.2270833328125 0.9666666671874999
2 0.2166666671875 0.8916666671875 0.2208333328125 0.8888888890625 0.21614583281250002 0.8870370375000001 0.2166666671875 0.8916666671875
2 0.21015625 0.846875 0.00078125 0.0015625
2 0.22760416718749998 0.809259259375 0.23072916718749997 0.821296296875 0.234375 0.827777778125 0.2390625 0.83055555625 0.23697916718749998 0.8351851859374999 0.23177083281250002 0.8370370375 0.2265625 0.8509259265625 0.2265625 0.88055555625 0.23072916718749997 0.8851851859375 0.2498697921875 0.8851851859375 0.2510416671875 0.8916666671875 0.2598958328125 0.8870370375000001 0.2640625 0.89351851875 0.2677083328125 0.89351851875 0.2677083328125 0.8851851859375 0.27291666718749996 0.8851851859375 0.2791666671875 0.878703703125 0.28072916718749996 0.8824074078124999 0.2880208328125 0.8851851859375 0.28854166718749996 0.8898148140625001 0.2921875 0.89444444375 0.2994791671875 0.89351851875 0.30520833281250004 0.896296296875 0.3067708328125 0.89351851875 0.3151041671875 0.89351851875 0.3171875 0.8898148140625001 0.31979166718749996 0.89444444375 0.31979166718749996 0.9009259265624999 0.3223958328125 0.9009259265624999 0.3230901046875 0.9046296296874999 0.325 0.9009259265624999 0.32760416718749996 0.9009259265624999 0.3263890625 0.9046296296874999 0.3307291671875 0.902777778125 0.3307291671875 0.9120370375 0.3348958328125 0.9101851859375 0.3375 0.902777778125 0.3394098953125 0.9074074078125 0.3494791671875 0.9055555562500001 0.35104166718749996 0.902777778125 0.35104166718749996 0.89444444375 0.3557291671875 0.8981481484374999 0.3619791671875 0.8981481484374999 0.36666666718749996 0.89351851875 0.3723958328125 0.9009259265624999 0.3692708328125 0.9101851859375 0.3703125 0.909259259375 0.3708333328125 0.9166666671874999 0.3723958328125 0.91851851875 0.3848958328125 0.91851851875 0.3890625 0.9166666671874999 0.3916666671875 0.9120370375 0.3958333328125 0.91851851875 0.4109375 0.91851851875 0.4166666671875 0.9055555562500001 0.4192708328125 0.9046296296874999 0.41822916718750003 0.896296296875 0.42760416718750005 0.8851851859375 0.4458333328125 0.8851851859375 0.446875 0.8888888890625 0.44427083281249996 0.89351851875 0.4453125 0.89444444375 0.4479166671875 0.8916666671875 0.4739583328125 0.89351851875 0.4765625 0.8851851859375 0.4828125 0.884259259375 0.4890625 0.8851851859375 0.4916666671875 0.8916666671875 0.5015625 0.8916666671875 0.5036458328125 0.8888888890625 0.515625 0.8888888890625 0.5182291671875 0.8851851859375 0.5359375 0.88055555625 0.5380208328125 0.871296296875 0.5432291671875 0.8638888890624999 0.5432291671875 0.809259259375 0.5354166671875 0.790740740625 0.5359375 0.7833333328125 0.540625 0.7796296296875 0.5432291671875 0.75555555625 0.5411458328125 0.74351851875 0.5421875 0.7101851859375 0.5375 0.6759259265625001 0.5328125 0.671296296875 0.5208333328125 0.6759259265625001 0.51875 0.6805555562500001 0.5119791671875 0.684259259375 0.503125 0.6851851859375 0.49322916718750004 0.7009259265625001 0.4692708328125 0.7009259265625001 0.46770833281249996 0.6972222218749999 0.46770833281249996 0.6824074078125 0.45 0.6759259265625001 0.4484375 0.6731481484375 0.4270833328125 0.671296296875 0.41979166718750005 0.6666666671875 0.35625 0.671296296875 0.3166666671875 0.66944444375 0.30416666718749996 0.6731481484375 0.2994791671875 0.66944444375 0.2744791671875 0.6666666671875 0.26875 0.66944444375 0.2671875 0.6731481484375 0.2645833328125 0.6731481484375 0.253125 0.6851851859375 0.2328125 0.6916666671875 0.2270833328125 0.7018518515625 0.2270833328125 0.7212962968750001 0.23020833281250003 0.7296296296875 0.22916666718749998 0.7388888890625 0.2328125 0.752777778125 0.2260416671875 0.7731481484375 0.2270833328125 0.784259259375 0.23020833281250003 0.7888888890625 0.22760416718749998 0.809259259375
2 0.3255208328125 0.24351851875000002 0.34427083281250004 0.246296296875 0.3619791671875 0.246296296875 0.3723958328125 0.2416666671875 0.3807291671875 0.246296296875 0.3953125 0.2416666671875 0.4046875 0.24444444375000002 0.40729166718750004 0.24814814843750002 0.4114583328125 0.24814814843750002 0.41302083281249996 0.24444444375000002 0.425 0.24444444375000002 0.4302083328125 0.2370370375 0.4328125 0.21944444375 0.4296875 0.21203703749999997 0.4203125 0.20740740781250003 0.4015625 0.20740740781250003 0.3963541671875 0.20277777812500003 0.3848958328125 0.20555555625 0.3838541671875 0.209259259375 0.3723958328125 0.2101851859375 0.34375 0.21203703749999997 0.3348958328125 0.20740740781250003 0.30625 0.20740740781250003 0.3010416671875 0.2101851859375 0.3010416671875 0.2166666671875 0.3078125 0.225 0.3145833328125 0.2388888890625 0.3255208328125 0.24351851875000002