2 0.10800000000000001 0.8119266062499999 0.11399999999999999 0.8188073390625 0.244 0.8256880734375001 0.492 0.8256880734375001 0.51 0.8188073390625 0.522 0.8256880734375001 0.5740000000000001 0.8256880734375001 0.58 0.8188073390625 0.612 0.8188073390625 0.62 0.8256880734375001 0.6519999999999999 0.8256880734375001 0.8019999999999999 0.8142201828125 0.818 0.8188073390625 0.9019999999999999 0.80733945 0.9019999999999999 0.5871559640624999 0.9099999999999999 0.5252293578125 0.9019999999999999 0.454128440625 0.9099999999999999 0.4288990828125 0.9019999999999999 0.2155963296875 0.906 0.1857798171875 0.8939999999999999 0.1788990828125 0.906 0.1651376140625 0.9 0.12614678906250001 0.746 0.12614678906250001 0.726 0.11467889843750001 0.6839999999999999 0.11467889843750001 0.678 0.1215596328125 0.6599999999999999 0.11467889843750001 0.43200000000000005 0.11467889843750001 0.41600000000000004 0.1215596328125 0.38 0.11467889843750001 0.372 0.1215596328125 0.096 0.12844036718750002 0.096 0.47935779843750004 0.10800000000000001 0.747706421875 0.10400000000000001 0.761467890625 0.10800000000000001 0.8119266062499999
2 0.465625 0.96015625 0.00390625 0.00234375
2 0.44800000000000006 0.961009175 0.45999999999999996 0.961009175 0.45 0.954128440625 0.44800000000000006 0.961009175
2 0.39 0.961009175 0.4 0.9587155968750001 0.392 0.954128440625 0.39 0.961009175
2 0.534375 0.9515625 0.00390625 0.0046875
2 0.368 0.949541284375 0.374 0.9587155968750001 0.374 0.949541284375 0.368 0.949541284375
2 0.592 0.9587155968750001 0.606 0.949541284375 0.596 0.94724770625 0.592 0.9587155968750001
2 0.512 0.961009175 0.512 0.949541284375 0.518 0.94724770625 0.512 0.9403669718750001 0.5 0.94724770625 0.5 0.9587155968750001 0.508 0.954128440625 0.512 0.961009175
2 0.386 0.9357798171875 0.386 0.9587155968750001 0.388 0.9403669718750001 0.386 0.9357798171875
2 0.24921875 0.93828125 0.00625 0.0046875
2 0.3109375 0.92421875 0.00234375 0.0046875
2 0.052000000000000005 0.8944954125000001 0.11200000000000002 0.8967889906250001 0.136 0.90825688125 0.314 0.9151376140625 0.33999999999999997 0.9288990828125 0.35 0.9174311921875 0.364 0.9357798171875 0.378 0.9243119265624999 0.398 0.9266055046874999 0.418 0.9449541281249999 0.414 0.961009175 0.42000000000000004 0.949541284375 0.42400000000000004 0.961009175 0.438 0.9357798171875 0.43200000000000005 0.9288990828125 0.45199999999999996 0.9174311921875 0.512 0.9266055046874999 0.528 0.9174311921875 0.6 0.9220183484375 0.618 0.9151376140625 0.628 0.9266055046874999 0.646 0.9151376140625 0.72 0.90825688125 0.732 0.910550459375 0.74 0.9220183484375 0.744 0.90825688125 0.774 0.905963303125 0.8 0.9151376140625 0.8140000000000001 0.903669725 0.8640000000000001 0.903669725 0.8939999999999999 0.88990825625 0.9380000000000001 0.88990825625 0.97 0.8784403671875 0.976 0.44266055 0.9720000000000001 0.043577981249999995 0.952 0.0366972484375 0.526 0.0298165140625 0.24 0.0366972484375 0.024 0.050458715625 0.02 0.208715596875 0.036 0.79357798125 0.044 0.8876146781250001 0.052000000000000005 0.8944954125000001
2 0.782 0.19266054999999999 0.778 0.211009175 0.786 0.211009175 0.786 0.190366971875 0.782 0.19266054999999999
2 0.786 0.1857798171875 0.786 0.1720183484375 0.772 0.1720183484375 0.772 0.1788990828125 0.78 0.1766055046875 0.786 0.1857798171875
2 0.5599999999999999 0.19266054999999999 0.5700000000000001 0.19724770625000002 0.564 0.211009175 0.61 0.2155963296875 0.714 0.211009175 0.72 0.204128440625 0.72 0.1788990828125 0.708 0.1651376140625 0.544 0.1651376140625 0.536 0.1720183484375 0.53 0.1651376140625 0.52 0.1674311921875 0.518 0.1788990828125 0.532 0.211009175 0.548 0.211009175 0.5599999999999999 0.19266054999999999
2 0.162 0.961009175 0.16599999999999998 0.9678899078125 0.194 0.9678899078125 0.198 0.961009175 0.33999999999999997 0.961009175 0.438 0.9678899078125 0.44800000000000006 0.9793577984375 0.45599999999999996 0.9793577984375 0.46399999999999997 0.9678899078125 0.49400000000000005 0.9655963296875001 0.554 0.9678899078125 0.572 0.9747706421875 0.584 0.9655963296875001 0.63 0.961009175 0.794 0.954128440625 0.8160000000000001 0.954128440625 0.828 0.9655963296875001 0.842 0.9655963296875001 0.876 0.949541284375 0.884 0.9357798171875 0.884 0.903669725 0.488 0.9220183484375 0.33599999999999997 0.9220183484375 0.304 0.9151376140625 0.178 0.9151376140625 0.136 0.90825688125 0.13 0.9151376140625 0.136 0.94724770625 0.144 0.9587155968750001 0.162 0.961009175