2 0.45375 0.7366447984375 0.46125 0.7385192125 0.471875 0.7291471421875 0.46875 0.7282099343749999 0.468125 0.7235238984375 0.465 0.721649484375 0.456875 0.7057169640625001 0.45187499999999997 0.7057169640625001 0.45187499999999997 0.7263355203125 0.45375 0.7291471421875 0.45375 0.7366447984375
2 0.35125 0.7797563265624999 0.350625 0.7582005625 0.355 0.7469540765625 0.3625 0.7394564203125 0.36625 0.7403936265625 0.369375 0.7460168703125001 0.37687499999999996 0.7469540765625 0.384375 0.735707590625 0.384375 0.7225866921875 0.379375 0.715089034375 0.3825 0.695407684375 0.37687499999999996 0.6897844421875 0.3725 0.69165885625 0.356875 0.7197750703125 0.35562499999999997 0.735707590625 0.34625 0.7572633546875001 0.348125 0.782567946875 0.35125 0.7797563265624999
2 0.306875 0.7403936265625 0.31 0.735707590625 0.31 0.7300843484375 0.3025 0.7169634484375 0.30375 0.7122774140625 0.3 0.7104029984375 0.290625 0.7132146203125 0.28875 0.7160262421875 0.290625 0.7328959703125 0.29562499999999997 0.7432052484375 0.306875 0.7403936265625
2 0.41624999999999995 0.7094657921875 0.41375 0.7122774140625 0.418125 0.7160262421875 0.418125 0.7094657921875 0.41624999999999995 0.7094657921875
2 0.26625 0.8163074046875 0.26875 0.8238050609374999 0.275 0.8303655109375001 0.473125 0.8837863171875 0.478125 0.8809746953125 0.484375 0.8706654171875 0.51625 0.808809746875 0.516875 0.8041237109375 0.5349999999999999 0.7722586687499999 0.540625 0.7460168703125001 0.5393749999999999 0.7160262421875 0.53625 0.7122774140625 0.496875 0.708528584375 0.491875 0.7057169640625001 0.464583125 0.7057169640625001 0.46312499999999995 0.7104029984375 0.46125 0.7057169640625001 0.4575 0.708528584375 0.448125 0.701968134375 0.445 0.7057169640625001 0.446875 0.708528584375 0.44749999999999995 0.7197750703125 0.43499999999999994 0.735707590625 0.42625 0.7394564203125 0.416875 0.735707590625 0.415625 0.7282099343749999 0.41125 0.7225866921875 0.41187500000000005 0.7197750703125 0.409375 0.7197750703125 0.40812499999999996 0.7253983125000001 0.40374999999999994 0.7235238984375 0.40125 0.7263355203125 0.40374999999999994 0.7319587624999999 0.40062499999999995 0.734770384375 0.38687499999999997 0.7291471421875 0.38625 0.735707590625 0.381875 0.7366447984375 0.3825 0.741330834375 0.379375 0.7507029046875 0.37 0.7525773203125 0.3625 0.742268040625 0.3625 0.7366447984375 0.36062500000000003 0.7432052484375 0.35625 0.73758200625 0.354375 0.7338331765625 0.354375 0.7225866921875 0.348125 0.715089034375 0.348125 0.7122774140625 0.34375 0.7122774140625 0.340625 0.7160262421875 0.335 0.715089034375 0.33125 0.7188378625 0.316875 0.7460168703125001 0.3125 0.7591377687499999 0.3125 0.77881911875 0.309375 0.7872539828125 0.31 0.7928772265624999 0.3125 0.795688846875 0.3125 0.8031865046875 0.309375 0.8069353328125001 0.304375 0.8069353328125001 0.2975 0.801312090625 0.2975 0.7900656046875 0.29375 0.7844423625 0.29312499999999997 0.7760074984374999 0.28875 0.7647610125 0.28875 0.7572633546875001 0.285625 0.7507029046875 0.275625 0.7535145265625001 0.265 0.7722586687499999 0.26 0.7760074984374999 0.258125 0.782567946875 0.2525 0.7900656046875 0.2525 0.794751640625 0.26625 0.8163074046875
2 0.38937499999999997 0.70477975625 0.39125 0.7029053421875 0.39 0.7000937203125 0.38937499999999997 0.70477975625
2 0.6849999999999999 0.6485473296875 0.686875 0.6457357078125 0.685625 0.6026241796875 0.660625 0.5988753515624999 0.631875 0.5988753515624999 0.6075 0.6026241796875 0.6025 0.6082474234374999 0.6025 0.640112465625 0.605 0.65135895 0.6481250000000001 0.6560449859374999 0.6849999999999999 0.6485473296875
2 0.3875 0.7319587624999999 0.39875 0.7319587624999999 0.40875000000000006 0.715089034375 0.410625 0.7029053421875 0.4025 0.6935332703125 0.395625 0.6925960640625 0.3825 0.7132146203125 0.381875 0.7207122781249999 0.384375 0.7244611062499999 0.384375 0.7291471421875 0.3875 0.7319587624999999
2 0.41328125 0.75546875 0.00078125 0.00625
2 0.39375 0.7563261484375 0.3975 0.7563261484375 0.39375 0.7385192125 0.39375 0.7563261484375
2 0.41375 0.782567946875 0.42374999999999996 0.782567946875 0.42374999999999996 0.7769447046875 0.41375 0.7731958765625 0.410625 0.7685098406249999 0.41125 0.7638238046875 0.409375 0.7722586687499999 0.40499999999999997 0.7731958765625 0.398125 0.7694470484375 0.395 0.7628865984375001 0.39 0.761949390625 0.38687499999999997 0.755388940625 0.38687499999999997 0.7453917531250001 0.392240834375 0.7334445515625 0.38937499999999997 0.7291471421875 0.385625 0.7328959703125 0.381875 0.7394564203125 0.383125 0.7628865984375001 0.395625 0.7760074984374999 0.401875 0.7760074984374999 0.410625 0.78537956875 0.41375 0.782567946875
2 0.26187499999999997 0.621368321875 0.26625 0.6157450796874999 0.26749999999999996 0.6082474234374999 0.265 0.5988753515624999 0.2575 0.5923149015625 0.255625 0.59793814375 0.25187499999999996 0.5988753515624999 0.25187499999999996 0.61761949375 0.26187499999999997 0.621368321875
2 0.2578125 0.58828125 0.0015625 0.00078125
2 0.250625 0.574507965625 0.250625 0.5782567953125 0.25375000000000003 0.5773195875 0.250625 0.574507965625
2 0.215625 0.6822867859375 0.215625 0.67197750625 0.206875 0.6635426421874999 0.2 0.6466729140624999 0.1975 0.627928771875 0.2 0.614807871875 0.210625 0.5960637296875 0.24937499999999999 0.5707591375 0.253125 0.5623242734375 0.2575 0.560449859375 0.258125 0.5557638234375 0.25187499999999996 0.553889409375 0.22562500000000002 0.5782567953125 0.206875 0.5895032796875 0.19624999999999998 0.6026241796875 0.191875 0.6166822875 0.19125 0.63074039375 0.19375 0.65135895 0.206875 0.67853795625 0.215625 0.6822867859375
2 0.58125 0.64609375 0.00078125 0.0015625
2 0.48312499999999997 0.5885660734375 0.48875 0.6016869734375 0.48687500000000006 0.6091846296875 0.49124999999999996 0.6129334578125001 0.49437499999999995 0.6326148078125 0.505 0.6316776 0.505 0.6251171515625 0.5081249999999999 0.6223055296875 0.506875 0.614807871875 0.51125 0.60449859375 0.5175 0.6091846296875 0.5275000000000001 0.6316776 0.5375 0.6410496718750001 0.5431250000000001 0.6410496718750001 0.5443749999999999 0.6354264296875 0.556875 0.6316776 0.566875 0.6223055296875 0.575 0.6185567015625 0.57875 0.6223055296875 0.579375 0.63823805 0.58875 0.640112465625 0.586875 0.6457357078125 0.588125 0.6485473296875 0.5925 0.6494845359375 0.595625 0.6457357078125 0.6 0.6457357078125 0.6075 0.65135895 0.625 0.655107778125 0.654375 0.655107778125 0.6693749999999999 0.6494845359375 0.681875 0.6485473296875 0.691875 0.6363636359375 0.74875 0.6288659796875 0.75125 0.6260543578125 0.750625 0.614807871875 0.74375 0.6082474234374999 0.7375 0.6063730078125 0.68875 0.6063730078125 0.6756249999999999 0.6016869734375 0.625625 0.5988753515624999 0.6224999999999999 0.5951265234374999 0.6131249999999999 0.594189315625 0.61125 0.5885660734375 0.6131249999999999 0.5857544515625001 0.6331249999999999 0.5707591375 0.63375 0.560449859375 0.63125 0.5473289593749999 0.629375 0.5426429234375 0.6224999999999999 0.5388940953125 0.569375 0.5379568890625 0.56375 0.5351452671875 0.545625 0.5351452671875 0.496875 0.527647609375 0.47125000000000006 0.527647609375 0.47125000000000006 0.534208059375 0.48312499999999997 0.5492033734375 0.484375 0.5548266171875 0.48312499999999997 0.5885660734375
2 0.23125 0.5651358953125001 0.24375 0.5641986875 0.25 0.5520149953125 0.259375 0.5510777874999999 0.259375 0.5585754453125 0.255625 0.5623242734375 0.255 0.56982193125 0.25875 0.5716963453125 0.2625 0.5782567953125 0.26625 0.5951265234374999 0.334375 0.6054358015625 0.34375 0.61105904375 0.37374999999999997 0.6119962515624999 0.384375 0.61761949375 0.396875 0.6185567015625 0.40062499999999995 0.6223055296875 0.425 0.6223055296875 0.441875 0.6260543578125 0.44749999999999995 0.6185567015625 0.44749999999999995 0.607310215625 0.45062499999999994 0.5988753515624999 0.449375 0.5829428296875 0.43562500000000004 0.5557638234375 0.429375 0.5510777874999999 0.426875 0.5454545453125 0.41937499999999994 0.540768509375 0.403125 0.5210871609375001 0.3675 0.5173383312500001 0.36375 0.5145267109375 0.284375 0.5079662609375 0.25187499999999996 0.5117150890625 0.2325 0.5173383312500001 0.209375 0.5173383312500001 0.203125 0.5220243671875 0.20125 0.5285848171875001 0.20249999999999999 0.540768509375 0.20625 0.5417057171875 0.23125 0.5651358953125001
2 0.75125 0.6223055296875 0.7537499999999999 0.6194939078125 0.7474999999999999 0.6091846296875 0.7381249999999999 0.6054358015625 0.68875 0.6054358015625 0.68875 0.6391752578125 0.749375 0.6298031859375001 0.751875 0.627928771875 0.75125 0.6223055296875
2 0.3890625 0.43828125 0.0015625 0.00078125
2 0.379375 0.4348641046875 0.3825 0.43673851875 0.381875 0.4311152765625 0.379375 0.4348641046875
2 0.29312499999999997 0.45641986875 0.299375 0.4573570765625 0.31 0.466729146875 0.323125 0.47328959687500005 0.348125 0.4751640109375 0.361875 0.470477975 0.3675 0.4742268046875 0.3725 0.4714151828125 0.375 0.4742268046875 0.3725 0.4789128390625 0.379375 0.4845360828125 0.3825 0.48359887500000004 0.369375 0.463917525 0.35875 0.459231490625 0.35625 0.453608246875 0.35625 0.44517338281249996 0.35812499999999997 0.44142455468749997 0.35562499999999997 0.4376757265625 0.35125 0.4404873484375 0.34625 0.43580131250000004 0.348125 0.4283036546875 0.34625 0.4208059984375 0.369375 0.4161199625 0.36625 0.41424554843749994 0.369375 0.41049672031249995 0.3675 0.40768509843749995 0.36875 0.3964386125 0.366875 0.38519212812500003 0.37124999999999997 0.34020618593749996 0.37 0.3008434859375 0.3625 0.2661668234375 0.35562499999999997 0.25210871562500003 0.34562499999999996 0.24367385156250002 0.33875 0.24367385156250002 0.32875 0.25023430156250004 0.316875 0.26897844375 0.316875 0.27272727343750003 0.309375 0.2867853796875 0.2975 0.2895970015625 0.290625 0.2961574515625 0.28875 0.31677600781250004 0.28625 0.32333645781250003 0.27625 0.3270852859375 0.27125 0.3336457359375 0.27 0.41049672031249995 0.27125 0.42174320468750004 0.27875 0.4404873484375 0.29312499999999997 0.45641986875
2 0.21937500000000001 0.7432052484375 0.22374999999999998 0.7432052484375 0.220625 0.735707590625 0.21937500000000001 0.7432052484375
2 0.5599999999999999 0.7263355203125 0.56375 0.7263355203125 0.564375 0.721649484375 0.556875 0.7263355203125 0.54875 0.735707590625 0.54875 0.7385192125 0.5599999999999999 0.7300843484375 0.5599999999999999 0.7263355203125
2 0.28984375 0.6984375 0.00234375 0.00078125
2 0.26875 0.695407684375 0.26875 0.7029053421875 0.273125 0.701968134375 0.26875 0.695407684375
2 0.27375 0.6860356140625 0.28312499999999996 0.6860356140625 0.275625 0.6850984062500001 0.27375 0.6860356140625
2 0.22875 0.6822867859375 0.2325 0.6822867859375 0.22999999999999998 0.6794751640625 0.22875 0.6822867859375
2 0.23562500000000003 0.6766635421875 0.234375 0.6860356140625 0.23937499999999998 0.6860356140625 0.23937499999999998 0.67853795625 0.23562500000000003 0.6766635421875
2 0.20625 0.66796875 0.0015625 0.003125
2 0.320625 0.674789128125 0.32437499999999997 0.6654170578125 0.32 0.6663542640625 0.320625 0.674789128125
2 0.203125 0.66328125 0.00078125 0.0015625
2 0.213125 0.6794751640625 0.21812499999999999 0.6832239921875 0.21875 0.7029053421875 0.221875 0.7029053421875 0.225 0.6991565140625 0.22374999999999998 0.6888472359375 0.22749999999999998 0.6860356140625 0.22749999999999998 0.6832239921875 0.22312500000000002 0.6822867859375 0.22125 0.6776007500000001 0.22312500000000002 0.67197750625 0.22749999999999998 0.6701030921875 0.22749999999999998 0.66447985 0.21875 0.6588566078125 0.216875 0.67197750625 0.209375 0.674789128125 0.21187499999999998 0.674789128125 0.213125 0.6794751640625
2 0.609375 0.64609375 0.0015625 0.00078125
2 0.605 0.6251171515625 0.609375 0.6260543578125 0.6068749999999999 0.6157450796874999 0.605 0.6157450796874999 0.605 0.620431115625 0.6068749999999999 0.621368321875 0.605 0.6251171515625
2 0.196875 0.6391752578125 0.19437500000000002 0.64386129375 0.196875 0.6466729140624999 0.1975 0.6185567015625 0.19624999999999998 0.614807871875 0.19437500000000002 0.6157450796874999 0.193125 0.627928771875 0.19624999999999998 0.633239925 0.19437500000000002 0.63823805 0.196875 0.6391752578125
2 0.6725 0.6054358015625 0.681875 0.61105904375 0.683125 0.6054358015625 0.6725 0.6054358015625
2 0.6131249999999999 0.6260543578125 0.608125 0.634489221875 0.610625 0.6354264296875 0.608125 0.6391752578125 0.6131249999999999 0.6429240859375 0.61125 0.6485473296875 0.6131249999999999 0.65135895 0.629375 0.6522961578124999 0.631875 0.655107778125 0.654375 0.655107778125 0.675 0.6466729140624999 0.6825 0.6466729140624999 0.685625 0.6429240859375 0.6849999999999999 0.6185567015625 0.67875 0.6157450796874999 0.675 0.6223055296875 0.67 0.621368321875 0.670625 0.6157450796874999 0.6675 0.6082474234374999 0.67 0.6054358015625 0.6643749999999999 0.6082474234374999 0.665 0.6054358015625 0.66125 0.6016869734375 0.6381249999999999 0.6016869734375 0.6381249999999999 0.6054358015625 0.63125 0.6129334578125001 0.6275000000000001 0.6119962515624999 0.6287499999999999 0.60449859375 0.62 0.60449859375 0.615 0.6063730078125 0.61125 0.6119962515624999 0.61625 0.6119962515624999 0.62 0.61761949375 0.618125 0.62417994375 0.6131249999999999 0.6260543578125
2 0.2425 0.3833177125 0.24500000000000002 0.46954076875000006 0.250625 0.47328959687500005 0.271875 0.4742268046875 0.27625 0.47703842500000004 0.31875 0.4779756328125 0.3446525 0.48359887500000004 0.343125 0.5145267109375 0.27125 0.51077788125 0.241875 0.5145267109375 0.23625 0.5182755390625 0.206875 0.5182755390625 0.20249999999999999 0.5248359890625001 0.20249999999999999 0.5388940953125 0.23562500000000003 0.5651358953125001 0.238125 0.5707591375 0.24937499999999999 0.5726335515625001 0.25187499999999996 0.5923149015625 0.250625 0.6223055296875 0.2525 0.627928771875 0.26187499999999997 0.6288659796875 0.26875 0.6251171515625 0.26625 0.600749765625 0.26937500000000003 0.5960637296875 0.29562499999999997 0.600749765625 0.29812500000000003 0.60449859375 0.29562499999999997 0.634489221875 0.301875 0.6419868796875 0.3075 0.6419868796875 0.3125 0.6363636359375 0.32 0.63823805 0.32687499999999997 0.6504217437500001 0.3225 0.6579194 0.323125 0.661668228125 0.32999999999999996 0.6626054359375 0.33375 0.6691658859375 0.33125 0.674789128125 0.335 0.67197750625 0.33625 0.67853795625 0.340625 0.6822867859375 0.33875 0.69165885625 0.3325 0.6991565140625 0.3325 0.7057169640625001 0.32687499999999997 0.7094657921875 0.32437499999999997 0.70477975625 0.3175 0.708528584375 0.31124999999999997 0.6982193062500001 0.306875 0.6991565140625 0.304375 0.6963448921875 0.29625 0.7057169640625001 0.28625 0.7066541703125 0.27749999999999997 0.7029053421875 0.27625 0.7057169640625001 0.27999999999999997 0.7094657921875 0.286875 0.7403936265625 0.28625 0.755388940625 0.27875 0.7535145265625001 0.26625 0.7722586687499999 0.26 0.7760074984374999 0.2525 0.7928772265624999 0.27375 0.829428303125 0.27875 0.832239925 0.313125 0.8378631671875001 0.320625 0.842549203125 0.36375 0.8509840671875001 0.40062499999999995 0.863167759375 0.40812499999999996 0.863167759375 0.41375 0.8669165890625001 0.43375 0.869728209375 0.4525 0.8772258671875001 0.47625 0.8800374890624999 0.480625 0.876288659375 0.48125 0.8716026234375001 0.491875 0.8537956890625 0.501875 0.8303655109375001 0.525625 0.789128396875 0.5349999999999999 0.7685098406249999 0.54 0.7516401125 0.546875 0.7432052484375 0.5393749999999999 0.7385192125 0.5375 0.7197750703125 0.5349999999999999 0.7160262421875 0.50875 0.7057169640625001 0.51125 0.6925960640625 0.51875 0.695407684375 0.521875 0.6860356140625 0.5237499999999999 0.6850984062500001 0.52625 0.6888472359375 0.5325 0.6794751640625 0.529375 0.667291471875 0.529375 0.6335520156250001 0.5337500000000001 0.6316776 0.535625 0.634489221875 0.545 0.6354264296875 0.556875 0.6298031859375001 0.5587500000000001 0.66447985 0.57125 0.668228678125 0.57625 0.66447985 0.5775 0.6588566078125 0.5775 0.6223055296875 0.586875 0.6157450796874999 0.595625 0.5988753515624999 0.605 0.594189315625 0.61625 0.5820056234375001 0.6331249999999999 0.5707591375 0.63375 0.567947515625 0.63375 0.5585754453125 0.628125 0.5417057171875 0.553125 0.5379568890625 0.54875 0.5351452671875 0.5275000000000001 0.5351452671875 0.52 0.5313964390625 0.47562499999999996 0.5304592312499999 0.47062499999999996 0.534208059375 0.448125 0.51077788125 0.436875 0.493908153125 0.438125 0.49015932500000003 0.441875 0.4882849109375 0.478125 0.4910965328125 0.5756249999999999 0.4910965328125 0.57625 0.2867853796875 0.5743750000000001 0.224929709375 0.5756249999999999 0.205248359375 0.57375 0.1902530453125 0.5325 0.1902530453125 0.488125 0.19493908124999998 0.32999999999999996 0.2024367390625 0.263125 0.20899718906250003 0.25875 0.211808809375 0.244375 0.21274601718750002 0.24312499999999998 0.21555763749999998 0.24312499999999998 0.32239925 0.24562499999999998 0.339268978125 0.24312499999999998 0.3467666359375 0.2425 0.3833177125
2 0.58125 0.6447985 0.58 0.6466729140624999 0.5818749999999999 0.6485473296875 0.583125 0.6457357078125 0.58125 0.6447985
2 0.75125 0.6288659796875 0.75125 0.6223055296875 0.7537499999999999 0.6194939078125 0.75125 0.6129334578125001 0.74 0.6063730078125 0.69875 0.6026241796875 0.6875 0.6026241796875 0.68875 0.6391752578125 0.74875 0.6298031859375001 0.75125 0.6288659796875
2 0.596875 0.6485473296875 0.6018749999999999 0.63823805 0.6025 0.6298031859375001 0.600625 0.6260543578125 0.6025 0.6223055296875 0.6025 0.6101218375 0.605 0.6054358015625 0.63625 0.59793814375 0.63375 0.5951265234374999 0.6321875 0.5988753515624999 0.63 0.5951265234374999 0.628125 0.5988753515624999 0.625625 0.594189315625 0.608125 0.5923149015625 0.599375 0.600749765625 0.595 0.6016869734375 0.5900000000000001 0.6063730078125 0.5875 0.6129334578125001 0.579375 0.6185567015625 0.579375 0.63823805 0.590625 0.6419868796875 0.589375 0.6494845359375 0.596875 0.6485473296875
2 0.23046875 0.559375 0.0015625 0.0015625
2 0.37687499999999996 0.7469540765625 0.385 0.73102155625 0.384375 0.7235238984375 0.38 0.7160262421875 0.3825 0.695407684375 0.37687499999999996 0.6897844421875 0.3725 0.69165885625 0.356875 0.7197750703125 0.35562499999999997 0.7394564203125 0.3625 0.7366447984375 0.37 0.7460168703125001 0.37687499999999996 0.7469540765625
2 0.3975 0.748828490625 0.395 0.74414245625 0.39375 0.7432052484375 0.39375 0.7563261484375 0.39625 0.7563261484375 0.3975 0.748828490625
2 0.381875 0.755388940625 0.385625 0.76569821875 0.39625 0.7760074984374999 0.4025 0.7760074984374999 0.40875000000000006 0.7835051546875 0.41312499999999996 0.7806935328125 0.4225 0.7806935328125 0.4225 0.7760074984374999 0.40875000000000006 0.7722586687499999 0.41375 0.76726054375 0.41375 0.76226148125 0.410625 0.763511715625 0.410625 0.7585126515625 0.414375 0.7563261484375 0.41375 0.7469540765625 0.401875 0.7319587624999999 0.410625 0.7132146203125 0.410625 0.701968134375 0.40625 0.695407684375 0.395625 0.6925960640625 0.384375 0.7104029984375 0.381875 0.7160262421875 0.385 0.7291471421875 0.381875 0.7394564203125 0.381875 0.755388940625
2 0.30703125 0.765625 0.00078125 0.00546875
2 0.33828125 0.69609375 0.00078125 0.00078125
2 0.359375 0.6925960640625 0.3588802078125 0.6955638859375 0.361875 0.6991565140625 0.364375 0.695407684375 0.3625 0.6925960640625 0.359375 0.6925960640625
2 0.560625 0.6597938140624999 0.5625 0.6597938140624999 0.56125 0.6522961578124999 0.560625 0.6597938140624999
2 0.39249999999999996 0.6654170578125 0.39625 0.66447985 0.39249999999999996 0.660731021875 0.395 0.6588566078125 0.39437500000000003 0.6522961578124999 0.38937499999999997 0.6522961578124999 0.38937499999999997 0.6579194 0.385625 0.6597938140624999 0.385 0.667291471875 0.38687499999999997 0.6691658859375 0.39125 0.6691658859375 0.39249999999999996 0.6654170578125
2 0.43125 0.6354264296875 0.43187499999999995 0.63823805 0.43499999999999994 0.6354264296875 0.43125 0.6354264296875
2 0.244375 0.4676663546875 0.250625 0.47328959687500005 0.2725 0.4742268046875 0.27625 0.47703842500000004 0.338125 0.4807872546875 0.34125 0.48359887500000004 0.33999999999999997 0.5145267109375 0.325 0.5145267109375 0.32375 0.5173383312500001 0.3225 0.5145267109375 0.3025 0.5145267109375 0.30125 0.5117150890625 0.26437499999999997 0.5117150890625 0.26125 0.5145267109375 0.24562499999999998 0.5145267109375 0.23875000000000002 0.5182755390625 0.20812499999999998 0.5182755390625 0.20249999999999999 0.526710403125 0.20249999999999999 0.5379568890625 0.22625 0.5585754453125 0.234375 0.5585754453125 0.236875 0.5641986875 0.244375 0.5651358953125001 0.250625 0.5716963453125 0.25187499999999996 0.5913776937499999 0.255625 0.5951265234374999 0.255 0.5988753515624999 0.256875 0.6016869734375 0.254375 0.6054358015625 0.26187499999999997 0.6063730078125 0.26125 0.6119962515624999 0.253125 0.6157450796874999 0.2525 0.62417994375 0.254375 0.6260543578125 0.26687500000000003 0.6251171515625 0.26875 0.6185567015625 0.265 0.6119962515624999 0.265 0.6026241796875 0.268125 0.5960637296875 0.275 0.5951265234374999 0.278125 0.59793814375 0.294375 0.5988753515624999 0.29812500000000003 0.6016869734375 0.3 0.6298031859375001 0.3025 0.6251171515625 0.31062500000000004 0.6260543578125 0.31 0.6232427359375 0.31437499999999996 0.6185567015625 0.31062500000000004 0.6054358015625 0.3125 0.6026241796875 0.3225 0.6016869734375 0.336875 0.6054358015625 0.350625 0.6157450796874999 0.35562499999999997 0.614807871875 0.356875 0.6119962515624999 0.381875 0.6129334578125001 0.395625 0.6185567015625 0.41875 0.6185567015625 0.42062499999999997 0.6223055296875 0.436875 0.62417994375 0.441875 0.6326148078125 0.44000000000000006 0.6363636359375 0.4425 0.6391752578125 0.440625 0.6419868796875 0.4425 0.6466729140624999 0.44000000000000006 0.67853795625 0.43624999999999997 0.69165885625 0.43187499999999995 0.6991565140625 0.42374999999999996 0.6991565140625 0.421875 0.7029053421875 0.41875 0.7029053421875 0.41875 0.707591378125 0.41312499999999996 0.7066541703125 0.41312499999999996 0.7029053421875 0.410625 0.7029053421875 0.40812499999999996 0.6963448921875 0.4025 0.6925960640625 0.393125 0.695407684375 0.38625 0.7057169640625001 0.384375 0.695407684375 0.38 0.6897844421875 0.371875 0.6888472359375 0.366875 0.6935332703125 0.366875 0.6982193062500001 0.36 0.7094657921875 0.355 0.7263355203125 0.35125 0.7263355203125 0.348125 0.7225866921875 0.34750000000000003 0.7263355203125 0.34375 0.7263355203125 0.343125 0.7225866921875 0.3325 0.7169634484375 0.33375 0.7066541703125 0.319375 0.7197750703125 0.313125 0.735707590625 0.285625 0.7169634484375 0.285625 0.7222746015625 0.288125 0.7235238984375 0.285625 0.7275848171875 0.288125 0.7263355203125 0.289375 0.7291471421875 0.289375 0.7319587624999999 0.285625 0.7328959703125 0.288125 0.735707590625 0.28875 0.747891284375 0.290625 0.7497656984375001 0.288125 0.7535145265625001 0.28875 0.7666354265625 0.290625 0.7703842546875 0.29312499999999997 0.7675726328125 0.29562499999999997 0.775070290625 0.290625 0.7778819125 0.290625 0.7863167765625 0.28875 0.7863167765625 0.285625 0.7760074984374999 0.28125 0.775070290625 0.280625 0.7722586687499999 0.28312499999999996 0.7685098406249999 0.27875 0.76569821875 0.2725 0.7863167765625 0.26875 0.782567946875 0.26875 0.7760074984374999 0.263125 0.7769447046875 0.254375 0.7900656046875 0.254375 0.795688846875 0.259375 0.805998125 0.26687500000000003 0.8144329890625001 0.27125 0.8256794749999999 0.275625 0.829428303125 0.30625 0.8341143390625 0.32 0.8406747890625 0.35812499999999997 0.8472352390625 0.390625 0.8566073109375001 0.40374999999999994 0.863167759375 0.41312499999999996 0.863167759375 0.414375 0.8659793812500001 0.429375 0.8659793812500001 0.44000000000000006 0.8725398312499999 0.449375 0.8734770390625 0.45062499999999994 0.876288659375 0.47625 0.8800374890624999 0.484375 0.8669165890625001 0.4875 0.8566073109375001 0.49375 0.849109653125 0.505625 0.8219306468750001 0.50875 0.819119025 0.51125 0.8097469546875 0.515 0.8069353328125001 0.516875 0.8003748828124999 0.5193749999999999 0.799437675 0.52625 0.7863167765625 0.53125 0.7722586687499999 0.535625 0.7666354265625 0.5393749999999999 0.7497656984375001 0.535625 0.7197750703125 0.525625 0.7169634484375 0.5237499999999999 0.7122774140625 0.5 0.7094657921875 0.49625 0.7122774140625 0.48312499999999997 0.7122774140625 0.48 0.715089034375 0.47375 0.695407684375 0.47562499999999996 0.6841611999999999 0.51125 0.67853795625 0.524375 0.6794751640625 0.528125 0.6766635421875 0.529375 0.6588566078125 0.5275000000000001 0.654170571875 0.5287499999999999 0.6457357078125 0.526875 0.6335520156250001 0.529375 0.6288659796875 0.540625 0.6326148078125 0.556875 0.6298031859375001 0.5599999999999999 0.6354264296875 0.5587500000000001 0.6391752578125 0.560625 0.6485473296875 0.56375 0.6457357078125 0.5662499999999999 0.6504217437500001 0.5662499999999999 0.6560449859374999 0.56375 0.660731021875 0.5756249999999999 0.661668228125 0.576875 0.6194939078125 0.588125 0.6082474234374999 0.59375 0.5988753515624999 0.596875 0.5988753515624999 0.615625 0.5820056234375001 0.628125 0.574507965625 0.63375 0.5660731015625 0.63125 0.5482661671875 0.626875 0.5417057171875 0.55125 0.5379568890625 0.5475 0.5351452671875 0.52625 0.5351452671875 0.51625 0.5313964390625 0.49000000000000005 0.5313964390625 0.488125 0.53701968125 0.484375 0.5313964390625 0.47562499999999996 0.5313964390625 0.47375 0.53701968125 0.45875000000000005 0.52389878125 0.436875 0.49578256718749997 0.4375 0.49015932500000003 0.4425 0.4882849109375 0.5337500000000001 0.4910965328125 0.548125 0.493908153125 0.5756249999999999 0.4910965328125 0.57625 0.25023430156250004 0.57375 0.1902530453125 0.534375 0.1902530453125 0.33125 0.2024367390625 0.32437499999999997 0.205248359375 0.26437499999999997 0.20899718906250003 0.244375 0.21274601718750002 0.24312499999999998 0.21555763749999998 0.24312499999999998 0.32146204375 0.24625 0.3373945640625 0.24312499999999998 0.3505154640625 0.244375 0.4676663546875
2 0.35562499999999997 0.4648547328125 0.35562499999999997 0.46204311093749995 0.34375 0.44798500468749997 0.34125 0.44142455468749997 0.336875 0.4404873484375 0.335 0.4339268984375 0.3325 0.43673851875 0.32687499999999997 0.43298969062500003 0.32 0.4339268984375 0.3175 0.44517338281249996 0.316875 0.45641986875 0.33125 0.466729146875 0.34375 0.4676663546875 0.35562499999999997 0.4648547328125
2 0.319375 0.42361761875 0.32125 0.4245548265625 0.32 0.4208059984375 0.319375 0.42361761875
2 0.32875 0.41049672031249995 0.32687499999999997 0.4095595125 0.323125 0.41799437656249994 0.32875 0.4170571703125 0.325625 0.41424554843749994 0.32875 0.41049672031249995
2 0.3203125 0.40078125 0.00234375 0.00078125
2 0.29125 0.3102155578125 0.290625 0.31490159375000004 0.29312499999999997 0.31958762812499997 0.29312499999999997 0.3102155578125 0.29125 0.3102155578125
2 0.30625 0.303125 0.0015625 0.00078125
2 0.33131937499999997 0.4807872546875 0.33375 0.47610121875000005 0.3347225 0.4807872546875 0.340625 0.48359887500000004 0.37 0.48359887500000004 0.369375 0.4779756328125 0.39 0.4376757265625 0.421875 0.47610121875000005 0.43499999999999994 0.4882849109375 0.525 0.4910965328125 0.54 0.493908153125 0.571875 0.493908153125 0.57625 0.4910965328125 0.57625 0.238987815625 0.5756249999999999 0.1921274609375 0.57375 0.1893158390625 0.39375 0.1968134953125 0.34750000000000003 0.2024367390625 0.315625 0.2024367390625 0.24312499999999998 0.21274601718750002 0.2425 0.38706654218750003 0.24500000000000002 0.470477975 0.280625 0.4779756328125 0.33131937499999997 0.4807872546875
2 0.7381249999999999 0.6316776 0.75125 0.6288659796875 0.75125 0.6223055296875 0.7537499999999999 0.6185567015625 0.7474999999999999 0.6091846296875 0.73875 0.6054358015625 0.68875 0.6054358015625 0.68875 0.6298031859375001 0.698125 0.627928771875 0.711875 0.6326148078125 0.7381249999999999 0.6316776
2 0.28875 0.7432052484375 0.28875 0.7563261484375 0.290625 0.7572633546875001 0.290625 0.7432052484375 0.28875 0.7432052484375
2 0.28828125 0.73125 0.00078125 0.00390625
2 0.305 0.77881911875 0.301875 0.7872539828125 0.30375 0.799437675 0.3025 0.8031865046875 0.31 0.808809746875 0.31437499999999996 0.808809746875 0.31437499999999996 0.7966260546874999 0.309375 0.794751640625 0.308125 0.7863167765625 0.3125 0.7507029046875 0.318125 0.7366447984375 0.33999999999999997 0.701968134375 0.34562499999999996 0.6888472359375 0.344375 0.6832239921875 0.33875 0.6888472359375 0.330625 0.7094657921875 0.3125 0.735707590625 0.305 0.76569821875 0.305 0.7722586687499999 0.309375 0.7731958765625 0.309375 0.7760074984374999 0.305 0.77881911875
2 0.509375 0.6354264296875 0.50875 0.6157450796874999 0.50125 0.6157450796874999 0.49000000000000005 0.6026241796875 0.485 0.6054358015625 0.485 0.6223055296875 0.49000000000000005 0.626991565625 0.4925 0.634489221875 0.509375 0.6354264296875
2 0.48671875 0.5984375 0.0015625 0.00078125
2 0.485 0.5951265234374999 0.5 0.6157450796874999 0.504375 0.6185567015625 0.50625 0.6185567015625 0.509375 0.6054358015625 0.515 0.6054358015625 0.529375 0.6316776 0.535625 0.6354264296875 0.5549999999999999 0.6316776 0.57125 0.6194939078125 0.58375 0.6185567015625 0.586875 0.6091846296875 0.59375 0.600749765625 0.63375 0.5707591375 0.634375 0.5651358953125001 0.63125 0.5454545453125 0.623125 0.5388940953125 0.569375 0.5379568890625 0.56375 0.5351452671875 0.545625 0.5351452671875 0.49812500000000004 0.527647609375 0.471875 0.527647609375 0.471875 0.5351452671875 0.48312499999999997 0.5482661671875 0.48312499999999997 0.5885660734375 0.485 0.5951265234374999
2 0.241875 0.5651358953125001 0.25187499999999996 0.5510777874999999 0.259375 0.5510777874999999 0.26 0.55670103125 0.255625 0.5623242734375 0.254375 0.567947515625 0.26187499999999997 0.5773195875 0.26749999999999996 0.5951265234374999 0.336875 0.6054358015625 0.33875 0.6082474234374999 0.353125 0.61105904375 0.37625000000000003 0.6119962515624999 0.380625 0.6157450796874999 0.410625 0.621368321875 0.414375 0.6194939078125 0.41875 0.6223055296875 0.441875 0.6251171515625 0.446875 0.6194939078125 0.446875 0.6026241796875 0.449375 0.5923149015625 0.449375 0.5820056234375001 0.446875 0.5754451734375 0.43624999999999997 0.5557638234375 0.403125 0.5210871609375001 0.395 0.5182755390625 0.368125 0.5173383312500001 0.36375 0.5145267109375 0.28312499999999996 0.5079662609375 0.25187499999999996 0.5117150890625 0.23312499999999997 0.5173383312500001 0.209375 0.5173383312500001 0.203125 0.5220243671875 0.20125 0.527647609375 0.20187499999999997 0.5398313031249999 0.22999999999999998 0.5641986875 0.241875 0.5651358953125001
2 0.366875 0.4676663546875 0.365 0.470477975 0.369375 0.47328959687500005 0.37 0.4686035609375 0.366875 0.4676663546875
2 0.35625 0.38706654218750003 0.364375 0.38706654218750003 0.35812499999999997 0.38612933437499997 0.35625 0.38706654218750003
2 0.27875 0.4404873484375 0.28125 0.4404873484375 0.29375 0.45641986875 0.30125 0.45829428281249995 0.3125 0.4676663546875 0.32437499999999997 0.47328959687500005 0.353125 0.4742268046875 0.36124999999999996 0.470477975 0.35562499999999997 0.45454545468749996 0.350625 0.453608246875 0.348125 0.44142455468749997 0.34375 0.4376757265625 0.34562499999999996 0.4311152765625 0.34375 0.418931584375 0.34562499999999996 0.40018744218749996 0.34249999999999997 0.38238050625 0.34375 0.36457357031250004 0.34125 0.36176195 0.34375 0.3580131203125 0.34375 0.344892221875 0.346875 0.3439550140625 0.348125 0.352389878125 0.351875 0.352389878125 0.35375 0.34864105 0.36 0.3608247421875 0.35375 0.36925960625 0.361875 0.3701968140625 0.365 0.3776944703125 0.369375 0.3701968140625 0.37124999999999997 0.3373945640625 0.37 0.2999062796875 0.36625 0.279287721875 0.36 0.2596063734375 0.35375 0.25023430156250004 0.344375 0.24367385156250002 0.33875 0.24367385156250002 0.32875 0.25023430156250004 0.319375 0.2633552015625 0.31 0.285848171875 0.2975 0.2895970015625 0.29125 0.29522024375 0.28875 0.304592315625 0.28875 0.31677600781250004 0.28625 0.32333645781250003 0.27625 0.3270852859375 0.27125 0.3336457359375 0.270625 0.41424554843749994 0.27125 0.42174320468750004 0.278125 0.4348641046875 0.27875 0.4404873484375
2 0.304375 0.7403936265625 0.305 0.7366447984375 0.3025 0.735707590625 0.299375 0.7366447984375 0.299375 0.7394564203125 0.301875 0.7366447984375 0.304375 0.7403936265625
2 0.30625 0.7319587624999999 0.309375 0.7300843484375 0.30625 0.7282099343749999 0.30625 0.7319587624999999
2 0.3 0.7160262421875 0.291875 0.7160262421875 0.290625 0.721649484375 0.29312499999999997 0.7338331765625 0.3025 0.7225866921875 0.3 0.7160262421875
2 0.275625 0.8303655109375001 0.281875 0.8331771328125 0.305625 0.8369259609374999 0.316875 0.842549203125 0.3725 0.8547328953125 0.47437500000000005 0.8828491093749999 0.480625 0.8772258671875001 0.50625 0.8238050609374999 0.5131249999999999 0.8134957828125 0.51625 0.8031865046875 0.5237499999999999 0.7928772265624999 0.534375 0.7703842546875 0.540625 0.7432052484375 0.54 0.7328959703125 0.5375 0.7282099343749999 0.5375 0.7160262421875 0.534375 0.7122774140625 0.49375 0.708528584375 0.47874999999999995 0.7029053421875 0.456875 0.7029053421875 0.448125 0.6991565140625 0.445 0.6888472359375 0.43875000000000003 0.695407684375 0.426875 0.695407684375 0.421875 0.7000937203125 0.410625 0.6935332703125 0.40437500000000004 0.695407684375 0.395625 0.6925960640625 0.38937499999999997 0.695407684375 0.38687499999999997 0.69165885625 0.3825 0.6963448921875 0.37687499999999996 0.6897844421875 0.36625 0.6897844421875 0.366875 0.7029053421875 0.37 0.7057169640625001 0.37 0.7094657921875 0.3625 0.7094657921875 0.36124999999999996 0.7160262421875 0.35562499999999997 0.7225866921875 0.35375 0.7225866921875 0.348125 0.7122774140625 0.34125 0.7132146203125 0.338125 0.7169634484375 0.33375 0.7160262421875 0.32875 0.7291471421875 0.3225 0.7366447984375 0.319375 0.7460168703125001 0.319375 0.7535145265625001 0.313125 0.7628865984375001 0.31437499999999996 0.7760074984374999 0.309375 0.7863167765625 0.31 0.7928772265624999 0.313125 0.794751640625 0.31062500000000004 0.8069353328125001 0.303125 0.808809746875 0.29562499999999997 0.8022492968750001 0.296875 0.7928772265624999 0.291875 0.782567946875 0.290625 0.7703842546875 0.288125 0.7666354265625 0.288125 0.7563261484375 0.28625 0.7535145265625001 0.27875 0.7535145265625001 0.27 0.7685098406249999 0.263125 0.7741330828125 0.255 0.7863167765625 0.253125 0.7900656046875 0.254375 0.799437675 0.26937500000000003 0.8228678531250001 0.275625 0.8303655109375001
2 0.639375 0.6251171515625 0.639375 0.627928771875 0.641875 0.6251171515625 0.639375 0.6251171515625
2 0.6174999999999999 0.6251171515625 0.615 0.6251171515625 0.6174999999999999 0.6298031859375001 0.615625 0.6316776 0.620625 0.63823805 0.618125 0.64386129375 0.6125 0.6466729140624999 0.615625 0.655107778125 0.6331249999999999 0.6532333640625 0.63625 0.6579194 0.6475 0.6579194 0.66125 0.6532333640625 0.6637500000000001 0.6485473296875 0.665625 0.65135895 0.6725 0.6457357078125 0.679583125 0.6457357078125 0.67875 0.6429240859375 0.681875 0.63823805 0.683125 0.6457357078125 0.685625 0.6429240859375 0.6837500000000001 0.634489221875 0.6849999999999999 0.6326148078125 0.6837500000000001 0.63074039375 0.681875 0.634489221875 0.6799999999999999 0.63074039375 0.6849999999999999 0.6223055296875 0.6849999999999999 0.6054358015625 0.6425 0.5988753515624999 0.6056250000000001 0.6063730078125 0.6075 0.61105904375 0.605 0.6119962515624999 0.618125 0.6129334578125001 0.6174999999999999 0.6251171515625
2 0.248125 0.7319587624999999 0.248125 0.7291471421875 0.24375 0.7300843484375 0.23937499999999998 0.7366447984375 0.241875 0.7338331765625 0.244375 0.7366447984375 0.248125 0.7319587624999999
2 0.224375 0.7225866921875 0.22125 0.7225866921875 0.22312500000000002 0.7291471421875 0.225 0.7282099343749999 0.224375 0.7225866921875
2 0.24625 0.6925960640625 0.24562499999999998 0.701968134375 0.25 0.701968134375 0.2525 0.6935332703125 0.24625 0.6925960640625
2 0.27875 0.7188378625 0.28312499999999996 0.7235238984375 0.28125 0.74414245625 0.27749999999999997 0.7460168703125001 0.275625 0.7432052484375 0.27375 0.7535145265625001 0.258125 0.7769447046875 0.2525 0.7900656046875 0.253125 0.7966260546874999 0.27375 0.829428303125 0.473125 0.8828491093749999 0.484375 0.869728209375 0.50625 0.8238050609374999 0.51375 0.8134957828125 0.516875 0.8031865046875 0.534375 0.7722586687499999 0.5375 0.7591377687499999 0.5425 0.7497656984375001 0.540625 0.7450796625 0.5393749999999999 0.7160262421875 0.53625 0.7122774140625 0.49749999999999994 0.7057169640625001 0.48125 0.7057169640625001 0.478125 0.7029053421875 0.4575 0.7029053421875 0.448125 0.6991565140625 0.445 0.6888472359375 0.43499999999999994 0.6935332703125 0.43187499999999995 0.6982193062500001 0.42874999999999996 0.695407684375 0.42125 0.6982193062500001 0.410625 0.6925960640625 0.393125 0.6925960640625 0.38875000000000004 0.6888472359375 0.37124999999999997 0.6888472359375 0.3675 0.6860356140625 0.350625 0.6869728203125 0.344375 0.6832239921875 0.336875 0.6850984062500001 0.335625 0.6822867859375 0.313125 0.6794751640625 0.306875 0.6860356140625 0.296875 0.6869728203125 0.28875 0.6832239921875 0.27 0.6860356140625 0.26 0.6991565140625 0.256875 0.708528584375 0.250625 0.708528584375 0.2575 0.721649484375 0.26937500000000003 0.715089034375 0.2725 0.7197750703125 0.27875 0.7188378625
2 0.240625 0.7122774140625 0.244375 0.7057169640625001 0.236875 0.7057169640625001 0.234375 0.7029053421875 0.23562500000000003 0.6991565140625 0.22999999999999998 0.6982193062500001 0.22749999999999998 0.694470478125 0.22875 0.6860356140625 0.23125 0.6888472359375 0.234375 0.6822867859375 0.23718750000000002 0.6860356140625 0.240625 0.6860356140625 0.23937499999999998 0.6766635421875 0.23374999999999999 0.6776007500000001 0.22999999999999998 0.6729147140625 0.2225 0.6804123718749999 0.2225 0.6850984062500001 0.21937500000000001 0.6897844421875 0.21937500000000001 0.7029053421875 0.224375 0.7038425484374999 0.224375 0.7094657921875 0.240625 0.7122774140625