2 0.305 0.7088888890625 0.306875 0.7111111109375 0.30625 0.707777778125 0.305 0.7088888890625
2 0.075625 0.3911111109375 0.071875 0.3888888890625 0.07062500000000001 0.40222222187499995 0.07375000000000001 0.40555555625000006 0.078125 0.4 0.075625 0.3911111109375
2 0.289375 0.37666666718749997 0.29312499999999997 0.37333333281250003 0.289375 0.3711111109375 0.289375 0.37666666718749997
2 0.27625 0.37333333281250003 0.26875 0.37 0.26625 0.372222221875 0.26875 0.3811111109375 0.27375 0.38 0.27625 0.37333333281250003
2 0.07625 0.3788888890625 0.0775 0.38333333281250004 0.08249999999999999 0.37 0.080625 0.36555555625 0.084375 0.3588888890625 0.0875 0.3588888890625 0.08562499999999999 0.3533333328125 0.080625 0.35111111093749997 0.07062500000000001 0.36 0.07375000000000001 0.3688888890625 0.078125 0.372222221875 0.07625 0.3788888890625
2 0.080625 0.33999999999999997 0.08125 0.3366666671875 0.08499999999999999 0.3411111109375 0.079375 0.3333333328125 0.084375 0.32777777812500003 0.08625000000000001 0.32 0.08499999999999999 0.307777778125 0.076875 0.3211111109375 0.075 0.32999999999999996 0.0775 0.3333333328125 0.0775 0.33888888906250003 0.080625 0.33999999999999997
2 0.084375 0.30234375 0.00078125 0.00703125
2 0.143125 0.222222221875 0.146875 0.22555555625 0.146875 0.222222221875 0.143125 0.222222221875
2 0.04625 0.7233333328125 0.046875 0.75 0.045 0.7588888890625001 0.046875 0.8099999999999999 0.081875 0.8099999999999999 0.096875 0.81555555625 0.105625 0.8133333328125 0.11499999999999999 0.8211111109375 0.12562500000000001 0.8222222218749999 0.129375 0.8177777781250001 0.16375 0.8099999999999999 0.22312500000000002 0.8066666671875 0.22625 0.8099999999999999 0.225 0.8066666671875 0.22749999999999998 0.802222221875 0.22562500000000002 0.79444444375 0.22999999999999998 0.792222221875 0.236875 0.8 0.24562499999999998 0.8011111109375 0.25187499999999996 0.812222221875 0.26437499999999997 0.812222221875 0.28875 0.79555555625 0.29312499999999997 0.782222221875 0.29125 0.7466666671875 0.2975 0.727777778125 0.296875 0.6988888890625 0.29375 0.69555555625 0.291875 0.67444444375 0.29375 0.6288888890625 0.29 0.6211111109375 0.27749999999999997 0.62 0.2725 0.61555555625 0.26749999999999996 0.617777778125 0.258125 0.612222221875 0.255 0.5933333328125 0.248125 0.5833333328125 0.254375 0.5733333328125 0.250625 0.5688888890625 0.2525 0.56555555625 0.258125 0.56555555625 0.26 0.5688888890625 0.27999999999999997 0.5666666671875 0.28625 0.5711111109375 0.286875 0.567777778125 0.290625 0.567777778125 0.289375 0.5711111109375 0.29312499999999997 0.5766666671875 0.29562499999999997 0.5722222218749999 0.29312499999999997 0.5666666671875 0.29312499999999997 0.5466666671875 0.296875 0.5355555562500001 0.290625 0.5255555562499999 0.28375 0.5233333328125 0.27 0.5233333328125 0.26 0.5288888890625 0.255625 0.51555555625 0.256875 0.5033333328125 0.246875 0.4933333328125 0.24500000000000002 0.47222222187499996 0.241875 0.467777778125 0.240625 0.457777778125 0.22999999999999998 0.42888888906249995 0.23562500000000003 0.4011111109375 0.23374999999999999 0.35555555625 0.244375 0.35111111093749997 0.2475 0.3433333328125 0.255 0.33999999999999997 0.256875 0.33555555625 0.255 0.32444444375 0.256875 0.3133333328125 0.255 0.31 0.24562499999999998 0.3088888890625 0.24312499999999998 0.30333333281249997 0.25 0.2988888890625 0.255625 0.2788888890625 0.25375000000000003 0.272222221875 0.24500000000000002 0.2666666671875 0.22625 0.26777777812500003 0.22625 0.257777778125 0.224375 0.2533333328125 0.20249999999999999 0.24333333281249997 0.19437500000000002 0.24333333281249997 0.18562499999999998 0.252222221875 0.17375000000000002 0.2533333328125 0.17124999999999999 0.252222221875 0.170625 0.232222221875 0.16875 0.2366666671875 0.166875 0.2311111109375 0.1625 0.22999999999999998 0.164166875 0.2388888890625 0.1575 0.2388888890625 0.15625 0.2288888890625 0.13999999999999999 0.22999999999999998 0.138125 0.2266666671875 0.138125 0.21888888906249998 0.1275 0.21888888906249998 0.12250000000000001 0.2133333328125 0.11875 0.2133333328125 0.109375 0.2211111109375 0.1025 0.21777777812500002 0.09875 0.202222221875 0.09125 0.202222221875 0.088125 0.207777778125 0.08125 0.202222221875 0.0775 0.20444444375 0.0775 0.20888888906249997 0.08499999999999999 0.21111111093749999 0.09125 0.22000000000000003 0.09 0.22999999999999998 0.079375 0.24666666718750002 0.075 0.247777778125 0.07375000000000001 0.2533333328125 0.080625 0.2733333328125 0.084375 0.27 0.0875 0.25888888906249996 0.094375 0.2633333328125 0.09875 0.262222221875 0.100625 0.2666666671875 0.09812499999999999 0.2788888890625 0.1 0.27999999999999997 0.10124999999999999 0.287777778125 0.10124999999999999 0.3066666671875 0.109375 0.3188888890625 0.10124999999999999 0.32999999999999996 0.10625 0.35555555625 0.110625 0.3611111109375 0.10874999999999999 0.36555555625 0.110625 0.367777778125 0.110625 0.37666666718749997 0.113125 0.3788888890625 0.11187499999999999 0.3966666671875 0.114375 0.4 0.11625 0.41555555625 0.11187499999999999 0.4233333328125 0.114375 0.427777778125 0.113125 0.43333333281249997 0.10874999999999999 0.43333333281249997 0.103125 0.4266666671875 0.09812499999999999 0.4311111109375 0.088125 0.4166666671875 0.07062500000000001 0.42111111093750003 0.071875 0.4311111109375 0.068125 0.44555555625 0.056874999999999995 0.462222221875 0.056874999999999995 0.477777778125 0.05375 0.48111111093750003 0.05437499999999999 0.49555555625 0.05125 0.512222221875 0.05125 0.5266666671875 0.05375 0.5288888890625 0.05125 0.54 0.049375 0.61444444375 0.051875000000000004 0.6566666671875 0.046875 0.6788888890625 0.048125 0.6977777781250001 0.05 0.7011111109375 0.049375 0.7166666671875 0.04625 0.7233333328125
2 0.434375 0.49888888906249995 0.441875 0.5088888890625001 0.473125 0.5066666671875 0.478125 0.5011111109375 0.484375 0.48666666718749996 0.48687500000000006 0.4566666671875 0.485 0.442222221875 0.49000000000000005 0.4388888890625 0.49000000000000005 0.427777778125 0.4875 0.42111111093750003 0.49000000000000005 0.41333333281250006 0.48687500000000006 0.40555555625000006 0.48624999999999996 0.3966666671875 0.48624999999999996 0.3866666671875 0.489375 0.3788888890625 0.489375 0.37 0.48687500000000006 0.36444444374999996 0.48687500000000006 0.33888888906250003 0.48875 0.32999999999999996 0.48624999999999996 0.31222222187500004 0.480625 0.3011111109375 0.473125 0.3 0.46375 0.307777778125 0.449375 0.3133333328125 0.44000000000000006 0.3233333328125 0.43499999999999994 0.337777778125 0.4325 0.35555555625 0.43375 0.43 0.43125 0.4388888890625 0.43 0.45999999999999996 0.434375 0.49888888906249995
2 0.176875 0.20555555625 0.1925 0.212222221875 0.21625 0.2133333328125 0.22749999999999998 0.207777778125 0.22875 0.202222221875 0.22999999999999998 0.167777778125 0.22749999999999998 0.16555555625 0.21187499999999998 0.1588888890625 0.181875 0.1588888890625 0.164375 0.1688888890625 0.16312500000000002 0.1788888890625 0.16625 0.19 0.16999999999999998 0.1988888890625 0.176875 0.20555555625
2 0.4625 0.71555555625 0.47062499999999996 0.71555555625 0.479375 0.7066666671874999 0.48125 0.7011111109375 0.48187499999999994 0.6733333328125 0.485 0.6633333328125001 0.484375 0.6411111109375 0.4875 0.637777778125 0.48312499999999997 0.6366666671875 0.4875 0.6311111109375 0.484375 0.6266666671875 0.484375 0.61 0.48875 0.60555555625 0.49000000000000005 0.59555555625 0.49000000000000005 0.58 0.48562500000000003 0.577777778125 0.484375 0.5722222218749999 0.48250000000000004 0.53 0.47874999999999995 0.5288888890625 0.475 0.5188888890625 0.46875 0.5177777781249999 0.44437499999999996 0.5211111109375001 0.436875 0.532222221875 0.4325 0.5533333328125 0.43187499999999995 0.5711111109375 0.43499999999999994 0.5833333328125 0.434375 0.5944444437499999 0.43937499999999996 0.6044444437500001 0.43937499999999996 0.61 0.43375 0.6133333328125 0.43 0.6255555562499999 0.43 0.6888888890625 0.43499999999999994 0.7022222218749999 0.4425 0.7088888890625 0.4625 0.71555555625
2 0.304375 0.63 0.3025 0.63 0.30375 0.637777778125 0.3075 0.632222221875 0.304375 0.63
2 0.2925 0.64 0.29375 0.6311111109375 0.2975 0.6255555562499999 0.296875 0.62 0.27999999999999997 0.612222221875 0.27625 0.60555555625 0.278125 0.6011111109375 0.275 0.5900000000000001 0.27749999999999997 0.5822222218750001 0.2925 0.5833333328125 0.296875 0.58 0.29375 0.5788888890624999 0.290625 0.567777778125 0.285625 0.5633333328125001 0.27125 0.562222221875 0.260625 0.56555555625 0.259375 0.5599999999999999 0.21187499999999998 0.5555555562500001 0.19624999999999998 0.55 0.178125 0.55 0.175625 0.5566666671875 0.173125 0.59555555625 0.171875 0.6366666671875 0.174375 0.637777778125 0.285625 0.6455555562499999 0.2925 0.64
2 0.320625 0.63555555625 0.32875 0.6288888890625 0.33375 0.612222221875 0.32875 0.602222221875 0.32125 0.5988888890624999 0.31 0.6 0.303125 0.6044444437500001 0.3025 0.6111111109375 0.3075 0.6188888890625 0.31124999999999997 0.62 0.320625 0.63555555625
2 0.350625 0.6066666671875 0.35562499999999997 0.6211111109375 0.354375 0.647777778125 0.383125 0.647777778125 0.384375 0.6 0.3825 0.577777778125 0.374375 0.5722222218749999 0.35562499999999997 0.5688888890625 0.32875 0.5688888890625 0.31 0.5633333328125001 0.2975 0.56555555625 0.29874999999999996 0.5788888890624999 0.328125 0.5788888890624999 0.340625 0.5888888890625 0.350625 0.6066666671875
2 0.28312499999999996 0.7877777781249999 0.27875 0.7855555562500001 0.27625 0.7888888890625 0.27625 0.7988888890625 0.28125 0.8 0.280625 0.7911111109375 0.28312499999999996 0.7877777781249999
2 0.236875 0.7788888890625 0.241875 0.7755555562499999 0.23625 0.7733333328125 0.236875 0.7788888890625
2 0.28875 0.7811111109375 0.290625 0.7755555562499999 0.28875 0.7711111109375001 0.28875 0.7811111109375
2 0.28125 0.77 0.28312499999999996 0.7611111109375 0.278125 0.7633333328125 0.27625 0.7766666671875 0.281875 0.782222221875 0.28375 0.7788888890625 0.28125 0.77
2 0.27875 0.7533333328125 0.281875 0.75555555625 0.281875 0.7511111109375 0.27875 0.7533333328125
2 0.18828125 0.7515625 0.00078125 0.003125
2 0.2890625 0.73984375 0.0015625 0.00234375
2 0.2225 0.742222221875 0.22749999999999998 0.742222221875 0.22999999999999998 0.7511111109375 0.24125000000000002 0.75 0.25 0.7588888890625001 0.270625 0.7588888890625001 0.274375 0.75 0.28250000000000003 0.75 0.285625 0.7333333328125 0.28375 0.73 0.29312499999999997 0.727777778125 0.29312499999999997 0.722222221875 0.29562499999999997 0.7188888890625 0.29562499999999997 0.7111111109375 0.291875 0.70555555625 0.29312499999999997 0.7011111109375 0.28125 0.6988888890625 0.27875 0.69555555625 0.281875 0.6777777781250001 0.27999999999999997 0.662222221875 0.278125 0.6611111109375 0.280625 0.652222221875 0.274375 0.6488888890625 0.253125 0.6488888890625 0.23625 0.6677777781249999 0.220625 0.6766666671875 0.21625 0.67 0.216875 0.67555555625 0.20812499999999998 0.692222221875 0.20812499999999998 0.7011111109375 0.205625 0.7088888890625 0.206875 0.7266666671875 0.2225 0.742222221875
2 0.0921875 0.99296875 0.0015625 0.00078125
2 0.017499999999999998 0.972222221875 0.01875 0.9677777781250001 0.013125000000000001 0.9711111109375 0.017499999999999998 0.972222221875
2 0.013125000000000001 0.9588888890625 0.015 0.96 0.014374999999999999 0.9577777781249999 0.013125000000000001 0.9588888890625
2 0.035625000000000004 0.9099999999999999 0.035625000000000004 0.9188888890625 0.041875 0.91555555625 0.041249999999999995 0.9111111109375001 0.035625000000000004 0.9099999999999999
2 0.034999999999999996 0.9033333328125 0.040625 0.9011111109375 0.035625000000000004 0.8988888890625001 0.034999999999999996 0.9033333328125
2 0.16015625 0.86171875 0.0015625 0.00078125
2 0.031875 0.9622222218750001 0.03375 0.9711111109375 0.03 0.9800000000000001 0.031875 0.9866666671875001 0.025 0.9922222218750001 0.028749999999999998 0.99555555625 0.0315625 0.9911111109374999 0.033125 0.99555555625 0.035625000000000004 0.99 0.0375 0.99555555625 0.0415625 0.9933333328125 0.041875 0.9888888890624999 0.045 0.9933333328125 0.051458125 0.9933333328125 0.051875000000000004 0.99 0.058125 0.9933333328125 0.059375 0.9888888890624999 0.0675 0.9933333328125 0.08625000000000001 0.9933333328125 0.0875 0.987777778125 0.095 0.987777778125 0.09812499999999999 0.9933333328125 0.10124999999999999 0.99 0.101666875 0.9933333328125 0.10874999999999999 0.9933333328125 0.11625 0.9988888890625001 0.12562500000000001 0.99555555625 0.18937500000000002 0.99555555625 0.19875 0.9988888890625001 0.22000000000000003 0.99555555625 0.22999999999999998 0.9988888890625001 0.24 0.9933333328125 0.281875 0.9966666671875 0.36375 0.99555555625 0.388125 0.9988888890625001 0.398125 0.99555555625 0.401875 0.99 0.4025 0.9933333328125 0.40374999999999994 0.9888888890624999 0.40625 0.9933333328125 0.40875000000000006 0.9911111109374999 0.42062499999999997 0.9988888890625001 0.4325 0.99555555625 0.448125 0.9988888890625001 0.5125 0.99555555625 0.5225 0.9988888890625001 0.5287499999999999 0.99555555625 0.545268125 0.99555555625 0.54625 0.99 0.55 0.99 0.54857125 0.99555555625 0.5525 0.9966666671875 0.558125 0.9933333328125 0.556875 0.9833333328125 0.55125 0.987777778125 0.545625 0.9855555562499999 0.545625 0.9800000000000001 0.5506249999999999 0.9733333328124999 0.54875 0.9677777781250001 0.5506249999999999 0.9588888890625 0.55 0.9455555562500001 0.556875 0.9488888890625 0.5575 0.9466666671875 0.551875 0.9444444437499999 0.5525 0.9388888890624999 0.5575 0.937777778125 0.545625 0.93555555625 0.5506249999999999 0.9188888890625 0.54875 0.9133333328125 0.55 0.902222221875 0.54625 0.8922222218750001 0.5475 0.8788888890625 0.545625 0.8744444437500001 0.545625 0.8633333328124999 0.54375 0.8611111109375 0.545625 0.8533333328125 0.54 0.8433333328125 0.51125 0.8355555562499999 0.509375 0.8311111109375 0.49749999999999994 0.8355555562499999 0.49124999999999996 0.8288888890624999 0.46312499999999995 0.8222222218749999 0.45437500000000003 0.8166666671874999 0.45062499999999994 0.8166666671874999 0.44749999999999995 0.8211111109375 0.446875 0.8166666671874999 0.441875 0.8288888890624999 0.43937499999999996 0.827777778125 0.43937499999999996 0.82 0.43499999999999994 0.8188888890625 0.4325 0.8188888890625 0.429375 0.8266666671875 0.425 0.8222222218749999 0.40437500000000004 0.82444444375 0.39249999999999996 0.8188888890625 0.3875 0.8133333328125 0.38687499999999997 0.8088888890625 0.37374999999999997 0.8055555562500001 0.318125 0.8055555562500001 0.304375 0.8188888890625 0.20812499999999998 0.8233333328124999 0.181875 0.8177777781250001 0.173125 0.8233333328124999 0.16999999999999998 0.8300000000000001 0.169375 0.8388888890624999 0.1625 0.8366666671875 0.160625 0.8300000000000001 0.159375 0.8400000000000001 0.15625 0.8388888890624999 0.15437499999999998 0.8288888890624999 0.143125 0.8300000000000001 0.139375 0.8355555562499999 0.135 0.8333333328125001 0.1325 0.8411111109375 0.130625 0.8333333328125001 0.125 0.832222221875 0.121875 0.8366666671875 0.1203125 0.8333333328125001 0.11875 0.837777778125 0.113125 0.8300000000000001 0.096875 0.8288888890624999 0.094375 0.837777778125 0.09468750000000001 0.85 0.09125 0.85 0.08499999999999999 0.86555555625 0.080625 0.86555555625 0.078125 0.8699999999999999 0.075625 0.8688888890625 0.07625 0.86555555625 0.073125 0.8666666671875 0.06625 0.8711111109375 0.06375 0.877777778125 0.058750000000000004 0.8766666671875001 0.056874999999999995 0.8888888890625 0.045 0.9 0.048125 0.9077777781249999 0.04375 0.9099999999999999 0.043125000000000004 0.9144444437500001 0.049375 0.9188888890625 0.048125 0.922222221875 0.0375 0.92555555625 0.036875000000000005 0.93 0.033125 0.93 0.03125 0.93444444375 0.031875 0.9411111109375 0.028749999999999998 0.9455555562500001 0.031875 0.9488888890625 0.028749999999999998 0.9511111109374999 0.028749999999999998 0.9588888890625 0.031875 0.9622222218750001
2 0.133125 0.632222221875 0.146875 0.6366666671875 0.171875 0.6366666671875 0.173125 0.632222221875 0.173125 0.5900000000000001 0.175625 0.5588888890625 0.174375 0.5477777781250001 0.060625 0.5311111109375 0.05375 0.5333333328125 0.05125 0.542222221875 0.05 0.6211111109375 0.05375 0.6288888890625 0.06937499999999999 0.632222221875 0.133125 0.632222221875
2 0.06 0.48666666718749996 0.0625 0.48333333281249996 0.059375 0.482222221875 0.06 0.48666666718749996
2 0.0675 0.46333333281250005 0.064375 0.462222221875 0.064375 0.46666666718750005 0.06687499999999999 0.4688888890625 0.0675 0.46333333281250005
2 0.1325 0.45222222187499994 0.1275 0.4533333328125 0.12687500000000002 0.457777778125 0.12875 0.45999999999999996 0.135 0.4566666671875 0.1325 0.45222222187499994
2 0.07625 0.4411111109375 0.074375 0.44444444375 0.071875 0.44000000000000006 0.06999999999999999 0.4411111109375 0.07062500000000001 0.44555555625 0.06687499999999999 0.4511111109375 0.06999999999999999 0.4588888890625 0.07625 0.4411111109375
2 0.21937500000000001 0.30333333281249997 0.22125 0.30222222187500003 0.22000000000000003 0.3011111109375 0.21937500000000001 0.30333333281249997
2 0.155 0.2311111109375 0.14875 0.22999999999999998 0.146875 0.232222221875 0.15125 0.232222221875 0.155 0.2366666671875 0.155 0.2311111109375
2 0.081875 0.292222221875 0.081875 0.2988888890625 0.079375 0.3166666671875 0.07375000000000001 0.3233333328125 0.0725 0.32999999999999996 0.07375000000000001 0.347777778125 0.06999999999999999 0.367777778125 0.071875 0.3811111109375 0.07062500000000001 0.39444444375 0.07375000000000001 0.4011111109375 0.08562499999999999 0.40888888906250004 0.103125 0.4311111109375 0.1025 0.4388888890625 0.094375 0.4388888890625 0.094375 0.45 0.11374999999999999 0.45 0.11625 0.442222221875 0.1275 0.4388888890625 0.136875 0.4188888890625 0.144375 0.4188888890625 0.146875 0.41333333281250006 0.14125000000000001 0.3888888890625 0.145 0.38777777812499997 0.15125 0.4 0.1525 0.41 0.14937499999999998 0.4311111109375 0.145625 0.43555555625000003 0.146875 0.442222221875 0.15375 0.44888888906249996 0.15812500000000002 0.45999999999999996 0.16999999999999998 0.47000000000000003 0.181875 0.4688888890625 0.18625 0.4733333328125 0.18812500000000001 0.4766666671875 0.1875 0.487777778125 0.191875 0.487777778125 0.195 0.48333333281249996 0.18875 0.477777778125 0.19 0.4733333328125 0.20125 0.4733333328125 0.21187499999999998 0.46555555625 0.21812499999999999 0.4566666671875 0.22125 0.442222221875 0.23125 0.42222222187499997 0.23562500000000003 0.397777778125 0.2325 0.347777778125 0.238125 0.34555555625 0.23625 0.33999999999999997 0.238125 0.3366666671875 0.24500000000000002 0.3333333328125 0.24312499999999998 0.32999999999999996 0.22875 0.332222221875 0.228125 0.32555555625 0.23562500000000003 0.31222222187500004 0.23562500000000003 0.297777778125 0.2325 0.29111111093750003 0.23562500000000003 0.2888888890625 0.234375 0.28444444375 0.23937499999999998 0.2811111109375 0.240625 0.27555555625 0.236875 0.27555555625 0.234375 0.2711111109375 0.22999999999999998 0.282222221875 0.22937500000000002 0.29555555624999996 0.225 0.2988888890625 0.2225 0.287777778125 0.22312500000000002 0.2811111109375 0.22000000000000003 0.2788888890625 0.22312500000000002 0.25888888906249996 0.221875 0.2533333328125 0.20249999999999999 0.247777778125 0.199375 0.252222221875 0.195625 0.2488888890625 0.1875 0.252222221875 0.185 0.25888888906249996 0.16 0.25888888906249996 0.146875 0.24 0.13874999999999998 0.23555555625000002 0.13625 0.22999999999999998 0.12687500000000002 0.222222221875 0.10874999999999999 0.2211111109375 0.10124999999999999 0.21777777812500002 0.09875 0.212222221875 0.09375 0.21777777812500002 0.09125 0.2166666671875 0.0925 0.20888888906249997 0.09 0.212222221875 0.088125 0.2233333328125 0.08625000000000001 0.222222221875 0.08499999999999999 0.212222221875 0.080625 0.2033333328125 0.0775 0.2033333328125 0.0775 0.21555555625 0.08 0.21555555625 0.081875 0.222222221875 0.088125 0.22444444375 0.08875 0.22777777812500002 0.083125 0.2388888890625 0.07375000000000001 0.247777778125 0.073125 0.252222221875 0.07375000000000001 0.26777777812500003 0.07625 0.27 0.0775 0.28555555625 0.081875 0.292222221875
2 0.30125 0.27555555625 0.33125 0.2866666671875 0.366875 0.2888888890625 0.4125 0.26 0.414375 0.2511111109375 0.4175 0.2488888890625 0.41937499999999994 0.242222221875 0.41875 0.2388888890625 0.41312499999999996 0.23555555625000002 0.41125 0.22000000000000003 0.414375 0.20888888906249997 0.425 0.20555555625 0.425 0.19555555625 0.41312499999999996 0.1888888890625 0.40625 0.1888888890625 0.40062499999999995 0.1833333328125 0.3775 0.177777778125 0.35812499999999997 0.1633333328125 0.323125 0.1488888890625 0.31124999999999997 0.13999999999999999 0.305 0.13999999999999999 0.29562499999999997 0.1566666671875 0.296875 0.17555555625000002 0.30125 0.1833333328125 0.2975 0.1911111109375 0.2975 0.2 0.29125 0.20888888906249997 0.27625 0.21888888906249998 0.26 0.2411111109375 0.258125 0.25 0.26187499999999997 0.25888888906249996 0.29375 0.26888888906249997 0.30125 0.27555555625
2 0.28875 0.18777777812500002 0.29312499999999997 0.1888888890625 0.28875 0.1833333328125 0.28875 0.18777777812500002
2 0.27375 0.1788888890625 0.27625 0.18 0.275 0.177777778125 0.27375 0.1788888890625
2 0.26625 0.14666666718750002 0.26937500000000003 0.14777777812499998 0.26875 0.1433333328125 0.26625 0.14666666718750002
2 0.24937499999999999 0.142222221875 0.250625 0.14555555625 0.25187499999999996 0.142222221875 0.24937499999999999 0.142222221875
2 0.16125 0.2233333328125 0.1625 0.2266666671875 0.181875 0.22999999999999998 0.191875 0.23777777812499998 0.24500000000000002 0.25 0.25 0.2488888890625 0.259375 0.23333333281250002 0.275625 0.2166666671875 0.27625 0.21111111093749999 0.27875 0.20888888906249997 0.275 0.20111111093749998 0.27375 0.1911111109375 0.26437499999999997 0.18 0.230625 0.1666666671875 0.22749999999999998 0.162222221875 0.2 0.15555555625 0.1875 0.14777777812499998 0.17875000000000002 0.1488888890625 0.16312500000000002 0.1433333328125 0.15875 0.15 0.14625 0.152222221875 0.13999999999999999 0.14666666718750002 0.141875 0.1366666671875 0.136875 0.1311111109375 0.13125 0.1366666671875 0.1275 0.14777777812499998 0.11875 0.15111111093750001 0.11875 0.16555555625 0.10500000000000001 0.18777777812500002 0.10500000000000001 0.20111111093749998 0.12875 0.21555555625 0.144375 0.2133333328125 0.16125 0.2233333328125
2 0.2578125 0.3828125 0.00078125 0.00078125
2 0.27375 0.43 0.26875 0.43555555625000003 0.27625 0.44555555625 0.27625 0.45222222187499994 0.27875 0.457777778125 0.285625 0.462222221875 0.28875 0.41555555625 0.286875 0.38555555625000004 0.288125 0.3788888890625 0.28625 0.3711111109375 0.28875 0.35111111093749997 0.288125 0.3266666671875 0.290625 0.3211111109375 0.288125 0.31222222187500004 0.290625 0.2888888890625 0.288125 0.2811111109375 0.278125 0.2811111109375 0.27375 0.32 0.275 0.3433333328125 0.2725 0.40444444375 0.275625 0.4233333328125 0.27375 0.43
2 0.26187499999999997 0.502222221875 0.26 0.507777778125 0.26 0.51555555625 0.26187499999999997 0.5177777781249999 0.268125 0.5133333328125 0.26187499999999997 0.502222221875
2 0.24937499999999999 0.35 0.246875 0.36 0.25 0.36666666718749996 0.2525 0.36 0.255625 0.36 0.254375 0.37666666718749997 0.256875 0.4011111109375 0.26437499999999997 0.42222222187499997 0.265 0.43 0.27125 0.4388888890625 0.27875 0.457777778125 0.286875 0.45999999999999996 0.288125 0.3911111109375 0.285625 0.382222221875 0.285625 0.3688888890625 0.28875 0.3466666671875 0.288125 0.3288888890625 0.29312499999999997 0.3188888890625 0.288125 0.31444444374999997 0.288125 0.30444444375 0.290625 0.3 0.28875 0.28555555625 0.28625 0.27999999999999997 0.275625 0.27999999999999997 0.27 0.2733333328125 0.26437499999999997 0.272222221875 0.2575 0.27999999999999997 0.254375 0.29111111093750003 0.259375 0.3011111109375 0.256875 0.347777778125 0.255 0.35111111093749997 0.24937499999999999 0.35
2 0.316875 0.5511111109375 0.316875 0.5588888890625 0.344375 0.56555555625 0.349375 0.557777778125 0.35562499999999997 0.557777778125 0.34562499999999996 0.5366666671875 0.348125 0.5311111109375 0.35562499999999997 0.5288888890625 0.353125 0.5255555562499999 0.351875 0.51444444375 0.35375 0.49888888906249995 0.36875 0.497777778125 0.3675 0.487777778125 0.36375 0.487777778125 0.36375 0.482222221875 0.364375 0.47888888906249993 0.369375 0.477777778125 0.369375 0.47222222187499996 0.36375 0.4766666671875 0.35812499999999997 0.4688888890625 0.355 0.48111111093750003 0.3525 0.4766666671875 0.34875 0.482222221875 0.34125 0.48111111093750003 0.335 0.49000000000000005 0.32437499999999997 0.4933333328125 0.315625 0.5011111109375 0.316875 0.527777778125 0.315 0.532222221875 0.315 0.5477777781250001 0.316875 0.5511111109375
2 0.371875 0.3433333328125 0.37131578906249996 0.3443274859375 0.37255319062500003 0.345342790625 0.371875 0.3433333328125
2 0.3675 0.3466666671875 0.369375 0.347777778125 0.37131578906249996 0.3443274859375 0.36875 0.342222221875 0.366875 0.3433333328125 0.3675 0.3466666671875
2 0.37374999999999997 0.34888888906250004 0.37374999999999997 0.3463247859375 0.37255319062500003 0.345342790625 0.37374999999999997 0.34888888906250004
2 0.37687499999999996 0.34888888906250004 0.37374999999999997 0.34555555625 0.37374999999999997 0.3463247859375 0.37687499999999996 0.34888888906250004
2 0.313125 0.347777778125 0.316875 0.35555555625 0.316875 0.36555555625 0.32875 0.37333333281250003 0.32875 0.40555555625000006 0.32687499999999997 0.41555555625 0.319375 0.427777778125 0.31875 0.43777777812499996 0.3142045453125 0.4337373734375 0.3125 0.43777777812499996 0.315 0.4388888890625 0.315625 0.447777778125 0.321875 0.44888888906249996 0.32875 0.44555555625 0.32875 0.442222221875 0.3325 0.4388888890625 0.333125 0.4266666671875 0.34625 0.41777777812499994 0.348125 0.41 0.346875 0.4033333328125 0.35125 0.39555555625 0.350625 0.3888888890625 0.35562499999999997 0.38 0.353125 0.37 0.356875 0.36222222187500003 0.364375 0.3611111109375 0.3625 0.3588888890625 0.3625 0.352222221875 0.365 0.3433333328125 0.35812499999999997 0.3433333328125 0.35562499999999997 0.3466666671875 0.3525 0.342222221875 0.338125 0.33888888906250003 0.33875 0.32 0.3175 0.31 0.313125 0.31222222187500004 0.3125 0.317777778125 0.316875 0.322222221875 0.3175 0.32777777812500003 0.32437499999999997 0.3333333328125 0.3125 0.33888888906250003 0.313125 0.347777778125
2 0.375625 0.32 0.379375 0.32 0.379375 0.31 0.3675 0.31222222187500004 0.3725 0.317777778125 0.3725 0.32555555625 0.375625 0.32
2 0.321875 0.2966666671875 0.32437499999999997 0.2988888890625 0.323125 0.29555555624999996 0.321875 0.2966666671875
2 0.313125 0.29111111093750003 0.31437499999999996 0.2966666671875 0.319375 0.29555555624999996 0.31875 0.29111111093750003 0.313125 0.29111111093750003
2 0.30703125 0.29140625 0.00078125 0.00234375
2 0.306875 0.287777778125 0.32 0.2866666671875 0.3075 0.2833333328125 0.306875 0.287777778125
2 0.078125 0.317777778125 0.075 0.3233333328125 0.07625 0.337777778125 0.07375000000000001 0.3433333328125 0.07625 0.35111111093749997 0.07062500000000001 0.3688888890625 0.071875 0.38 0.06999999999999999 0.3888888890625 0.0725 0.3966666671875 0.103125 0.4311111109375 0.10500000000000001 0.43666666718749997 0.109375 0.44000000000000006 0.115625 0.4388888890625 0.118125 0.41555555625 0.11750000000000001 0.3366666671875 0.11687499999999999 0.3211111109375 0.110625 0.30222222187500003 0.11625 0.30222222187500003 0.12125 0.2788888890625 0.12125 0.2533333328125 0.11875 0.2311111109375 0.11125 0.222222221875 0.096875 0.21888888906249998 0.075 0.247777778125 0.073125 0.257777778125 0.075 0.27 0.073125 0.2888888890625 0.078125 0.3 0.078125 0.317777778125
2 0.785625 0.9099999999999999 0.776875 0.9066666671875 0.7737499999999999 0.9 0.759375 0.9011111109375 0.75875 0.9099999999999999 0.76125 0.9133333328125 0.785625 0.9199999999999999 0.785625 0.9099999999999999
2 0.770625 0.85555555625 0.784375 0.8400000000000001 0.780625 0.837777778125 0.784375 0.8333333328125001 0.7825 0.8311111109375 0.7943749999999999 0.82 0.795 0.8088888890625 0.8 0.7977777781250001 0.8012499999999999 0.7877777781249999 0.8099999999999999 0.7877777781249999 0.820625 0.7977777781250001 0.826875 0.8133333328125 0.8262499999999999 0.8300000000000001 0.8237500000000001 0.8333333328125001 0.8225 0.8488888890625 0.835 0.862222221875 0.8393750000000001 0.8711111109375 0.84375 0.89555555625 0.85 0.912222221875 0.850625 0.9366666671875 0.8550000000000001 0.9455555562500001 0.8775000000000001 0.952222221875 0.885 0.9588888890625 0.9175000000000001 0.9588888890625 0.940625 0.9766666671875001 0.945625 0.9744444437500001 0.974375 0.9811111109375 0.994375 0.99 0.999375 0.9855555562499999 0.999375 0.9588888890625 0.99125 0.9488888890625 0.983125 0.9444444437499999 0.984375 0.93444444375 0.9875 0.9311111109375 0.9875 0.9266666671875001 0.9949999999999999 0.9099999999999999 0.993125 0.9055555562500001 0.9925 0.887777778125 0.99 0.8811111109375 0.990625 0.8588888890625 0.9881249999999999 0.8511111109374999 0.990625 0.8233333328124999 0.999375 0.8055555562500001 0.999375 0.7811111109375 0.994375 0.7755555562499999 0.99125 0.76444444375 0.9925 0.7566666671875 0.990625 0.747777778125 0.9925 0.742222221875 0.99125 0.73444444375 0.993125 0.7233333328125 0.9881249999999999 0.70444444375 0.9949999999999999 0.6900000000000001 0.9949999999999999 0.6733333328125 0.99125 0.6711111109375001 0.99 0.66444444375 0.994375 0.6599999999999999 0.9949999999999999 0.6488888890625 0.999375 0.6455555562499999 0.9974999999999999 0.6111111109375 0.9893750000000001 0.6066666671875 0.96 0.6033333328125 0.80375 0.607777778125 0.8006249999999999 0.6111111109375 0.798125 0.6244444437500001 0.795 0.6588888890625 0.79125 0.672222221875 0.780625 0.757777778125 0.77125 0.8099999999999999 0.770625 0.8300000000000001 0.7675 0.837777778125 0.76625 0.85555555625 0.770625 0.85555555625
2 0.93984375 0.57734375 0.0015625 0.00078125
2 0.951875 0.57444444375 0.951875 0.5788888890624999 0.9568749999999999 0.577777778125 0.95625 0.5733333328125 0.951875 0.57444444375
2 0.9512499999999999 0.55 0.953125 0.5511111109375 0.951875 0.54555555625 0.9512499999999999 0.55
2 0.945625 0.5377777781249999 0.946875 0.5333333328125 0.951875 0.5355555562500001 0.9506249999999999 0.5233333328125 0.9475 0.52 0.9493750000000001 0.5166666671875 0.9487500000000001 0.512222221875 0.94625 0.5266666671875 0.940625 0.5311111109375 0.9425000000000001 0.5366666671875 0.945625 0.5377777781249999
2 0.945625 0.47000000000000003 0.94375 0.4711111109375 0.94375 0.4766666671875 0.945625 0.477777778125 0.945625 0.47000000000000003
2 0.23937499999999998 0.8177777781250001 0.2425 0.8166666671874999 0.240625 0.8133333328125 0.23937499999999998 0.8177777781250001
2 0.2578125 0.590625 0.00078125 0.00078125
2 0.263125 0.597777778125 0.265625 0.6033333328125 0.26437499999999997 0.60555555625 0.268125 0.602222221875 0.2725 0.6133333328125 0.275625 0.61 0.29312499999999997 0.622222221875 0.321875 0.67555555625 0.3075 0.722222221875 0.304375 0.7433333328125 0.3 0.7488888890625 0.3 0.757777778125 0.29562499999999997 0.772222221875 0.29562499999999997 0.8099999999999999 0.2975 0.81555555625 0.306875 0.81555555625 0.309375 0.8011111109375 0.319375 0.79 0.3275 0.7677777781249999 0.33375 0.757777778125 0.33375 0.7533333328125 0.3375 0.75 0.33625 0.722222221875 0.33999999999999997 0.72 0.346875 0.692222221875 0.343125 0.6811111109375 0.34562499999999996 0.66555555625 0.35562499999999997 0.6455555562499999 0.356875 0.61 0.35562499999999997 0.60555555625 0.348125 0.6033333328125 0.340625 0.5900000000000001 0.32687499999999997 0.5788888890624999 0.265 0.5788888890624999 0.263125 0.5822222218750001 0.263125 0.587777778125 0.26625 0.5933333328125 0.263125 0.597777778125
2 0.9487500000000001 0.762222221875 0.95375 0.76 0.9506249999999999 0.7588888890625001 0.9487500000000001 0.762222221875
2 0.838125 0.8188888890625 0.8481249999999999 0.8266666671875 0.8487500000000001 0.82 0.8525 0.8166666671874999 0.85375 0.8088888890625 0.865 0.7988888890625 0.8643750000000001 0.79 0.851875 0.7766666671875 0.8556250000000001 0.7666666671875 0.8550000000000001 0.757777778125 0.8568749999999999 0.75 0.853125 0.74555555625 0.853125 0.7388888890625 0.8456250000000001 0.7411111109374999 0.8387499999999999 0.752222221875 0.83375 0.7666666671875 0.83375 0.777777778125 0.8318749999999999 0.7811111109375 0.83375 0.8088888890625 0.838125 0.8188888890625
2 0.95875 0.7611111109375 0.95375 0.7688888890625 0.95875 0.7711111109375001 0.9581250000000001 0.7666666671875 0.96125 0.7677777781249999 0.963125 0.7588888890625001 0.961875 0.7533333328125 0.9574999999999999 0.7511111109375 0.9568749999999999 0.747777778125 0.96125 0.7433333328125 0.96125 0.74 0.95875 0.73 0.9525 0.7311111109375 0.9512499999999999 0.7388888890625 0.95625 0.7433333328125 0.9550000000000001 0.7566666671875 0.95875 0.7611111109375
2 0.884375 0.74444444375 0.889375 0.7633333328125 0.889375 0.7766666671875 0.8943749999999999 0.7788888890625 0.8943749999999999 0.7888888890625 0.8925000000000001 0.7911111109375 0.9043749999999999 0.8 0.906875 0.8088888890625 0.9112500000000001 0.8055555562500001 0.913125 0.8088888890625 0.9106249999999999 0.81555555625 0.9125 0.82 0.9125 0.8300000000000001 0.9181250000000001 0.8400000000000001 0.925 0.8422222218750001 0.92875 0.837777778125 0.9275 0.8166666671874999 0.9225 0.812222221875 0.920625 0.8011111109375 0.9268750000000001 0.7977777781250001 0.9349999999999999 0.7811111109375 0.9337500000000001 0.7788888890625 0.9356249999999999 0.7755555562499999 0.931875 0.7766666671875 0.9262499999999999 0.7688888890625 0.9275 0.7677777781249999 0.921875 0.77 0.9181250000000001 0.7666666671875 0.915625 0.762222221875 0.9181250000000001 0.757777778125 0.91625 0.7588888890625001 0.915625 0.74555555625 0.9193749999999999 0.74 0.9199999999999999 0.7311111109375 0.9268750000000001 0.72555555625 0.928125 0.7211111109375 0.9412499999999999 0.72 0.93875 0.7166666671875 0.9371875 0.72 0.9356249999999999 0.7166666671875 0.9275 0.7188888890625 0.9199999999999999 0.7122222218750001 0.9125 0.7122222218750001 0.9012499999999999 0.72 0.8956250000000001 0.7288888890624999 0.884375 0.7311111109375 0.884375 0.74444444375
2 0.311875 0.7088888890625 0.31124999999999997 0.7033333328125 0.31 0.7011111109375 0.30375 0.7088888890625 0.304375 0.7166666671875 0.3025 0.7211111109375 0.306875 0.7233333328125 0.311875 0.7088888890625
2 0.30703125 0.6984375 0.00078125 0.00078125
2 0.32437499999999997 0.6366666671875 0.33625 0.62 0.33625 0.6111111109375 0.33125 0.6011111109375 0.323125 0.5988888890624999 0.319375 0.592222221875 0.311875 0.5933333328125 0.31 0.5988888890624999 0.301875 0.6011111109375 0.30125 0.6111111109375 0.316875 0.63555555625 0.320625 0.6333333328124999 0.32437499999999997 0.6366666671875
2 0.328125 0.58 0.33187500000000003 0.57555555625 0.335625 0.5788888890624999 0.33375 0.5833333328125 0.33625 0.5833333328125 0.340625 0.5911111109375 0.34500000000000003 0.5888888890625 0.349375 0.5933333328125 0.350625 0.60555555625 0.35625 0.6111111109375 0.35625 0.6211111109375 0.361875 0.6311111109375 0.36062500000000003 0.637777778125 0.35562499999999997 0.6311111109375 0.35562499999999997 0.6466666671875 0.37687499999999996 0.6488888890625 0.380625 0.6455555562499999 0.379375 0.627777778125 0.381875 0.6211111109375 0.381875 0.5866666671874999 0.380625 0.5788888890624999 0.37687499999999996 0.5733333328125 0.338125 0.5733333328125 0.33375 0.5700000000000001 0.330625 0.57444444375 0.321875 0.567777778125 0.311875 0.5666666671875 0.31124999999999997 0.5711111109375 0.3075 0.5733333328125 0.3075 0.577777778125 0.328125 0.58
2 0.30625 0.540625 0.00078125 0.00078125
2 0.2546875 0.40078125 0.0015625 0.00078125
2 0.07625 0.39 0.079375 0.3788888890625 0.0775 0.3788888890625 0.0725 0.3888888890625 0.073125 0.4 0.078125 0.4 0.07625 0.39
2 0.080625 0.3611111109375 0.079375 0.35555555625 0.075 0.357777778125 0.073125 0.3611111109375 0.075 0.36555555625 0.0775 0.36666666718749996 0.080625 0.3611111109375
2 0.109375 0.3375 0.00078125 0.00234375
2 0.079375 0.33555555625 0.0775 0.33888888906250003 0.079375 0.337777778125 0.08 0.32999999999999996 0.0875 0.32 0.084375 0.3066666671875 0.084375 0.29555555624999996 0.08375 0.307777778125 0.07625 0.3233333328125 0.07625 0.32999999999999996 0.079375 0.33555555625
2 0.08249999999999999 0.27999999999999997 0.083125 0.2633333328125 0.078125 0.2633333328125 0.0775 0.2711111109375 0.08 0.2733333328125 0.080625 0.27999999999999997 0.08249999999999999 0.27999999999999997
2 0.1625 0.23333333281250002 0.161875 0.23777777812499998 0.1675 0.2366666671875 0.1675 0.23333333281250002 0.1625 0.23333333281250002
2 0.055625 0.7133333328125 0.05500000000000001 0.7188888890625 0.05 0.7188888890625 0.048125 0.722222221875 0.049375 0.73 0.04625 0.76 0.04625 0.7688888890625 0.050624999999999996 0.7788888890625 0.048125 0.782222221875 0.046875 0.7977777781250001 0.048125 0.8066666671875 0.05125 0.8099999999999999 0.095 0.8099999999999999 0.108125 0.812222221875 0.115625 0.82 0.12062500000000001 0.82 0.12250000000000001 0.81555555625 0.12562500000000001 0.8177777781250001 0.128125 0.812222221875 0.20875 0.8066666671875 0.22312500000000002 0.7977777781250001 0.22000000000000003 0.79555555625 0.21812499999999999 0.7888888890625 0.21875 0.7811111109375 0.221875 0.7788888890625 0.228125 0.7788888890625 0.2325 0.792222221875 0.23562500000000003 0.79555555625 0.24375 0.7933333328125001 0.248125 0.8011111109375 0.254375 0.802222221875 0.2575 0.8099999999999999 0.26187499999999997 0.8111111109375001 0.26875 0.8033333328125 0.288125 0.7988888890625 0.290625 0.7866666671875 0.289375 0.7733333328125 0.294375 0.7688888890625 0.289375 0.747777778125 0.291875 0.73444444375 0.29562499999999997 0.7322222218750001 0.2975 0.7233333328125 0.296875 0.6988888890625 0.29125 0.69555555625 0.29312499999999997 0.6911111109375 0.29125 0.687777778125 0.29125 0.6533333328125 0.29312499999999997 0.6455555562499999 0.301875 0.6433333328125 0.305 0.6366666671875 0.29874999999999996 0.6333333328124999 0.290625 0.62 0.28375 0.6188888890625 0.275625 0.612222221875 0.276875 0.607777778125 0.27875 0.6088888890625 0.26875 0.6011111109375 0.268125 0.59555555625 0.26125 0.587777778125 0.27375 0.5733333328125 0.290625 0.577777778125 0.299375 0.5733333328125 0.296875 0.5666666671875 0.299375 0.5599999999999999 0.29562499999999997 0.5599999999999999 0.29562499999999997 0.5522222218749999 0.299375 0.5466666671875 0.3 0.5411111109375 0.3075 0.5366666671875 0.31 0.52 0.3 0.5188888890625 0.29562499999999997 0.5255555562499999 0.28625 0.5188888890625 0.260625 0.5188888890625 0.260625 0.5033333328125 0.25875 0.497777778125 0.253125 0.4933333328125 0.25187499999999996 0.482222221875 0.285625 0.4566666671875 0.28375 0.45222222187499994 0.28625 0.447777778125 0.288125 0.42222222187499997 0.29375 0.41333333281250006 0.28875 0.4011111109375 0.289375 0.3911111109375 0.29562499999999997 0.38333333281250004 0.29874999999999996 0.37 0.304375 0.37 0.30125 0.3688888890625 0.2975 0.36 0.2975 0.352222221875 0.294375 0.34888888906250004 0.29874999999999996 0.33999999999999997 0.29874999999999996 0.3333333328125 0.29562499999999997 0.32777777812500003 0.2975 0.3111111109375 0.29312499999999997 0.2811111109375 0.28312499999999996 0.2711111109375 0.265 0.27 0.26187499999999997 0.2666666671875 0.255625 0.27 0.24562499999999998 0.2666666671875 0.22937500000000002 0.26777777812500003 0.22749999999999998 0.26555555625 0.22875 0.25666666718750003 0.20625 0.24666666718750002 0.195 0.2488888890625 0.18562499999999998 0.257777778125 0.161875 0.25888888906249996 0.151875 0.25 0.15 0.24333333281249997 0.1575 0.23777777812499998 0.15562499999999999 0.22999999999999998 0.13999999999999999 0.22999999999999998 0.13625 0.22555555625 0.136875 0.2211111109375 0.1325 0.222222221875 0.12250000000000001 0.21555555625 0.11687499999999999 0.2166666671875 0.11374999999999999 0.2211111109375 0.10687500000000001 0.2211111109375 0.10124999999999999 0.21777777812500002 0.09812499999999999 0.2066666671875 0.096875 0.21111111093749999 0.094375 0.2066666671875 0.094375 0.21000000000000002 0.09 0.20888888906249997 0.09375 0.21777777812500002 0.09125 0.222222221875 0.0925 0.2311111109375 0.0875 0.23333333281250002 0.075 0.2533333328125 0.075 0.257777778125 0.091875 0.257777778125 0.094375 0.2633333328125 0.10187500000000001 0.2633333328125 0.103125 0.26888888906249997 0.096875 0.27444444375 0.09875 0.2788888890625 0.094375 0.2788888890625 0.100625 0.27999999999999997 0.10124999999999999 0.2866666671875 0.104375 0.29111111093750003 0.10124999999999999 0.30222222187500003 0.109375 0.317777778125 0.1075 0.32777777812500003 0.11625 0.32999999999999996 0.115625 0.337777778125 0.12687500000000002 0.3433333328125 0.125 0.3533333328125 0.12625 0.3588888890625 0.121875 0.37 0.11374999999999999 0.37444444374999997 0.11187499999999999 0.3966666671875 0.11625 0.40888888906250004 0.11625 0.4188888890625 0.114375 0.42555555624999997 0.11187499999999999 0.4233333328125 0.115625 0.42888888906249995 0.11187499999999999 0.43666666718749997 0.109375 0.43777777812499996 0.10375000000000001 0.427777778125 0.09812499999999999 0.4311111109375 0.08937500000000001 0.42000000000000004 0.083125 0.42000000000000004 0.079375 0.4233333328125 0.076875 0.43666666718749997 0.07062500000000001 0.4411111109375 0.06937499999999999 0.44666666718750003 0.058750000000000004 0.462222221875 0.058125 0.4888888890625 0.05375 0.502222221875 0.052500000000000005 0.5255555562499999 0.05500000000000001 0.5266666671875 0.055625 0.5311111109375 0.053125 0.5333333328125 0.051875000000000004 0.542222221875 0.05 0.617777778125 0.05125 0.64444444375 0.057499999999999996 0.652222221875 0.050624999999999996 0.6633333328125001 0.048125 0.6777777781250001 0.05 0.6966666671875 0.052500000000000005 0.6988888890625 0.051875000000000004 0.7066666671874999 0.055625 0.7133333328125
2 0.438125 0.8 0.441875 0.7977777781250001 0.445625 0.8099999999999999 0.460625 0.8133333328125 0.46624999999999994 0.8177777781250001 0.478125 0.82 0.480625 0.81555555625 0.480625 0.747777778125 0.4725 0.7288888890624999 0.4575 0.7211111109375 0.441875 0.72 0.43499999999999994 0.72555555625 0.43 0.7388888890625 0.43 0.7677777781249999 0.434375 0.7855555562500001 0.4375 0.79 0.438125 0.8
2 0.08125 0.8099999999999999 0.0875 0.8133333328125 0.10874999999999999 0.8111111109375001 0.115625 0.82 0.12062500000000001 0.82 0.12250000000000001 0.81555555625 0.12625 0.82 0.12875 0.8166666671874999 0.13374999999999998 0.8177777781250001 0.148125 0.8111111109375001 0.21937500000000001 0.8066666671875 0.22374999999999998 0.7988888890625 0.220625 0.78 0.226875 0.78 0.2325 0.7911111109375 0.2425 0.7933333328125001 0.246875 0.8011111109375 0.25125000000000003 0.802222221875 0.254375 0.8099999999999999 0.26 0.812222221875 0.27625 0.8011111109375 0.285625 0.7988888890625 0.289375 0.7911111109375 0.290625 0.7755555562499999 0.288125 0.762222221875 0.290625 0.7588888890625001 0.29125 0.74 0.296875 0.722222221875 0.296875 0.707777778125 0.29312499999999997 0.69555555625 0.29125 0.67555555625 0.29125 0.64444444375 0.294375 0.6366666671875 0.29312499999999997 0.6266666671875 0.290625 0.6211111109375 0.28375 0.62 0.275 0.6133333328125 0.260625 0.612222221875 0.256875 0.60555555625 0.25625 0.597777778125 0.259375 0.5822222218750001 0.26749999999999996 0.5788888890624999 0.2725 0.5711111109375 0.29312499999999997 0.577777778125 0.294375 0.5700000000000001 0.29312499999999997 0.5666666671875 0.27875 0.562222221875 0.23875000000000002 0.5588888890625 0.22000000000000003 0.5533333328125 0.21187499999999998 0.5555555562500001 0.20812499999999998 0.5522222218749999 0.17875000000000002 0.55 0.164375 0.54555555625 0.145625 0.54555555625 0.138125 0.5411111109375 0.104375 0.5388888890625 0.084375 0.5355555562500001 0.076875 0.5311111109375 0.056874999999999995 0.5311111109375 0.052500000000000005 0.5366666671875 0.050624999999999996 0.6244444437500001 0.057499999999999996 0.637777778125 0.052500000000000005 0.642222221875 0.052500000000000005 0.657777778125 0.048125 0.6866666671874999 0.05 0.7166666671875 0.046875 0.722222221875 0.046875 0.7988888890625 0.048125 0.8055555562500001 0.052500000000000005 0.8099999999999999 0.08125 0.8099999999999999
2 0.29312499999999997 0.26555555625 0.30375 0.27555555625 0.346875 0.2888888890625 0.37 0.2866666671875 0.37312500000000004 0.282222221875 0.396875 0.26888888906249997 0.399375 0.2611111109375 0.40499999999999997 0.25888888906249996 0.4 0.242222221875 0.39625 0.23777777812499998 0.366875 0.22555555625 0.35875 0.21888888906249998 0.33375 0.212222221875 0.316875 0.21111111093749999 0.3075 0.21555555625 0.28625 0.212222221875 0.26875 0.22999999999999998 0.26187499999999997 0.24333333281249997 0.260625 0.252222221875 0.26437499999999997 0.25888888906249996 0.29125 0.25888888906249996 0.29312499999999997 0.26555555625
2 0.10375000000000001 0.15555555625 0.113125 0.1633333328125 0.10124999999999999 0.1888888890625 0.10124999999999999 0.1988888890625 0.12875 0.2166666671875 0.15125 0.22000000000000003 0.21937500000000001 0.247777778125 0.25 0.25 0.263125 0.2311111109375 0.28312499999999996 0.212222221875 0.284375 0.1988888890625 0.29312499999999997 0.2 0.296875 0.1933333328125 0.296875 0.18777777812500002 0.29375 0.18222222187499998 0.28312499999999996 0.17444444374999998 0.28312499999999996 0.16444444375 0.285625 0.157777778125 0.28375 0.15 0.29312499999999997 0.14777777812499998 0.29562499999999997 0.1433333328125 0.29312499999999997 0.13333333281249998 0.288125 0.1288888890625 0.275 0.1266666671875 0.24874999999999997 0.11000000000000001 0.23374999999999999 0.10555555624999999 0.230625 0.1011111109375 0.21875 0.1 0.210625 0.0933333328125 0.191875 0.08777777812500001 0.164375 0.067777778125 0.13874999999999998 0.06555555625000001 0.136875 0.058888889062500005 0.129375 0.0511111109375 0.1075 0.0511111109375 0.1075 0.0566666671875 0.11187499999999999 0.062222221875 0.110625 0.06999999999999999 0.113125 0.0733333328125 0.11000000000000001 0.0788888890625 0.10500000000000001 0.077777778125 0.10500000000000001 0.08777777812500001 0.09812499999999999 0.09555555624999999 0.091875 0.092222221875 0.084375 0.0933333328125 0.084375 0.13444444375 0.094375 0.142222221875 0.09875 0.1411111109375 0.10375000000000001 0.15555555625
2 0.11625 0.0188888890625 0.11875 0.01555555625 0.11687499999999999 0.013333332812500001 0.11625 0.0188888890625
2 0.258125 0.6333333328124999 0.24562499999999998 0.6333333328124999 0.24375 0.6388888890625 0.2475 0.6411111109375 0.26 0.637777778125 0.258125 0.6333333328124999
2 0.236875 0.62 0.23562500000000003 0.6255555562499999 0.2375 0.6266666671875 0.23937499999999998 0.6211111109375 0.236875 0.62
2 0.26 0.61 0.259375 0.612222221875 0.265 0.61555555625 0.26437499999999997 0.6088888890625 0.26 0.61
2 0.313125 0.6266666671875 0.321875 0.6333333328124999 0.328125 0.6288888890625 0.33375 0.612222221875 0.33375 0.6088888890625 0.32375 0.6 0.31 0.6 0.303125 0.60555555625 0.3025 0.6111111109375 0.3075 0.6188888890625 0.31124999999999997 0.62 0.313125 0.6266666671875
2 0.228125 0.6033333328125 0.23125 0.597777778125 0.22875 0.597777778125 0.22625 0.6011111109375 0.231875 0.61 0.2325 0.6066666671875 0.228125 0.6033333328125
2 0.25078125 0.58828125 0.0015625 0.00078125
2 0.18687499999999999 0.6366666671875 0.18937500000000002 0.63 0.19125 0.632222221875 0.1903125 0.6366666671875 0.1925 0.632222221875 0.19437500000000002 0.637777778125 0.19637500000000002 0.6333333328124999 0.19775 0.637777778125 0.199625 0.6333333328124999 0.201125 0.637777778125 0.202875 0.6333333328124999 0.2045 0.637777778125 0.20612499999999997 0.6333333328124999 0.20787499999999998 0.637777778125 0.209375 0.6333333328124999 0.21125 0.637777778125 0.21437499999999998 0.6366666671875 0.213125 0.6011111109375 0.220625 0.6 0.220625 0.5900000000000001 0.22749999999999998 0.58 0.23875000000000002 0.5711111109375 0.2575 0.57555555625 0.27749999999999997 0.5722222218749999 0.281875 0.5766666671875 0.328125 0.5788888890624999 0.334375 0.5822222218750001 0.349375 0.602222221875 0.35625 0.6188888890625 0.35625 0.6488888890625 0.38 0.6488888890625 0.381875 0.6455555562499999 0.3825 0.5788888890624999 0.375625 0.5733333328125 0.325625 0.5688888890625 0.305 0.5633333328125001 0.28875 0.56555555625 0.27875 0.5611111109375 0.23312499999999997 0.5566666671875 0.22125 0.5511111109375 0.191875 0.5533333328125 0.1625 0.5433333328125001 0.095 0.5377777781249999 0.06375 0.53 0.05437499999999999 0.5311111109375 0.051875000000000004 0.5366666671875 0.050624999999999996 0.6266666671875 0.057499999999999996 0.6311111109375 0.171875 0.637777778125 0.18687499999999999 0.6366666671875
2 0.95625 0.54555555625 0.95375 0.5388888890625 0.95375 0.522222221875 0.9487500000000001 0.48111111093750003 0.9525 0.47000000000000003 0.9668749999999999 0.47555555624999996 0.96875 0.4711111109375 0.968125 0.4611111109375 0.96125 0.45555555625000005 0.954375 0.45555555625000005 0.944375 0.462222221875 0.9418749999999999 0.467777778125 0.923125 0.4688888890625 0.920625 0.48111111093750003 0.9181250000000001 0.6 0.960625 0.6011111109375 0.96125 0.5900000000000001 0.95625 0.54555555625
2 0.56375 0.96555555625 0.5625 0.9800000000000001 0.566875 0.99 0.57125 0.99 0.57375 0.99555555625 0.5818749999999999 0.9988888890625001 0.605 0.9988888890625001 0.6075 0.99555555625 0.649375 0.9988888890625001 0.665 0.9933333328125 0.6825 0.9933333328125 0.705 0.9988888890625001 0.728125 0.99555555625 0.7306250000000001 0.99 0.73 0.982222221875 0.735 0.95555555625 0.73625 0.9322222218749999 0.74 0.9133333328125 0.74 0.89555555625 0.7424999999999999 0.89 0.743125 0.8699999999999999 0.745 0.867777778125 0.745625 0.8533333328125 0.75 0.8355555562499999 0.75625 0.76 0.7631249999999999 0.7166666671875 0.76375 0.6911111109375 0.75875 0.687777778125 0.714375 0.68555555625 0.68875 0.6799999999999999 0.61 0.6766666671875 0.594375 0.6788888890625 0.589375 0.6988888890625 0.5862499999999999 0.737777778125 0.5775 0.7788888890625 0.57625 0.7977777781250001 0.571875 0.812222221875 0.571875 0.8266666671875 0.56875 0.8300000000000001 0.566875 0.837777778125 0.565625 0.8688888890625 0.5625 0.8811111109375 0.5625 0.917777778125 0.564375 0.9199999999999999 0.561875 0.9411111109375 0.56375 0.96555555625
2 0.281875 0.43 0.28125 0.44666666718750003 0.285625 0.44888888906249996 0.285625 0.43222222187500003 0.281875 0.43
2 0.27875 0.4266666671875 0.285625 0.4233333328125 0.285625 0.4188888890625 0.2821875 0.4188888890625 0.281875 0.4233333328125 0.27875 0.4188888890625 0.27875 0.4266666671875
2 0.27625 0.397777778125 0.27937500000000004 0.4011111109375 0.27875 0.392222221875 0.27625 0.397777778125
2 0.27875 0.357777778125 0.27875 0.3688888890625 0.28312499999999996 0.37 0.28312499999999996 0.3633333328125 0.27875 0.357777778125
2 0.38687499999999997 0.29111111093750003 0.381875 0.2888888890625 0.380625 0.29111111093750003 0.3825 0.2988888890625 0.38687499999999997 0.297777778125 0.38687499999999997 0.29111111093750003
2 0.28625 0.28444444375 0.27875 0.2833333328125 0.27875 0.3111111109375 0.281875 0.3166666671875 0.285625 0.3166666671875 0.28625 0.28444444375
2 0.234375 0.412222221875 0.234375 0.42222222187499997 0.248125 0.47222222187499996 0.255625 0.49000000000000005 0.274375 0.5177777781249999 0.29562499999999997 0.5166666671875 0.313125 0.49888888906249995 0.33375 0.49000000000000005 0.348125 0.47555555624999996 0.354375 0.462222221875 0.37124999999999997 0.43777777812499996 0.379375 0.4188888890625 0.38 0.41 0.385625 0.39444444375 0.390625 0.3888888890625 0.393125 0.3811111109375 0.4025 0.37555555625000003 0.40875000000000006 0.35111111093749997 0.415625 0.33999999999999997 0.425 0.3 0.42750000000000005 0.27999999999999997 0.426875 0.262222221875 0.425 0.2533333328125 0.414375 0.26555555625 0.41312499999999996 0.287777778125 0.40625 0.307777778125 0.4025 0.32777777812500003 0.39375 0.3433333328125 0.39125 0.342222221875 0.39125 0.3133333328125 0.3825 0.307777778125 0.37374999999999997 0.377777778125 0.350625 0.40888888906250004 0.335 0.43666666718749997 0.3225 0.44333333281250004 0.31124999999999997 0.467777778125 0.303125 0.47222222187499996 0.288125 0.467777778125 0.28125 0.44888888906249996 0.275 0.44555555625 0.2725 0.43333333281249997 0.2575 0.40222222187499995 0.2575 0.39 0.254375 0.392222221875 0.25187499999999996 0.38 0.241875 0.3611111109375 0.23562500000000003 0.36 0.236875 0.37666666718749997 0.23937499999999998 0.382222221875 0.23937499999999998 0.40222222187499995 0.234375 0.412222221875
2 0.410625 0.28555555625 0.41125 0.27444444375 0.40374999999999994 0.2733333328125 0.395625 0.2833333328125 0.39625 0.3066666671875 0.4 0.307777778125 0.405625 0.3 0.410625 0.28555555625
2 0.436875 0.2866666671875 0.43937499999999996 0.2888888890625 0.44625000000000004 0.2866666671875 0.449375 0.2811111109375 0.45875000000000005 0.2788888890625 0.46125 0.2733333328125 0.46624999999999994 0.272222221875 0.469375 0.2633333328125 0.480625 0.26555555625 0.49437499999999995 0.25666666718750003 0.495 0.247777778125 0.49812500000000004 0.24444444375000002 0.51125 0.257777778125 0.52625 0.26 0.530625 0.25555555625 0.529375 0.2488888890625 0.5325 0.24 0.5325 0.2288888890625 0.5349999999999999 0.232222221875 0.5375 0.22999999999999998 0.53125 0.2266666671875 0.529375 0.212222221875 0.52125 0.21111111093749999 0.51375 0.202222221875 0.501875 0.197777778125 0.495 0.1888888890625 0.484375 0.18777777812500002 0.480625 0.1833333328125 0.46875 0.18 0.45625 0.18222222187499998 0.45187499999999997 0.1888888890625 0.45187499999999997 0.1988888890625 0.446875 0.21111111093749999 0.4325 0.21888888906249998 0.42874999999999996 0.2311111109375 0.43 0.26888888906249997 0.436875 0.27444444375 0.436875 0.2866666671875
2 0.4225 0.5033333328125 0.418125 0.51 0.416875 0.5288888890625 0.42062499999999997 0.5366666671875 0.42437500000000006 0.5566666671875 0.41875 0.567777778125 0.42062499999999997 0.5722222218749999 0.41875 0.5822222218750001 0.42062499999999997 0.60555555625 0.414375 0.6188888890625 0.418125 0.6266666671875 0.41624999999999995 0.637777778125 0.414375 0.6388888890625 0.42062499999999997 0.65 0.418125 0.6599999999999999 0.42062499999999997 0.70555555625 0.4225 0.7088888890625 0.42062499999999997 0.72 0.425 0.7322222218750001 0.425 0.74 0.43 0.747777778125 0.43 0.782222221875 0.43937499999999996 0.8066666671875 0.46125 0.81555555625 0.504375 0.8211111109375 0.521875 0.812222221875 0.524375 0.8066666671875 0.5237499999999999 0.7877777781249999 0.51625 0.7811111109375 0.509375 0.78 0.5081249999999999 0.777777778125 0.51125 0.7711111109375001 0.504375 0.76 0.50875 0.757777778125 0.5081249999999999 0.7533333328125 0.5118750000000001 0.74555555625 0.529375 0.7388888890625 0.529375 0.7022222218749999 0.5325 0.6966666671875 0.5325 0.6811111109375 0.5393749999999999 0.6677777781249999 0.5425 0.6677777781249999 0.5425 0.657777778125 0.5325 0.6488888890625 0.5325 0.6366666671875 0.52625 0.6244444437500001 0.5275000000000001 0.62 0.530625 0.6188888890625 0.53125 0.6011111109375 0.535625 0.59555555625 0.5287499999999999 0.58444444375 0.529375 0.5722222218749999 0.53125 0.5700000000000001 0.529375 0.5633333328125001 0.53125 0.5522222218749999 0.534375 0.542222221875 0.5425 0.542222221875 0.5349999999999999 0.5333333328125 0.533125 0.512222221875 0.535625 0.507777778125 0.5349999999999999 0.5033333328125 0.54 0.49888888906249995 0.54 0.4933333328125 0.535625 0.49000000000000005 0.53625 0.482222221875 0.5325 0.47222222187499996 0.5375 0.45555555625000005 0.5375 0.43666666718749997 0.535625 0.43555555625000003 0.535625 0.4311111109375 0.5393749999999999 0.42111111093750003 0.5431250000000001 0.41777777812499994 0.5425 0.412222221875 0.5375 0.407777778125 0.538125 0.3966666671875 0.534375 0.37 0.53625 0.3611111109375 0.5349999999999999 0.3588888890625 0.54 0.34888888906250004 0.5375 0.3411111109375 0.5375 0.322222221875 0.54 0.3188888890625 0.540625 0.30222222187500003 0.535625 0.29555555624999996 0.534375 0.2833333328125 0.529375 0.27777777812500004 0.529375 0.26 0.51875 0.2611111109375 0.515625 0.252222221875 0.51375 0.2533333328125 0.51375 0.25888888906249996 0.4925 0.26 0.48250000000000004 0.26777777812500003 0.473125 0.27 0.4625 0.27999999999999997 0.449375 0.282222221875 0.445625 0.2888888890625 0.438125 0.292222221875 0.43062500000000004 0.3011111109375 0.42874999999999996 0.307777778125 0.43 0.3333333328125 0.4225 0.3433333328125 0.421875 0.35555555625 0.416875 0.36222222187500003 0.416875 0.37 0.42062499999999997 0.3788888890625 0.41875 0.3866666671875 0.4225 0.39888888906250003 0.41624999999999995 0.412222221875 0.418125 0.4388888890625 0.4225 0.45222222187499994 0.41875 0.4766666671875 0.4225 0.5033333328125
2 0.46125 0.222222221875 0.45875000000000005 0.21888888906249998 0.45375 0.222222221875 0.45375 0.22777777812500002 0.460625 0.22555555625 0.46125 0.222222221875
2 0.47375 0.2033333328125 0.46875 0.2066666671875 0.46624999999999994 0.20888888906249997 0.473125 0.21111111093749999 0.478125 0.2066666671875 0.47375 0.2033333328125
2 0.26625 0.51 0.26187499999999997 0.5066666671875 0.260625 0.5133333328125 0.263125 0.5166666671875 0.26625 0.51555555625 0.26625 0.51
2 0.28250000000000003 0.427777778125 0.27625 0.427777778125 0.275625 0.4411111109375 0.27875 0.44333333281250004 0.28375 0.4388888890625 0.28250000000000003 0.427777778125
2 0.28312499999999996 0.41333333281250006 0.280625 0.4066666671875 0.278125 0.4066666671875 0.27625 0.407777778125 0.27625 0.41333333281250006 0.27937500000000004 0.4188888890625 0.28312499999999996 0.41333333281250006
2 0.27375 0.3433333328125 0.27937500000000004 0.3433333328125 0.278125 0.34888888906250004 0.27375 0.352222221875 0.275625 0.35555555625 0.27375 0.36555555625 0.275625 0.367777778125 0.27625 0.35555555625 0.280625 0.3433333328125 0.27875 0.33999999999999997 0.285625 0.3333333328125 0.28625 0.3266666671875 0.285625 0.3211111109375 0.27999999999999997 0.317777778125 0.27875 0.31222222187500004 0.275625 0.322222221875 0.275625 0.33555555625 0.27375 0.337777778125 0.275625 0.3411111109375 0.27375 0.3433333328125
2 0.26437499999999997 0.4166666671875 0.265 0.42555555624999997 0.27125 0.4311111109375 0.2725 0.407777778125 0.27 0.37666666718749997 0.27 0.3311111109375 0.27125 0.30222222187500003 0.27375 0.2988888890625 0.275 0.2888888890625 0.27375 0.27999999999999997 0.26625 0.2733333328125 0.260625 0.2766666671875 0.258125 0.287777778125 0.259375 0.3111111109375 0.255625 0.3588888890625 0.256875 0.39888888906250003 0.26437499999999997 0.4166666671875
2 0.15562499999999999 0.35111111093749997 0.15 0.37666666718749997 0.1525 0.41777777812499994 0.16312500000000002 0.44888888906249996 0.16999999999999998 0.4533333328125 0.16875 0.4588888890625 0.195625 0.45999999999999996 0.2125 0.447777778125 0.216875 0.447777778125 0.22999999999999998 0.427777778125 0.23125 0.412222221875 0.23562500000000003 0.4011111109375 0.23562500000000003 0.3711111109375 0.22999999999999998 0.34555555625 0.215 0.322222221875 0.2 0.3133333328125 0.185 0.3166666671875 0.176875 0.3088888890625 0.16312500000000002 0.3133333328125 0.1575 0.3188888890625 0.15437499999999998 0.32777777812500003 0.15562499999999999 0.337777778125 0.15875 0.33999999999999997 0.15875 0.3466666671875 0.15562499999999999 0.35111111093749997
2 0 0.97 0.003125 0.96555555625 0 0.96555555625 0 0.97
2 0.00078125 0.86953125 0.0015625 0.00078125
2 0 0.8422222218750001 0.005 0.8400000000000001 0.0025 0.8388888890624999 0 0.8388888890624999 0 0.8422222218750001
2 0.01875 0.3333333328125 0.024375 0.3333333328125 0.020624999999999998 0.32999999999999996 0.01875 0.3333333328125
2 0.005 0.13999999999999999 0.0043749999999999995 0.1488888890625 0.0125 0.14666666718750002 0.008125 0.14555555625 0.005 0.13999999999999999
2 0.021249999999999998 0.06 0.0125 0.058888889062500005 0.009375 0.062222221875 0.0125 0.06999999999999999 0.023125 0.06999999999999999 0.021249999999999998 0.06
2 0.0043749999999999995 0.0688888890625 0.006875000000000001 0.0666666671875 0.005 0.058888889062500005 0.0043749999999999995 0.0688888890625
2 0.025 0 0.017499999999999998 0.00555555625 0.019375 0.01555555625 0.017499999999999998 0.0166666671875 0.034375 0.0233333328125 0.03625 0.0288888890625 0.035625000000000004 0.035555556249999995 0.039375 0.0411111109375 0.039375 0.0466666671875 0.03625 0.052222221874999995 0.034375 0.06555555625000001 0.030625000000000003 0.072222221875 0.01875 0.07666666718750001 0.015625 0.08555555625 0.01 0.0788888890625 0.0043749999999999995 0.0788888890625 0.0043749999999999995 0.1011111109375 0.00625 0.10333333281249998 0.003125 0.107777778125 0.003125 0.12 0.006875000000000001 0.1233333328125 0.0043749999999999995 0.1311111109375 0.0043749999999999995 0.1533333328125 0.00625 0.1566666671875 0.0043749999999999995 0.157777778125 0.00625 0.162222221875 0.0043749999999999995 0.1633333328125 0.00625 0.167777778125 0 0.17333333281250002 0 0.18222222187499998 0.003125 0.18555555625 0.0043749999999999995 0.2033333328125 0.0043749999999999995 0.21000000000000002 0 0.21555555625 0 0.2366666671875 0.0043749999999999995 0.25888888906249996 0.028749999999999998 0.25888888906249996 0.031875 0.26888888906249997 0.028749999999999998 0.2811111109375 0.03125 0.292222221875 0.029375000000000002 0.29555555624999996 0.025625 0.332222221875 0.029375000000000002 0.3433333328125 0.026875 0.35111111093749997 0.028749999999999998 0.367777778125 0.024375 0.392222221875 0.025 0.40888888906250004 0.026875 0.41333333281250006 0.025 0.462222221875 0.023125 0.47888888906249993 0.017499999999999998 0.48333333281249996 0.01875 0.49000000000000005 0.0225 0.49000000000000005 0.023125 0.507777778125 0.025 0.51 0.025 0.5211111109375001 0.021249999999999998 0.53 0.017499999999999998 0.532222221875 0.023125 0.5522222218749999 0.023125 0.5688888890625 0.021249999999999998 0.5733333328125 0.021249999999999998 0.632222221875 0.01875 0.637777778125 0.021249999999999998 0.6533333328125 0.01875 0.6599999999999999 0.010624999999999999 0.6633333328125001 0.010624999999999999 0.6677777781249999 0.008125 0.67 0.006875000000000001 0.6633333328125001 0.0043749999999999995 0.662222221875 0.003125 0.67 0 0.672222221875 0 0.6811111109375 0.003125 0.68555555625 0 0.6888888890625 0 0.6977777781250001 0.014374999999999999 0.7 0.017499999999999998 0.70555555625 0.017499999999999998 0.7311111109375 0.015625 0.7333333328125 0.016875 0.737777778125 0.011875 0.7433333328125 0.014374999999999999 0.7466666671875 0.0125 0.75 0.0125 0.757777778125 0.008125 0.7611111109375 0.001875 0.76 0.014374999999999999 0.7755555562499999 0.011875 0.8066666671875 0 0.8099999999999999 0.00625 0.8177777781250001 0.005 0.82 0.01 0.8222222218749999 0.011875 0.8300000000000001 0.01125 0.8355555562499999 0.008749999999999999 0.837777778125 0.010624999999999999 0.8433333328125 0.010624999999999999 0.8511111109374999 0.008749999999999999 0.85444444375 0.009375 0.8688888890625 0.011875 0.8711111109375 0.015625 0.8866666671875001 0.014374999999999999 0.89 0 0.8922222218750001 0 0.9511111109374999 0.005 0.9666666671874999 0.008749999999999999 0.9677777781250001 0.0125 0.9911111109374999 0.025 0.99555555625 0.10500000000000001 0.9933333328125 0.12625 0.99555555625 0.129375 0.9988888890625001 0.16999999999999998 0.9933333328125 0.18562499999999998 0.9966666671875 0.220625 0.9966666671875 0.24312499999999998 0.99555555625 0.248125 0.9922222218750001 0.286875 0.99555555625 0.4525 0.9933333328125 0.4625 0.9966666671875 0.495 0.99555555625 0.50125 0.9922222218750001 0.51125 0.9988888890625001 0.516875 0.9988888890625001 0.5393749999999999 0.9933333328125 0.553125 0.99555555625 0.556875 0.9922222218750001 0.556875 0.8866666671875001 0.5575 0.8733333328124999 0.5599999999999999 0.86555555625 0.5575 0.8566666671875 0.5575 0.8433333328125 0.5599999999999999 0.8133333328125 0.558125 0.802222221875 0.560625 0.7866666671875 0.560625 0.56444444375 0.5625 0.55 0.560625 0.52444444375 0.561875 0.5111111109375 0.56375 0.5088888890625001 0.56375 0.377777778125 0.565625 0.37 0.56375 0.36555555625 0.565625 0.3366666671875 0.563125 0.32444444375 0.565625 0.3 0.5625 0.2611111109375 0.5662499999999999 0.2511111109375 0.566875 0.23777777812499998 0.566875 0.22999999999999998 0.5650000000000001 0.2266666671875 0.566875 0.202222221875 0.56375 0.1911111109375 0.529375 0.16999999999999998 0.524375 0.16999999999999998 0.5081249999999999 0.1588888890625 0.4425 0.127777778125 0.42062499999999997 0.11333333281249999 0.406875 0.10888888906250001 0.395625 0.1 0.32999999999999996 0.0666666671875 0.321875 0.058888889062500005 0.29874999999999996 0.0488888890625 0.29 0.0411111109375 0.27999999999999997 0.0388888890625 0.23625 0.01 0.21625 0.0011111109375000002 0.175625 0 0.16375 0.0066666671875 0.1625 0.0033333328125 0.15437499999999998 0 0.108125 0.0033333328125 0.080625 0 0.0775 0.0033333328125 0.0775 0.01555555625 0.07375000000000001 0.022222221875 0.065625 0.0166666671875 0.061250000000000006 0.00555555625 0.055625 0 0.025 0
2 0.084375 0.8611111109375 0.0925 0.8411111109375 0.0925 0.8188888890625 0.075 0.81555555625 0.0675 0.8211111109375 0.065 0.8166666671874999 0.059375 0.81555555625 0.05375 0.8233333328124999 0.050624999999999996 0.837777778125 0.056874999999999995 0.8466666671875 0.058750000000000004 0.86 0.084375 0.8611111109375
2 0.43937499999999996 0.8055555562500001 0.47125000000000006 0.8188888890625 0.47750000000000004 0.82 0.480625 0.81555555625 0.48125 0.76 0.478125 0.73555555625 0.47062499999999996 0.7233333328125 0.46125 0.72 0.4375 0.72 0.43 0.73 0.43 0.7688888890625 0.4325 0.7855555562500001 0.43624999999999997 0.7911111109375 0.43937499999999996 0.8055555562500001
2 0.4359375 0.71171875 0.0015625 0.00078125
2 0.4325 0.60555555625 0.43375 0.6088888890625 0.43 0.617777778125 0.43 0.6488888890625 0.42750000000000005 0.657777778125 0.43 0.6666666671875 0.43 0.69555555625 0.441875 0.71555555625 0.445 0.7122222218750001 0.46875 0.7188888890625 0.479375 0.71555555625 0.48187499999999994 0.7011111109375 0.485 0.6411111109375 0.4875 0.6388888890625 0.4875 0.6311111109375 0.48312499999999997 0.627777778125 0.48312499999999997 0.6111111109375 0.4875 0.60555555625 0.4875 0.58 0.48312499999999997 0.577777778125 0.485 0.562222221875 0.48312499999999997 0.5599999999999999 0.48312499999999997 0.542222221875 0.480625 0.5288888890625 0.47375 0.5177777781249999 0.445625 0.522222221875 0.43499999999999994 0.5388888890625 0.43125 0.567777778125 0.434375 0.5811111109375 0.43375 0.5933333328125 0.43624999999999997 0.5988888890624999 0.4325 0.60555555625
2 0.3 0.11796875 0.00078125 0.00234375
2 0.305 0.127777778125 0.306875 0.132222221875 0.3175 0.127777778125 0.320625 0.11777777812500001 0.32 0.1111111109375 0.316875 0.10888888906250001 0.315 0.112222221875 0.3134375 0.10888888906250001 0.311875 0.112222221875 0.31 0.10888888906250001 0.31 0.11777777812500001 0.305 0.11888888906249999 0.31 0.1211111109375 0.305 0.127777778125
2 0.08687500000000001 0.13999999999999999 0.09875 0.142222221875 0.10375000000000001 0.15555555625 0.113125 0.1633333328125 0.10124999999999999 0.1888888890625 0.10124999999999999 0.197777778125 0.104375 0.202222221875 0.12875 0.21555555625 0.15375 0.22000000000000003 0.16375 0.2266666671875 0.181875 0.22999999999999998 0.18812500000000001 0.23555555625000002 0.21000000000000002 0.2411111109375 0.220625 0.247777778125 0.254375 0.2533333328125 0.27125 0.26555555625 0.29375 0.27 0.3 0.27555555625 0.31062500000000004 0.2766666671875 0.3325 0.2866666671875 0.366875 0.2888888890625 0.41312499999999996 0.25888888906249996 0.41937499999999994 0.24333333281249997 0.418125 0.232222221875 0.414375 0.2288888890625 0.416875 0.212222221875 0.41875 0.20888888906249997 0.43187499999999995 0.2066666671875 0.43375 0.202222221875 0.4325 0.19555555625 0.43624999999999997 0.1911111109375 0.425 0.1866666671875 0.425 0.1788888890625 0.428125 0.17555555625000002 0.42874999999999996 0.16999999999999998 0.41937499999999994 0.16999999999999998 0.418125 0.1666666671875 0.41375 0.16999999999999998 0.410625 0.1666666671875 0.40125 0.16999999999999998 0.395625 0.177777778125 0.38937499999999997 0.17333333281250002 0.38 0.17333333281250002 0.36375 0.1588888890625 0.35125 0.1588888890625 0.3225 0.14555555625 0.32 0.142222221875 0.32125 0.132222221875 0.31625000000000003 0.13555555625 0.31 0.13333333281249998 0.30874999999999997 0.137777778125 0.303125 0.13999999999999999 0.2925 0.1288888890625 0.281875 0.12555555625 0.280625 0.12222222187500001 0.2625 0.11777777812500001 0.25125000000000003 0.1 0.22374999999999998 0.1 0.21937500000000001 0.0988888890625 0.215625 0.0933333328125 0.191875 0.0866666671875 0.18687499999999999 0.08 0.176875 0.07555555625 0.174375 0.067777778125 0.16625 0.061111110937500004 0.13999999999999999 0.062222221875 0.13125 0.0488888890625 0.13 0.0388888890625 0.1275 0.0366666671875 0.128125 0.0311111109375 0.13187500000000002 0.0288888890625 0.1325 0.0211111109375 0.12625 0.0166666671875 0.11875 0.0166666671875 0.11625 0.01 0.110625 0.013333332812500001 0.110625 0.0288888890625 0.11187499999999999 0.032222221875 0.118125 0.03 0.118125 0.035555556249999995 0.12375 0.0411111109375 0.11374999999999999 0.0466666671875 0.10500000000000001 0.045555556250000004 0.10625 0.05 0.1 0.052222221874999995 0.09875 0.0566666671875 0.10124999999999999 0.058888889062500005 0.10124999999999999 0.0666666671875 0.10375000000000001 0.06999999999999999 0.09875 0.0788888890625 0.0875 0.08 0.088125 0.08333333281250001 0.084375 0.08333333281250001 0.08375 0.08777777812500001 0.08375 0.11777777812500001 0.081875 0.12222222187500001 0.083125 0.13444444375 0.08687500000000001 0.13999999999999999
2 0.285625 0.45 0.290625 0.45999999999999996 0.3075 0.46555555625 0.31437499999999996 0.45999999999999996 0.319375 0.44888888906249996 0.320625 0.43333333281249997 0.32437499999999997 0.427777778125 0.32437499999999997 0.42000000000000004 0.32999999999999996 0.4066666671875 0.330625 0.38333333281250004 0.32687499999999997 0.37 0.320625 0.3633333328125 0.315 0.3633333328125 0.309375 0.3688888890625 0.3 0.3711111109375 0.296875 0.3788888890625 0.29562499999999997 0.397777778125 0.291875 0.40222222187499995 0.29562499999999997 0.4188888890625 0.288125 0.42888888906249995 0.28375 0.4411111109375 0.285625 0.45
2 0.50625 0.37 0.505 0.372222221875 0.5067857140625 0.37380952343749996 0.50625 0.37
2 0.50875 0.37555555625000003 0.51 0.37 0.507115384375 0.37410256406250003 0.50875 0.37555555625000003
2 0.515625 0.37 0.52125 0.3811111109375 0.5287499999999999 0.37666666718749997 0.52625 0.36666666718749996 0.521875 0.36555555625 0.5118750000000001 0.37 0.515 0.37333333281250003 0.514375 0.3788888890625 0.515625 0.37
2 0.52125 0.3333333328125 0.52625 0.3288888890625 0.52625 0.3188888890625 0.521875 0.3111111109375 0.5118750000000001 0.3088888890625 0.506875 0.3188888890625 0.51 0.3288888890625 0.50625 0.32777777812500003 0.5081249999999999 0.32999999999999996 0.52125 0.3333333328125
2 0.42750000000000005 0.44888888906249996 0.429375 0.45222222187499994 0.42750000000000005 0.462222221875 0.43 0.46666666718750005 0.43 0.482222221875 0.4325 0.4966666671875 0.43937499999999996 0.5088888890625001 0.46875 0.5088888890625001 0.479375 0.502222221875 0.485 0.48555555625 0.48875 0.44444444375 0.495 0.43555555625000003 0.4925 0.42000000000000004 0.49625 0.40888888906250004 0.495 0.397777778125 0.49874999999999997 0.3911111109375 0.49437499999999995 0.3788888890625 0.495 0.3566666671875 0.49312500000000004 0.3533333328125 0.495 0.35111111093749997 0.49437499999999995 0.3466666671875 0.49749999999999994 0.3433333328125 0.49749999999999994 0.337777778125 0.49437499999999995 0.32999999999999996 0.489375 0.32777777812500003 0.489375 0.32 0.49000000000000005 0.31222222187500004 0.49437499999999995 0.31 0.495 0.3 0.50125 0.29555555624999996 0.49749999999999994 0.2888888890625 0.501875 0.2866666671875 0.50125 0.27999999999999997 0.49625 0.282222221875 0.496875 0.2888888890625 0.495 0.292222221875 0.49375 0.287777778125 0.49000000000000005 0.2888888890625 0.4875 0.2966666671875 0.47874999999999995 0.29333333281249996 0.46749999999999997 0.3 0.45375 0.3 0.44000000000000006 0.31222222187500004 0.43937499999999996 0.32 0.43499999999999994 0.3288888890625 0.4325 0.3566666671875 0.43 0.3588888890625 0.43187499999999995 0.3811111109375 0.42874999999999996 0.3888888890625 0.4325 0.397777778125 0.4325 0.43222222187500003 0.42874999999999996 0.43666666718749997 0.42750000000000005 0.44888888906249996
2 0.449375 0.252222221875 0.46312499999999995 0.247777778125 0.465625 0.24333333281249997 0.464375 0.2388888890625 0.480625 0.23777777812499998 0.504375 0.21888888906249998 0.49749999999999994 0.21000000000000002 0.49749999999999994 0.20555555625 0.49437499999999995 0.20888888906249997 0.4925 0.20555555625 0.49124999999999996 0.20888888906249997 0.47375 0.2 0.45562500000000006 0.2166666671875 0.448125 0.21888888906249998 0.445 0.22555555625 0.43499999999999994 0.2311111109375 0.43125 0.2388888890625 0.43 0.25 0.43187499999999995 0.25555555625 0.446875 0.25888888906249996 0.449375 0.252222221875
2 0.1125 0.82265625 0.0015625 0.00078125
2 0.050624999999999996 0.72 0.046875 0.73 0.048125 0.737777778125 0.058125 0.75 0.056874999999999995 0.75444444375 0.052500000000000005 0.75555555625 0.050624999999999996 0.7788888890625 0.056874999999999995 0.782222221875 0.061250000000000006 0.79 0.059375 0.812222221875 0.0775 0.8111111109375001 0.0875 0.81555555625 0.099375 0.81555555625 0.109375 0.8111111109375001 0.11187499999999999 0.8188888890625 0.114375 0.82 0.123125 0.8166666671874999 0.12562500000000001 0.827777778125 0.1375 0.8166666671874999 0.148125 0.812222221875 0.16125 0.8133333328125 0.19125 0.807777778125 0.22125 0.8088888890625 0.224375 0.802222221875 0.22374999999999998 0.7811111109375 0.228125 0.7811111109375 0.23374999999999999 0.792222221875 0.23875000000000002 0.7911111109375 0.244375 0.79555555625 0.250625 0.8133333328125 0.26437499999999997 0.8133333328125 0.273125 0.807777778125 0.27749999999999997 0.8011111109375 0.285625 0.8 0.290625 0.7911111109375 0.288125 0.76 0.29375 0.7288888890624999 0.29562499999999997 0.7266666671875 0.29562499999999997 0.7011111109375 0.291875 0.69555555625 0.290625 0.6566666671875 0.2875 0.6511111109375001 0.27999999999999997 0.6466666671875 0.255 0.6455555562499999 0.2375 0.6488888890625 0.22875 0.6455555562499999 0.22562500000000002 0.6488888890625 0.215 0.6488888890625 0.209375 0.6555555562500001 0.205625 0.6533333328125 0.20249999999999999 0.6588888890625 0.20249999999999999 0.67555555625 0.196875 0.6777777781250001 0.183125 0.672222221875 0.141875 0.6688888890625 0.136875 0.6611111109375 0.141875 0.647777778125 0.141875 0.642222221875 0.13999999999999999 0.6411111109375 0.13187500000000002 0.642222221875 0.13625 0.6588888890625 0.1275 0.6633333328125001 0.12687500000000002 0.6688888890625 0.10421875 0.67 0.10625 0.6466666671875 0.10187500000000001 0.6488888890625 0.09875 0.64 0.08375 0.642222221875 0.0775 0.6388888890625 0.075 0.6433333328125 0.08 0.6455555562499999 0.08249999999999999 0.652222221875 0.079375 0.6599999999999999 0.081875 0.6677777781249999 0.06999999999999999 0.6688888890625 0.06875 0.657777778125 0.065625 0.657777778125 0.0625 0.6633333328125001 0.06 0.6588888890625 0.059375 0.662222221875 0.063125 0.66444444375 0.063125 0.6677777781249999 0.059375 0.67 0.059375 0.6777777781250001 0.055625 0.6866666671874999 0.050624999999999996 0.6888888890625 0.051875000000000004 0.6911111109375 0.05 0.69555555625 0.050624999999999996 0.70555555625 0.055625 0.7122222218750001 0.055625 0.7166666671875 0.050624999999999996 0.72
2 0.3975 0.307777778125 0.40812499999999996 0.29111111093750003 0.410625 0.27555555625 0.40374999999999994 0.2733333328125 0.401875 0.2788888890625 0.39625 0.27999999999999997 0.39625 0.3 0.39875 0.30333333281249997 0.39625 0.3066666671875 0.3975 0.307777778125
2 0.54375 0.19765625 0.0015625 0.0046875
2 0.43499999999999994 0.27555555625 0.43499999999999994 0.287777778125 0.438125 0.29 0.4525 0.28555555625 0.47125000000000006 0.26888888906249997 0.48125 0.2666666671875 0.49749999999999994 0.25555555625 0.5237499999999999 0.262222221875 0.530625 0.27 0.5325 0.2766666671875 0.53625 0.2711111109375 0.5325 0.2611111109375 0.531875 0.25 0.5349999999999999 0.2366666671875 0.5393749999999999 0.23333333281250002 0.5393749999999999 0.22777777812500002 0.5325 0.222222221875 0.53125 0.21111111093749999 0.521875 0.20888888906249997 0.51625 0.202222221875 0.501875 0.1966666671875 0.496875 0.1888888890625 0.484375 0.18777777812500002 0.480625 0.1833333328125 0.46875 0.18 0.458125 0.18 0.453125 0.18444444375 0.45187499999999997 0.1988888890625 0.44875 0.20888888906249997 0.4325 0.21888888906249998 0.42874999999999996 0.22999999999999998 0.42874999999999996 0.25555555625 0.43 0.26888888906249997 0.43499999999999994 0.27555555625
2 0.365625 0.2390625 0.0015625 0.00078125
2 0.32437499999999997 0.26555555625 0.348125 0.26555555625 0.359375 0.257777778125 0.361875 0.232222221875 0.361875 0.22555555625 0.359375 0.2211111109375 0.33375 0.2166666671875 0.31 0.222222221875 0.305 0.23333333281250002 0.305 0.242222221875 0.3125 0.257777778125 0.32437499999999997 0.26555555625
2 0.9075 0.752222221875 0.9106249999999999 0.752222221875 0.9125 0.7588888890625001 0.9199999999999999 0.7611111109375 0.920625 0.7788888890625 0.928125 0.7833333328125 0.9356249999999999 0.782222221875 0.9418749999999999 0.7755555562499999 0.94625 0.7766666671875 0.9487500000000001 0.7688888890625 0.95375 0.772222221875 0.963125 0.7688888890625 0.9643750000000001 0.75 0.96125 0.7333333328125 0.951875 0.7188888890625 0.940625 0.7133333328125 0.9275 0.717777778125 0.914375 0.7122222218750001 0.9025000000000001 0.7233333328125 0.9012499999999999 0.7333333328125 0.9043749999999999 0.7388888890625 0.9043749999999999 0.74555555625 0.9075 0.752222221875