2 0.396875 0.61328125 0.0015625 0.0015625
2 0.4375 0.5355805250000001 0.4325 0.5486891390624999 0.41875 0.5505617984375 0.4175 0.533707865625 0.41125 0.5262172281249999 0.40625 0.53183520625 0.4125 0.5393258421875 0.40625 0.558052434375 0.40625 0.5749063671875 0.4125 0.5786516859375 0.41500000000000004 0.589887640625 0.40625 0.6011235953125 0.40499999999999997 0.6273408234375 0.39375 0.6254681640624999 0.39125 0.6179775281250001 0.37124999999999997 0.6179775281250001 0.3675 0.6123595500000001 0.3675 0.5917603 0.35375 0.5842696625 0.35750000000000004 0.589887640625 0.35375 0.5955056187500001 0.35375 0.6179775281250001 0.36 0.6404494374999999 0.35750000000000004 0.674157303125 0.36124999999999996 0.6872659171875 0.35625 0.7172284640625 0.37625000000000003 0.709737828125 0.37875000000000003 0.7247191015625 0.375 0.7322097375000001 0.36875 0.7322097375000001 0.35750000000000004 0.7546816484375001 0.35750000000000004 0.8239700375 0.36875 0.8558052437500001 0.38875000000000004 0.8838951312500001 0.4375 0.8932584265625 0.44000000000000006 0.9007490640625001 0.44875 0.8988764046875 0.45999999999999996 0.9082397 0.50875 0.9213483140625 0.51375 0.9157303375 0.5037499999999999 0.9007490640625001 0.5037499999999999 0.8651685390624999 0.49874999999999997 0.8614232203125001 0.5037499999999999 0.850187265625 0.50125 0.8071161046875 0.49625 0.8052434453125 0.49124999999999996 0.765917603125 0.48 0.734082396875 0.47874999999999995 0.647940075 0.46375 0.6610486890625 0.445 0.6610486890625 0.43624999999999997 0.64419475625 0.43875000000000003 0.6273408234375 0.45499999999999996 0.6048689140625 0.4725 0.5955056187500001 0.4925 0.5749063671875 0.4925 0.5131086140625001 0.48875 0.49063670468750004 0.4875 0.4868913859375 0.4525 0.5131086140625001 0.44000000000000006 0.5112359546875 0.43125 0.50374531875 0.42874999999999996 0.494382021875 0.4225 0.494382021875 0.42000000000000004 0.505617978125 0.44125 0.5131086140625001 0.43375 0.53183520625 0.4375 0.5355805250000001
2 0.425 0.4850187265625 0.425 0.4794007484375 0.4125 0.4831460671875 0.41125 0.4887640453125 0.4175 0.49063670468750004 0.41875 0.4850187265625 0.425 0.4850187265625
2 0.55125 0.29588015 0.5425 0.29962546875 0.5375 0.3707865171875 0.5237499999999999 0.3988764046875 0.51625 0.4288389515625 0.5175 0.44007490625 0.52625 0.4494382015625 0.54 0.44382022499999996 0.55625 0.41198501875 0.58375 0.3801498125 0.5912499999999999 0.3595505625 0.595 0.3239700375 0.6025 0.318352059375 0.59875 0.3127340828125 0.6 0.30524344531250003 0.6075 0.29588015 0.6174999999999999 0.294007490625 0.605 0.262172284375 0.60625 0.2453183515625 0.5475 0.2247191015625 0.5475 0.25468164843749996 0.5575 0.26779026250000004 0.5575 0.2808988765625 0.55125 0.29588015
2 0.45375 0.2883895125 0.45375 0.265917603125 0.43499999999999994 0.2453183515625 0.43125 0.2453183515625 0.4325 0.2528089890625 0.425 0.262172284375 0.42625 0.3146067421875 0.42750000000000005 0.32771535625000003 0.43125 0.329588015625 0.45375 0.2883895125
2 0.51625 0.4288389515625 0.51625 0.44194756562500004 0.5237499999999999 0.44756554375 0.54 0.44194756562500004 0.5599999999999999 0.4026217234375 0.58375 0.378277153125 0.595 0.346441946875 0.58375 0.3389513109375 0.58125 0.33146067343749996 0.5862499999999999 0.3239700375 0.6 0.3239700375 0.605 0.29775280937500004 0.615 0.294007490625 0.61125 0.27528089843750003 0.6174999999999999 0.2734082390625 0.6075 0.269662921875 0.605 0.2453183515625 0.58 0.2453183515625 0.57875 0.23970037500000002 0.56375 0.237827715625 0.55375 0.2247191015625 0.5475 0.2247191015625 0.5549999999999999 0.2865168546875 0.54 0.30149812656249997 0.5375 0.3707865171875 0.51625 0.4288389515625
2 0.445 0.62359550625 0.4625 0.5992509359375 0.47125000000000006 0.5973782765625 0.4925 0.5767790265625 0.49375 0.5112359546875 0.48875 0.4868913859375 0.485 0.4868913859375 0.45375 0.5112359546875 0.44125 0.5131086140625001 0.44625000000000004 0.5280898875 0.4375 0.5505617984375 0.43875000000000003 0.621722846875 0.445 0.62359550625
2 0.00125 0 0 0.07677902656249999 0.00375 0.0842696625 0.0125 0.0842696625 0.026250000000000002 0.0711610484375 0.04 0.0692883890625 0.05 0.059925093750000005 0.06999999999999999 0.011235954687499999 0.06999999999999999 0 0.00125 0
2 0.5599999999999999 0.3595505625 0.5549999999999999 0.3745318359375 0.56375 0.38389513124999997 0.5662499999999999 0.37265917656249997 0.5599999999999999 0.3595505625
2 0.62625 0.258426965625 0.6224999999999999 0.2453183515625 0.61625 0.2471910109375 0.6125 0.258426965625 0.62 0.258426965625 0.6224999999999999 0.2528089890625 0.62625 0.258426965625
2 0.54875 0.41198501875 0.545 0.43071161093750004 0.5349999999999999 0.44382022499999996 0.5425 0.4513108609375 0.54 0.4625468171875 0.55625 0.466292134375 0.5549999999999999 0.47565543125 0.545 0.477528090625 0.545 0.49063670468750004 0.5675 0.5 0.5912499999999999 0.477528090625 0.5912499999999999 0.47003745312499995 0.59875 0.477528090625 0.61625 0.46441947499999997 0.62625 0.44382022499999996 0.64625 0.43445692812500003 0.6625 0.40823970000000004 0.68875 0.38389513124999997 0.6912499999999999 0.3745318359375 0.71875 0.3445692890625 0.7224999999999999 0.3370786515625 0.7125 0.325842696875 0.7125 0.3146067421875 0.73 0.322097378125 0.73375 0.3108614234375 0.74375 0.30898876406250003 0.76125 0.2865168546875 0.76125 0.2790262171875 0.75125 0.26779026250000004 0.73625 0.26779026250000004 0.7025 0.2453183515625 0.6799999999999999 0.23970037500000002 0.6675 0.2453183515625 0.66125 0.260299625 0.64625 0.26779026250000004 0.64 0.2808988765625 0.63125 0.2827715359375 0.63125 0.290262171875 0.605 0.3352059921875 0.6 0.3370786515625 0.5974999999999999 0.3239700375 0.57375 0.3370786515625 0.56875 0.352059925 0.57375 0.35580524375 0.57375 0.3632958796875 0.56875 0.3651685390625 0.57125 0.37265917656249997 0.5675 0.3932584265625 0.55375 0.3913857671875 0.54 0.3651685390625 0.5349999999999999 0.378277153125 0.5325 0.3913857671875 0.54625 0.3932584265625 0.545 0.406367040625 0.54875 0.41198501875
2 0.57375 0.20786516875 0.57375 0.2228464421875 0.5862499999999999 0.22659176093750003 0.5825 0.205992509375 0.57375 0.20786516875
2 0.6825 0.8951310859375001 0.68875 0.8876404499999999 0.6849999999999999 0.8632958796875 0.6599999999999999 0.8445692890625001 0.64625 0.846441946875 0.63125 0.8670411984375 0.62625 0.885767790625 0.63375 0.8913857671875001 0.6525000000000001 0.8876404499999999 0.6825 0.8951310859375001
2 0.43 0.6966292140625 0.43624999999999997 0.70411985 0.4575 0.702247190625 0.4575 0.6910112359375 0.44749999999999995 0.6629213484375 0.4375 0.647940075 0.44000000000000006 0.6273408234375 0.4325 0.6179775281250001 0.4175 0.6198501875 0.41500000000000004 0.6385767796875 0.40625 0.653558053125 0.4125 0.6910112359375 0.43 0.6966292140625
2 0.33041624999999997 0.5411985015624999 0.33375 0.5355805250000001 0.3325 0.533707865625 0.33125 0.505617978125 0.315 0.5131086140625001 0.3125 0.5280898875 0.31625000000000003 0.5411985015624999 0.33041624999999997 0.5411985015624999
2 0.35 0.5262172281249999 0.34875 0.5411985015624999 0.35625 0.554307115625 0.35 0.5767790265625 0.35625 0.6048689140625 0.375 0.6179775281250001 0.40374999999999994 0.6179775281250001 0.40125 0.45880149843750007 0.3975 0.45692883906250004 0.385 0.46816479375000003 0.355 0.4550561796875 0.34875 0.45880149843750007 0.34375 0.5 0.34875 0.5074906359375 0.34500000000000003 0.5187265921875001 0.35 0.5262172281249999
2 0.5037499999999999 0.2509363296875 0.52125 0.18352059999999998 0.5372965109375001 0.1514676421875 0.5287499999999999 0.142322096875 0.53125 0.1610486890625 0.52625 0.170411984375 0.52125 0.1591760296875 0.50875 0.1910112359375 0.50625 0.20973782812500003 0.51125 0.2191011234375 0.50625 0.23408239687500002 0.5 0.2191011234375 0.48875 0.23970037500000002 0.48 0.2453183515625 0.475 0.24344569218749998 0.46875 0.22659176093750003 0.45875000000000005 0.23220973749999999 0.45875000000000005 0.2883895125 0.48875 0.294007490625 0.53125 0.2883895125 0.5349999999999999 0.2827715359375 0.5325 0.265917603125 0.50875 0.258426965625 0.5037499999999999 0.2509363296875
2 0.5525 0.505617978125 0.56875 0.505617978125 0.58125 0.4850187265625 0.5862499999999999 0.4850187265625 0.5862499999999999 0.4794007484375 0.5974999999999999 0.47565543125 0.595 0.4269662921875 0.5875 0.41198501875 0.5625 0.40823970000000004 0.5549999999999999 0.413857678125 0.545 0.44194756562500004 0.5349999999999999 0.4550561796875 0.5349999999999999 0.5 0.5287499999999999 0.5131086140625001 0.5375 0.5262172281249999 0.5525 0.505617978125
2 0.64125 0.709737828125 0.64625 0.7228464421874999 0.66875 0.730337078125 0.6725 0.7434456921875 0.6875 0.737827715625 0.7212500000000001 0.737827715625 0.7537499999999999 0.7528089890625 0.795 0.760299625 0.7925 0.7228464421874999 0.7875 0.705992509375 0.7875 0.6835206 0.8 0.6666666671875 0.8 0.653558053125 0.795 0.647940075 0.77 0.6460674156249999 0.7525000000000001 0.6329588015625001 0.73875 0.6310861421875 0.7275 0.6198501875 0.71375 0.62359550625 0.7075 0.6179775281250001 0.63125 0.6329588015625001 0.6287499999999999 0.6685393265624999 0.63625 0.674157303125 0.64375 0.6947565546875001 0.64125 0.709737828125
2 0.75125 0.5861423218749999 0.745 0.589887640625 0.745 0.5955056187500001 0.75625 0.5955056187500001 0.75125 0.5861423218749999
2 0.40625 0.653558053125 0.40625 0.6666666671875 0.41375 0.6947565546875001 0.42874999999999996 0.6966292140625 0.4375 0.7078651687499999 0.45625 0.70411985 0.45875000000000005 0.6947565546875001 0.45375 0.6760299625 0.4375 0.647940075 0.4425 0.6198501875 0.43875000000000003 0.554307115625 0.44375 0.5486891390624999 0.4425 0.5355805250000001 0.44749999999999995 0.5205992515625 0.43125 0.49625468125000005 0.42750000000000005 0.43071161093750004 0.4125 0.43071161093750004 0.40625 0.44194756562500004 0.40625 0.6104868906250001 0.41624999999999995 0.6179775281250001 0.41500000000000004 0.6385767796875 0.40625 0.653558053125
2 0.44000000000000006 0.6254681640624999 0.4425 0.6123595500000001 0.4375 0.554307115625 0.4425 0.5486891390624999 0.44625000000000004 0.5149812734375 0.4325 0.49812734062499997 0.42874999999999996 0.43071161093750004 0.41375 0.4288389515625 0.40499999999999997 0.4494382015625 0.40625 0.6029962546875 0.425 0.62359550625 0.43499999999999994 0.6198501875 0.44000000000000006 0.6254681640624999
2 0.04625 0.146067415625 0.05375 0.114232209375 0.0225 0.09176029999999999 0.00125 0.0842696625 0 0.15355805312499998 0.0225 0.1629213484375 0.0375 0.1591760296875 0.04625 0.146067415625
2 0.70625 0.9063670406250001 0.7162499999999999 0.9007490640625001 0.71875 0.8951310859375001 0.7112499999999999 0.857677903125 0.68875 0.8558052437500001 0.6925 0.8632958796875 0.68875 0.86766479375 0.6875 0.8951310859375001 0.70625 0.9063670406250001
2 0.9487500000000001 0.9906367046875 0.94625 0.9831460671875 0.94375 0.9925093640625 0.95875 0.9925093640625 0.95375 0.9831460671875 0.9487500000000001 0.9906367046875
2 0.93875 0.9719101125 0.945 0.977528090625 0.94625 0.970037453125 0.93875 0.9719101125
2 0.9199999999999999 0.7546816484375001 0.925 0.758426965625 0.9225 0.7509363296875 0.9199999999999999 0.7546816484375001
2 0.795 0.6104868906250001 0.8074999999999999 0.65168539375 0.8074999999999999 0.6666666671875 0.8 0.6685393265624999 0.79 0.6891385765625 0.7975 0.762172284375 0.8387499999999999 0.8014981265625 0.88375 0.8220973781250001 0.89125 0.8370786515624999 0.8862500000000001 0.8445692890625001 0.8887499999999999 0.857677903125 0.9037499999999999 0.8651685390624999 0.9075 0.8726591765625 0.9199999999999999 0.9550561796875 0.925 0.9569288390624999 0.93 0.943820225 0.9412499999999999 0.941947565625 0.9512499999999999 0.9550561796875 0.9512499999999999 0.966292134375 0.95875 0.9625468171874999 0.95625 0.9288389515625 0.9475 0.9138576781250001 0.9337500000000001 0.9063670406250001 0.94375 0.8651685390624999 0.93875 0.852059925 0.93875 0.82771535625 0.9349999999999999 0.8164794000000001 0.93 0.8146067421875 0.9324999999999999 0.8089887640625 0.9275 0.8014981265625 0.9275 0.7865168546875 0.9125 0.7790262171875 0.9199999999999999 0.765917603125 0.9125 0.7546816484375001 0.915 0.7453183515624999 0.9199999999999999 0.7434456921875 0.915 0.730337078125 0.9175000000000001 0.7078651687499999 0.9099999999999999 0.67977528125 0.9037499999999999 0.614232209375 0.8887499999999999 0.558052434375 0.8887499999999999 0.533707865625 0.8699999999999999 0.43445692812500003 0.8699999999999999 0.413857678125 0.865 0.40823970000000004 0.8625 0.3932584265625 0.8550000000000001 0.3951310859375 0.8300000000000001 0.43071161093750004 0.81875 0.47003745312499995 0.8099999999999999 0.477528090625 0.8099999999999999 0.49063670468750004 0.7975 0.53183520625 0.7975 0.5486891390624999 0.79 0.5767790265625 0.795 0.5861423218749999 0.795 0.6104868906250001
2 0.36875 0.7247191015625 0.365 0.737827715625 0.355 0.7490636703125 0.35750000000000004 0.829588015625 0.37875000000000003 0.8726591765625 0.38875000000000004 0.8838951312500001 0.40374999999999994 0.8876404499999999 0.41500000000000004 0.8726591765625 0.4175 0.8558052437500001 0.43499999999999994 0.8089887640625 0.43499999999999994 0.758426965625 0.42625 0.734082396875 0.40625 0.709737828125 0.39875 0.6629213484375 0.40625 0.6460674156249999 0.40625 0.6329588015625001 0.375 0.6179775281250001 0.35625 0.6179775281250001 0.35750000000000004 0.681647940625 0.36124999999999996 0.6910112359375 0.35625 0.7172284640625 0.36875 0.7247191015625
2 0.4725 0.8089887640625 0.47750000000000004 0.8352059921875 0.4725 0.857677903125 0.45999999999999996 0.8651685390624999 0.45375 0.8801498125 0.45125000000000004 0.8726591765625 0.44875 0.8745318359375001 0.43875000000000003 0.889513109375 0.4375 0.9007490640625001 0.45499999999999996 0.889513109375 0.45875000000000005 0.9082397 0.46749999999999997 0.9082397 0.47000000000000003 0.8951310859375001 0.47750000000000004 0.8951310859375001 0.48125 0.9138576781250001 0.48624999999999996 0.9194756546875 0.49375 0.9157303375 0.5 0.9213483140625 0.51625 0.9213483140625 0.5037499999999999 0.8951310859375001 0.5037499999999999 0.8651685390624999 0.49874999999999997 0.8595505625 0.50125 0.82771535625 0.49625 0.8220973781250001 0.495 0.7790262171875 0.48250000000000004 0.730337078125 0.48125 0.670411984375 0.485 0.6666666671875 0.485 0.647940075 0.47625 0.6404494374999999 0.45999999999999996 0.6591760296875 0.44749999999999995 0.6610486890625 0.46624999999999994 0.7228464421874999 0.46875 0.7734082390625 0.475 0.7865168546875 0.4725 0.8089887640625
2 0.4575 0.6048689140625 0.475 0.5955056187500001 0.49375 0.5749063671875 0.49375 0.5131086140625001 0.49000000000000005 0.4850187265625 0.45 0.5131086140625001 0.44625000000000004 0.529962546875 0.44875 0.5505617984375 0.44000000000000006 0.5505617984375 0.44000000000000006 0.6011235953125 0.4425 0.621722846875 0.44625000000000004 0.62359550625 0.4575 0.6048689140625
2 0.70375 0.8951310859375001 0.69625 0.8951310859375001 0.69625 0.9007490640625001 0.70625 0.9007490640625001 0.70375 0.8951310859375001
2 0.7162499999999999 0.8838951312500001 0.7112499999999999 0.8801498125 0.7162499999999999 0.8745318359375001 0.7162499999999999 0.8651685390624999 0.69625 0.852059925 0.69625 0.8726591765625 0.70875 0.8745318359375001 0.7162499999999999 0.8932584265625 0.7162499999999999 0.8838951312500001
2 0.6875 0.8445692890625001 0.6799999999999999 0.8220973781250001 0.665 0.8220973781250001 0.65625 0.829588015625 0.6537499999999999 0.8426966296874999 0.63875 0.857677903125 0.625 0.8801498125 0.6287499999999999 0.8913857671875001 0.6912499999999999 0.8913857671875001 0.6875 0.8445692890625001
2 0.3525 0.181647940625 0.36124999999999996 0.181647940625 0.36375 0.18726591718750002 0.34375 0.20411985000000002 0.34249999999999997 0.29213483125 0.35 0.30149812656249997 0.34500000000000003 0.3164794 0.34875 0.33146067343749996 0.34625 0.43258427031249996 0.3525 0.4550561796875 0.38875000000000004 0.47003745312499995 0.39875 0.45692883906250004 0.42374999999999996 0.3932584265625 0.41500000000000004 0.1254681640625 0.40374999999999994 0.10674157343749999 0.3825 0.10486891406250001 0.36375 0.089887640625 0.35750000000000004 0.089887640625 0.35375 0.1029962546875 0.34375 0.11235955 0.34375 0.142322096875 0.35125 0.147940075 0.34500000000000003 0.1666666671875 0.3525 0.181647940625
2 0.32375 0.5187265921875001 0.32875 0.5262172281249999 0.3325 0.5187265921875001 0.32375 0.5187265921875001
2 0.34500000000000003 0.3164794 0.34875 0.35580524375 0.34375 0.38764045 0.34875 0.45692883906250004 0.34125 0.5 0.34750000000000003 0.505617978125 0.34500000000000003 0.5205992515625 0.35 0.5262172281249999 0.34875 0.5411985015624999 0.35375 0.5505617984375 0.35125 0.5842696625 0.35750000000000004 0.6048689140625 0.365 0.6123595500000001 0.375 0.6179775281250001 0.39875 0.6179775281250001 0.40374999999999994 0.6123595500000001 0.40499999999999997 0.589887640625 0.4 0.4513108609375 0.42374999999999996 0.3932584265625 0.41875 0.2191011234375 0.41375 0.12359550625 0.41 0.11610486874999999 0.40374999999999994 0.10674157343749999 0.37875000000000003 0.10486891406250001 0.37625000000000003 0.09925093593749999 0.35750000000000004 0.09176029999999999 0.35625 0.1029962546875 0.34375 0.114232209375 0.34375 0.1404494375 0.3525 0.147940075 0.34625 0.1666666671875 0.35375 0.181647940625 0.3625 0.181647940625 0.365 0.1891385765625 0.36124999999999996 0.1966292140625 0.34875 0.1966292140625 0.34249999999999997 0.20411985000000002 0.34249999999999997 0.29213483125 0.34750000000000003 0.29588015 0.35 0.3071161046875 0.34500000000000003 0.3164794
2 0.48250000000000004 0.9138576781250001 0.48875 0.9082397 0.485 0.9007490640625001 0.48250000000000004 0.9138576781250001
2 0.4225 0.494382021875 0.42000000000000004 0.5 0.42374999999999996 0.50374531875 0.43 0.49812734062499997 0.4225 0.494382021875
2 0.46749999999999997 0.2808988765625 0.47125000000000006 0.2734082390625 0.47874999999999995 0.2808988765625 0.49124999999999996 0.2790262171875 0.4925 0.2734082390625 0.49749999999999994 0.2790262171875 0.50125 0.262172284375 0.49625 0.258426965625 0.49874999999999997 0.24344569218749998 0.495 0.2528089890625 0.485 0.2509363296875 0.47874999999999995 0.258426965625 0.475 0.2509363296875 0.47125000000000006 0.2528089890625 0.475 0.258426965625 0.475 0.27153558125 0.46624999999999994 0.2734082390625 0.46749999999999997 0.2808988765625
2 0.34750000000000003 0.1554307109375 0.34625 0.16853932656249998 0.35750000000000004 0.1891385765625 0.355 0.1966292140625 0.34625 0.1985018734375 0.34500000000000003 0.2883895125 0.34875 0.30149812656249997 0.34625 0.32022471874999997 0.35 0.352059925 0.34625 0.3745318359375 0.34875 0.4719101125 0.34500000000000003 0.5 0.35 0.5112359546875 0.35375 0.5505617984375 0.35 0.5711610484375 0.3525 0.6048689140625 0.355 0.6123595500000001 0.36375 0.614232209375 0.35750000000000004 0.6254681640624999 0.37 0.6460674156249999 0.365 0.647940075 0.365 0.6610486890625 0.35750000000000004 0.674157303125 0.36124999999999996 0.6947565546875001 0.35750000000000004 0.6985018734375 0.35625 0.7153558046875 0.375 0.709737828125 0.3775 0.7247191015625 0.35750000000000004 0.7546816484375001 0.35750000000000004 0.794007490625 0.36124999999999996 0.8033707859374999 0.35750000000000004 0.8089887640625 0.35750000000000004 0.8239700375 0.375 0.8670411984375 0.39375 0.885767790625 0.4025 0.8876404499999999 0.41375 0.8801498125 0.4325 0.8913857671875001 0.44375 0.8745318359375001 0.47874999999999995 0.8558052437500001 0.485 0.8745318359375001 0.48125 0.885767790625 0.48875 0.8951310859375001 0.49625 0.8801498125 0.495 0.818352059375 0.49124999999999996 0.7734082390625 0.47874999999999995 0.730337078125 0.48 0.6985018734375 0.47625 0.674157303125 0.46624999999999994 0.6629213484375 0.4625 0.6685393265624999 0.45125000000000004 0.6666666671875 0.4325 0.6460674156249999 0.4375 0.6292134828125 0.4525 0.6048689140625 0.49124999999999996 0.5767790265625 0.48875 0.5 0.48624999999999996 0.49250936406249995 0.44749999999999995 0.5149812734375 0.44749999999999995 0.5262172281249999 0.4425 0.522471909375 0.44125 0.5280898875 0.44625000000000004 0.5393258421875 0.445 0.5486891390624999 0.42750000000000005 0.5505617984375 0.42000000000000004 0.561797753125 0.41125 0.561797753125 0.41375 0.5505617984375 0.41 0.5505617984375 0.40875000000000006 0.55992509375 0.40374999999999994 0.556179775 0.4025 0.5393258421875 0.41 0.53183520625 0.4025 0.5187265921875001 0.4 0.4513108609375 0.42000000000000004 0.406367040625 0.42374999999999996 0.378277153125 0.42374999999999996 0.30898876406250003 0.41875 0.29213483125 0.42000000000000004 0.237827715625 0.41375 0.1947565546875 0.41500000000000004 0.146067415625 0.41 0.13857677968749998 0.41375 0.11985018750000001 0.4025 0.10486891406250001 0.3825 0.10486891406250001 0.375 0.09550561875 0.3625 0.09550561875 0.36124999999999996 0.1029962546875 0.355 0.11235955 0.34875 0.11235955 0.34500000000000003 0.12172284687499998 0.34375 0.13857677968749998 0.34625 0.146067415625 0.35375 0.147940075 0.34750000000000003 0.1554307109375
2 0 0 0 0.15355805312499998 0.0225 0.1629213484375 0.0375 0.1591760296875 0.04625 0.146067415625 0.05125 0.1273408234375 0.0725 0.09550561875 0.08249999999999999 0.061797753125 0.07625 0.033707865625 0.06999999999999999 0.02434456875 0.06999999999999999 0 0 0
2 0.39609375 0.61328125 0.00234375 0.0015625
2 0.40875000000000006 0.6011235953125 0.40750000000000003 0.6048689140625 0.41125 0.6048689140625 0.4175 0.5992509359375 0.40875000000000006 0.6011235953125
2 0.425 0.505617978125 0.43 0.5 0.42374999999999996 0.49812734062499997 0.425 0.505617978125
2 0.35625 0.7172284640625 0.37124999999999997 0.7153558046875 0.375 0.7265917609375 0.35625 0.7546816484375001 0.35750000000000004 0.82771535625 0.37124999999999997 0.8614232203125001 0.39125 0.885767790625 0.4375 0.8932584265625 0.43875000000000003 0.9007490640625001 0.4525 0.9007490640625001 0.4575 0.9082397 0.51125 0.9194756546875 0.51375 0.9157303375 0.5037499999999999 0.9007490640625001 0.5037499999999999 0.8651685390624999 0.49874999999999997 0.8614232203125001 0.5037499999999999 0.852059925 0.50125 0.8071161046875 0.49375 0.797752809375 0.4925 0.7734082390625 0.47874999999999995 0.730337078125 0.47874999999999995 0.653558053125 0.46875 0.653558053125 0.465 0.6610486890625 0.445 0.6610486890625 0.43624999999999997 0.6460674156249999 0.4375 0.6310861421875 0.45499999999999996 0.6048689140625 0.49124999999999996 0.5767790265625 0.49124999999999996 0.5131086140625001 0.4875 0.49063670468750004 0.4525 0.5131086140625001 0.43499999999999994 0.5112359546875 0.44125 0.522471909375 0.44000000000000006 0.533707865625 0.44625000000000004 0.5393258421875 0.44375 0.5468164796874999 0.42374999999999996 0.5505617984375 0.4225 0.55992509375 0.41624999999999995 0.55992509375 0.41500000000000004 0.5505617984375 0.41 0.5505617984375 0.40625 0.5711610484375 0.41624999999999995 0.5749063671875 0.42750000000000005 0.5692883890625 0.4325 0.5767790265625 0.43 0.5842696625 0.43875000000000003 0.589887640625 0.43499999999999994 0.6048689140625 0.425 0.6198501875 0.40625 0.6104868906250001 0.40374999999999994 0.6273408234375 0.39375 0.6254681640624999 0.39125 0.6179775281250001 0.3725 0.6179775281250001 0.36875 0.6123595500000001 0.3675 0.5917603 0.35375 0.5842696625 0.35750000000000004 0.6760299625 0.36124999999999996 0.6910112359375 0.35750000000000004 0.6966292140625 0.35625 0.7172284640625
2 0.375 0.8745318359375001 0.37124999999999997 0.8670411984375 0.36875 0.8651685390624999 0.36875 0.8726591765625 0.3725 0.8801498125 0.375 0.8745318359375001
2 0.365625 0.86015625 0.0015625 0.00546875
2 0.34453125 0.81953125 0.0015625 0.00546875
2 0.3375 0.9625468171874999 0.3325 0.9550561796875 0.33375 0.94756554375 0.32999999999999996 0.94756554375 0.33625 0.9232209734374999 0.335 0.8913857671875001 0.33125 0.885767790625 0.33625 0.8651685390624999 0.335 0.8164794000000001 0.34750000000000003 0.8164794000000001 0.35750000000000004 0.850187265625 0.365 0.8558052437500001 0.35625 0.8408239703125 0.355 0.818352059375 0.34875 0.8164794000000001 0.34875 0.8108614234375 0.355 0.8071161046875 0.355 0.79588015 0.34375 0.8014981265625 0.34375 0.8089887640625 0.33875 0.8089887640625 0.33625 0.79962546875 0.34125 0.7883895125 0.34375 0.790262171875 0.34249999999999997 0.7808988765625 0.355 0.7790262171875 0.34375 0.72846441875 0.35750000000000004 0.6891385765625 0.35375 0.674157303125 0.355 0.6310861421875 0.34750000000000003 0.58801498125 0.35125 0.5636704124999999 0.34375 0.554307115625 0.34750000000000003 0.5411985015624999 0.34125 0.53183520625 0.34500000000000003 0.5205992515625 0.34125 0.4831460671875 0.34750000000000003 0.4550561796875 0.34375 0.417602996875 0.34750000000000003 0.33146067343749996 0.34375 0.32022471874999997 0.34375 0.1985018734375 0.33625 0.18726591718750002 0.33875 0.1404494375 0.33125 0.12359550625 0.33875 0.114232209375 0.33375 0.0842696625 0.31 0.08614232187500001 0.28125 0.1629213484375 0.2725 0.20786516875 0.26 0.21722846406250002 0.25625 0.237827715625 0.24 0.265917603125 0.22999999999999998 0.29775280937500004 0.22749999999999998 0.35767790312500003 0.22374999999999998 0.3689138578125 0.21875 0.6666666671875 0.2125 0.850187265625 0.20875 0.8651685390624999 0.20875 0.9925093640625 0.33125 0.9925093640625 0.3325 0.96816479375 0.3375 0.9625468171874999
2 0.6375 0.8820224718749999 0.63625 0.885767790625 0.64375 0.885767790625 0.64125 0.8801498125 0.6375 0.8820224718749999
2 0.51125 0.8220973781250001 0.51625 0.818352059375 0.51125 0.8164794000000001 0.51125 0.8220973781250001
2 0.5525 0.7827715359375 0.5475 0.7865168546875 0.5475 0.794007490625 0.56375 0.790262171875 0.5525 0.7827715359375
2 0.55 0.762172284375 0.5525 0.765917603125 0.55375 0.760299625 0.55 0.762172284375
2 0.52125 0.9157303375 0.5275000000000001 0.91198501875 0.5325 0.9194756546875 0.5287499999999999 0.9232209734374999 0.5325 0.9288389515625 0.5599999999999999 0.9269662921874999 0.5825 0.8726591765625 0.6075 0.8745318359375001 0.62625 0.8838951312500001 0.6287499999999999 0.8726591765625 0.63375 0.8651685390624999 0.64375 0.8651685390624999 0.64625 0.853932584375 0.6675 0.8220973781250001 0.6799999999999999 0.8220973781250001 0.6875 0.8370786515624999 0.69875 0.8352059921875 0.7075 0.8426966296874999 0.7112499999999999 0.8670411984375 0.7162499999999999 0.8726591765625 0.7162499999999999 0.8913857671875001 0.705 0.910112359375 0.70375 0.9288389515625 0.75 0.938202246875 0.76375 0.9494382015625 0.79125 0.9513108609375 0.81375 0.9625468171874999 0.8612500000000001 0.970037453125 0.8862500000000001 0.9831460671875 0.89625 0.9831460671875 0.9175000000000001 0.9625468171874999 0.9175000000000001 0.938202246875 0.9125 0.9269662921874999 0.90625 0.8726591765625 0.8862500000000001 0.8614232203125001 0.88375 0.829588015625 0.82875 0.8014981265625 0.81875 0.8033707859374999 0.8074999999999999 0.79588015 0.76 0.7883895125 0.7375 0.7752808984375 0.71375 0.7734082390625 0.65125 0.7528089890625 0.61375 0.7790262171875 0.6 0.7827715359375 0.5912499999999999 0.794007490625 0.57625 0.79962546875 0.57125 0.79588015 0.56375 0.8014981265625 0.5625 0.8146067421875 0.5549999999999999 0.8220973781250001 0.55 0.8164794000000001 0.5375 0.8164794000000001 0.525 0.8389513109375001 0.51375 0.8239700375 0.51125 0.82771535625 0.51125 0.8951310859375001 0.51375 0.9026217234375 0.51875 0.9026217234375 0.52125 0.9157303375
2 0.395 0.6198501875 0.40374999999999994 0.6123595500000001 0.40125 0.5973782765625 0.395 0.5917603 0.355 0.5842696625 0.35375 0.6029962546875 0.35750000000000004 0.6104868906250001 0.3825 0.6198501875 0.395 0.6198501875
2 0.38125 0.6947565546875001 0.38875000000000004 0.681647940625 0.3975 0.67977528125 0.39875 0.6647940078125 0.40875000000000006 0.642322096875 0.40499999999999997 0.6273408234375 0.355 0.6104868906250001 0.35750000000000004 0.6760299625 0.36124999999999996 0.6910112359375 0.35750000000000004 0.702247190625 0.38125 0.6947565546875001
2 0.70875 0.9288389515625 0.865 0.9756554312500001 0.8675 0.9719101125 0.8887499999999999 0.9831460671875 0.9025000000000001 0.9794007484374999 0.9175000000000001 0.964419475 0.9175000000000001 0.938202246875 0.9099999999999999 0.910112359375 0.90625 0.8726591765625 0.88375 0.8595505625 0.8862500000000001 0.8370786515624999 0.87625 0.8239700375 0.8712500000000001 0.82771535625 0.8699999999999999 0.8220973781250001 0.8637499999999999 0.8220973781250001 0.8612500000000001 0.829588015625 0.8574999999999999 0.8220973781250001 0.85 0.829588015625 0.849375 0.8389513109375001 0.82875 0.8445692890625001 0.7737499999999999 0.829588015625 0.77125 0.8146067421875 0.7575000000000001 0.8239700375 0.725 0.818352059375 0.72 0.82771535625 0.71375 0.8239700375 0.7112499999999999 0.8370786515624999 0.71875 0.8707865171875 0.71875 0.8988764046875 0.70875 0.9138576781250001 0.70875 0.9288389515625
2 0.8412499999999999 0.818352059375 0.835 0.8146067421875 0.83625 0.8089887640625 0.81375 0.8108614234375 0.8162499999999999 0.8220973781250001 0.82 0.8108614234375 0.83125 0.82771535625 0.8412499999999999 0.818352059375
2 0.7162499999999999 0.818352059375 0.71375 0.8071161046875 0.7 0.8239700375 0.70125 0.8089887640625 0.6975 0.8164794000000001 0.6849999999999999 0.818352059375 0.6912499999999999 0.82771535625 0.7162499999999999 0.818352059375
2 0.7925 0.8071161046875 0.7975 0.8089887640625 0.795 0.8014981265625 0.7925 0.8071161046875
2 0.7737499999999999 0.79962546875 0.77125 0.8014981265625 0.7787499999999999 0.8089887640625 0.78125 0.8014981265625 0.7737499999999999 0.79962546875
2 0.73 0.8089887640625 0.73625 0.8089887640625 0.7325 0.79962546875 0.73 0.8089887640625
2 0.73359375 0.7890625 0.00234375 0.0015625
2 0.43125 0.20859375 0.00234375 0.0015625
2 0.45499999999999996 0.2883895125 0.45499999999999996 0.265917603125 0.44749999999999995 0.2528089890625 0.45 0.2153558046875 0.445 0.20411985000000002 0.4375 0.20411985000000002 0.4375 0.2153558046875 0.42625 0.23408239687500002 0.4225 0.2528089890625 0.42000000000000004 0.2734082390625 0.425 0.325842696875 0.42874999999999996 0.33146067343749996 0.45499999999999996 0.2883895125
2 0.45499999999999996 0.8988764046875 0.445 0.8951310859375001 0.44125 0.9007490640625001 0.4425 0.9082397 0.45499999999999996 0.9082397 0.45499999999999996 0.8988764046875
2 0.5 0.889513109375 0.5037499999999999 0.8913857671875001 0.50125 0.8838951312500001 0.5 0.889513109375
2 0.49749999999999994 0.797752809375 0.49625 0.8089887640625 0.49749999999999994 0.857677903125 0.5037499999999999 0.8670411984375 0.50125 0.79588015 0.49749999999999994 0.797752809375
2 0.425 0.7865168546875 0.42374999999999996 0.7752808984375 0.41624999999999995 0.7734082390625 0.40750000000000003 0.8014981265625 0.40499999999999997 0.8239700375 0.41624999999999995 0.8164794000000001 0.4175 0.79588015 0.425 0.7865168546875
2 0.4375 0.8014981265625 0.40875000000000006 0.885767790625 0.41624999999999995 0.8932584265625 0.43499999999999994 0.8951310859375001 0.44625000000000004 0.8745318359375001 0.47625 0.8558052437500001 0.475 0.7883895125 0.46875 0.77153558125 0.46749999999999997 0.7322097375000001 0.46125 0.709737828125 0.44125 0.709737828125 0.4325 0.6966292140625 0.4125 0.6966292140625 0.41 0.70411985 0.41500000000000004 0.7172284640625 0.43375 0.734082396875 0.4375 0.7546816484375001 0.4375 0.8014981265625
2 0.10124999999999999 0.413857678125 0.10375000000000001 0.43632958750000006 0.10874999999999999 0.44382022499999996 0.11125 0.477528090625 0.125 0.5074906359375 0.14250000000000002 0.6029962546875 0.1525 0.6385767796875 0.1575 0.6385767796875 0.1575 0.62359550625 0.15 0.6198501875 0.15625 0.6104868906250001 0.15625 0.5992509359375 0.13999999999999999 0.529962546875 0.135 0.49063670468750004 0.135 0.4494382015625 0.12875 0.44007490625 0.11875 0.38389513124999997 0.11750000000000001 0.325842696875 0.10874999999999999 0.3033707859375 0.10874999999999999 0.2808988765625 0.0925 0.2528089890625 0.0775 0.2528089890625 0.06999999999999999 0.262172284375 0.06999999999999999 0.30149812656249997 0.07875 0.34831460625 0.09375 0.4007490640625 0.10124999999999999 0.413857678125
2 0 0.5 0.00625 0.5 0.05500000000000001 0.47565543125 0.061250000000000006 0.47003745312499995 0.0625 0.45692883906250004 0.00125 0.3108614234375 0.00375 0.318352059375 0 0.3185393265625 0 0.5
2 0.01875 0.9194756546875 0.026250000000000002 0.9307116109375 0.0025 0.943820225 0.00125 0.9625468171874999 0.00625 0.9925093640625 0.0775 0.9925093640625 0.08 0.977528090625 0.10124999999999999 0.9925093640625 0.12625 0.9925093640625 0.13 0.9981273406250001 0.16125 0.9981273406250001 0.16499999999999998 0.9925093640625 0.15375 0.9850187265624999 0.14125000000000001 0.966292134375 0.12250000000000001 0.9569288390624999 0.10625 0.9288389515625 0.0675 0.9063670406250001 0.05625 0.8838951312500001 0.034999999999999996 0.8670411984375 0.025 0.8651685390624999 0.0225 0.852059925 0.00125 0.8445692890625001 0 0.8782771531250001 0.00375 0.8913857671875001 0.015 0.9007490640625001 0.01875 0.9194756546875
2 0.45499999999999996 0.9082397 0.45999999999999996 0.9138576781250001 0.46875 0.9138576781250001 0.47750000000000004 0.9026217234375 0.4875 0.9213483140625 0.51625 0.9269662921874999 0.51625 0.9157303375 0.49749999999999994 0.8913857671875001 0.49375 0.8745318359375001 0.48 0.8651685390624999 0.46125 0.8651685390624999 0.44875 0.8745318359375001 0.4375 0.8913857671875001 0.44000000000000006 0.9026217234375 0.4525 0.8932584265625 0.45499999999999996 0.9082397
2 0.7737499999999999 0.7453183515624999 0.77625 0.7509363296875 0.7787499999999999 0.7453183515624999 0.7737499999999999 0.7453183515624999
2 0.76375 0.737827715625 0.76 0.7453183515624999 0.75125 0.739700375 0.7474999999999999 0.7434456921875 0.76375 0.7509363296875 0.76625 0.7471910109375 0.76375 0.737827715625
2 0.745 0.670411984375 0.7424999999999999 0.674157303125 0.7474999999999999 0.681647940625 0.75625 0.674157303125 0.745 0.670411984375
2 0.7849999999999999 0.674157303125 0.7925 0.6760299625 0.795 0.6685393265624999 0.7737499999999999 0.6760299625 0.76875 0.681647940625 0.7825 0.6947565546875001 0.7875 0.6835206 0.7849999999999999 0.674157303125
2 0.75875 0.6685393265624999 0.75875 0.674157303125 0.76625 0.6685393265624999 0.75875 0.6685393265624999
2 0.73 0.65168539375 0.725 0.6554307109375 0.73 0.6610486890625 0.7375 0.6591760296875 0.73 0.65168539375
2 0.69625 0.5992509359375 0.69625 0.6179775281250001 0.70125 0.6254681640624999 0.72375 0.6254681640624999 0.73 0.6329588015625001 0.74375 0.6329588015625001 0.75625 0.6404494374999999 0.75875 0.6460674156249999 0.75125 0.6554307109375 0.77 0.6610486890625 0.7775000000000001 0.653558053125 0.79125 0.653558053125 0.8 0.6629213484375 0.8025 0.6460674156249999 0.7925 0.5786516859375 0.70875 0.5430711609375 0.6912499999999999 0.5505617984375 0.68875 0.55992509375 0.6849999999999999 0.5786516859375 0.6912499999999999 0.5861423218749999 0.6912499999999999 0.5973782765625 0.69625 0.5992509359375
2 0.6025 0.4550561796875 0.5974999999999999 0.4550561796875 0.5974999999999999 0.4625468171875 0.6025 0.4625468171875 0.6025 0.4550561796875
2 0.45375 0.2883895125 0.45375 0.265917603125 0.44749999999999995 0.258426965625 0.44749999999999995 0.20973782812500003 0.44375 0.20786516875 0.43 0.22659176093750003 0.425 0.23595505625 0.42374999999999996 0.2528089890625 0.425 0.322097378125 0.43 0.3352059921875 0.43875000000000003 0.3108614234375 0.45375 0.2883895125
2 0.5349999999999999 0.378277153125 0.5237499999999999 0.4007490640625 0.51375 0.43632958750000006 0.5237499999999999 0.4494382015625 0.5425 0.44756554375 0.55 0.438202246875 0.5475 0.4288389515625 0.5575 0.413857678125 0.57125 0.41198501875 0.58125 0.4026217234375 0.60625 0.40823970000000004 0.615 0.41947565468750003 0.6287499999999999 0.4232209734375 0.63125 0.43632958750000006 0.64125 0.43445692812500003 0.6625 0.3951310859375 0.67 0.3988764046875 0.6799999999999999 0.385767790625 0.6875 0.35767790312500003 0.70125 0.329588015625 0.70125 0.30149812656249997 0.71375 0.29962546875 0.71875 0.3164794 0.72 0.30898876406250003 0.7275 0.3164794 0.7325 0.3071161046875 0.7424999999999999 0.3071161046875 0.76125 0.2827715359375 0.75125 0.26779026250000004 0.74375 0.2734082390625 0.725 0.2734082390625 0.70875 0.2528089890625 0.6849999999999999 0.2528089890625 0.6825 0.24344569218749998 0.6475 0.2247191015625 0.6487499999999999 0.21722846406250002 0.64375 0.2116104875 0.6224999999999999 0.2191011234375 0.605 0.20411985000000002 0.56375 0.1966292140625 0.5575 0.18352059999999998 0.545 0.1891385765625 0.5475 0.258426965625 0.54 0.294007490625 0.54 0.352059925 0.5349999999999999 0.378277153125
2 0.5325 0.5280898875 0.54 0.5205992515625 0.5425 0.5 0.5349999999999999 0.473782771875 0.5349999999999999 0.45880149843750007 0.53125 0.4513108609375 0.51625 0.44382022499999996 0.51125 0.44382022499999996 0.4925 0.4794007484375 0.495 0.5692883890625 0.5037499999999999 0.5692883890625 0.52625 0.5486891390624999 0.5325 0.5280898875
2 0.41624999999999995 0.6348314609375 0.40625 0.6610486890625 0.41125 0.670411984375 0.4125 0.6891385765625 0.4375 0.702247190625 0.4575 0.702247190625 0.4575 0.6891385765625 0.44749999999999995 0.6629213484375 0.4375 0.649812734375 0.4375 0.6348314609375 0.45375 0.6048689140625 0.4875 0.582397003125 0.495 0.5692883890625 0.51125 0.55992509375 0.52625 0.5393258421875 0.5325 0.4625468171875 0.53125 0.45692883906250004 0.51375 0.44756554375 0.4875 0.49250936406249995 0.48125 0.49063670468750004 0.45625 0.5112359546875 0.44125 0.5131086140625001 0.4325 0.5 0.42750000000000005 0.43071161093750004 0.41624999999999995 0.4269662921875 0.40625 0.44194756562500004 0.40625 0.6086142328124999 0.41500000000000004 0.6123595500000001 0.4175 0.6198501875 0.41624999999999995 0.6348314609375
2 0.6775 0.8932584265625 0.6849999999999999 0.8932584265625 0.6849999999999999 0.8876404499999999 0.6775 0.8932584265625
2 0.50875 0.7790262171875 0.50875 0.8651685390624999 0.51125 0.8932584265625 0.52125 0.9026217234375 0.52625 0.9232209734374999 0.5325 0.9288389515625 0.5549999999999999 0.9288389515625 0.5662499999999999 0.9176029968750001 0.57625 0.885767790625 0.5862499999999999 0.8726591765625 0.61875 0.8801498125 0.625 0.8651685390624999 0.635 0.8632958796875 0.63625 0.8670411984375 0.62625 0.8801498125 0.63375 0.885767790625 0.65625 0.8838951312500001 0.6599999999999999 0.8726591765625 0.6675 0.8801498125 0.6825 0.82771535625 0.68875 0.8352059921875 0.70375 0.8389513109375001 0.70375 0.846441946875 0.71375 0.8632958796875 0.7162499999999999 0.8988764046875 0.70875 0.9082397 0.70875 0.9288389515625 0.7325 0.9307116109375 0.7375 0.9363295875000001 0.7675 0.941947565625 0.77125 0.94756554375 0.79375 0.9494382015625 0.8025 0.9569288390624999 0.8712500000000001 0.970037453125 0.89125 0.9794007484374999 0.9025000000000001 0.977528090625 0.9175000000000001 0.9625468171874999 0.9099999999999999 0.8932584265625 0.9012499999999999 0.8670411984375 0.8875 0.8614232203125001 0.8862500000000001 0.829588015625 0.8699999999999999 0.8164794000000001 0.85875 0.8146067421875 0.8474999999999999 0.8014981265625 0.8375 0.8014981265625 0.835 0.794007490625 0.82875 0.794007490625 0.80625 0.765917603125 0.7975 0.762172284375 0.79 0.6891385765625 0.79625 0.6760299625 0.8074999999999999 0.6666666671875 0.8074999999999999 0.6610486890625 0.8 0.642322096875 0.7975 0.6048689140625 0.79 0.5842696625 0.7825 0.5842696625 0.76625 0.5692883890625 0.71875 0.5505617984375 0.69625 0.5486891390624999 0.6837500000000001 0.5692883890625 0.6775 0.5711610484375 0.6912499999999999 0.5861423218749999 0.6912499999999999 0.5992509359375 0.69625 0.6067415734375 0.6925 0.6179775281250001 0.67625 0.6198501875 0.665 0.6123595500000001 0.665 0.6179775281250001 0.65625 0.6254681640624999 0.64125 0.6254681640624999 0.6075 0.6404494374999999 0.5862499999999999 0.6685393265624999 0.58125 0.6891385765625 0.5625 0.7247191015625 0.5575 0.7247191015625 0.54125 0.7453183515624999 0.51875 0.7453183515624999 0.52 0.758426965625 0.50875 0.762172284375 0.51375 0.77153558125 0.50875 0.7790262171875
2 0.40625 0.493632959375 0.41125 0.501872659375 0.40625 0.5033707859375001 0.40625 0.5131086140625001 0.41125 0.5093632953125 0.4225 0.5149812734375 0.42000000000000004 0.5205992515625 0.425 0.522471909375 0.42625 0.5 0.43125 0.494382021875 0.425 0.4550561796875 0.42750000000000005 0.4494382015625 0.41624999999999995 0.43445692812500003 0.41 0.43632958750000006 0.40625 0.44756554375 0.41624999999999995 0.45692883906250004 0.40625 0.46441947499999997 0.40625 0.493632959375
2 0.58984375 0.21796875 0.00234375 0.0015625
2 0.53125 0.3913857671875 0.5237499999999999 0.4026217234375 0.51625 0.44194756562500004 0.49000000000000005 0.49250936406249995 0.48 0.494382021875 0.47375 0.5074906359375 0.46875 0.5 0.45625 0.5131086140625001 0.445 0.5168539328125 0.44625000000000004 0.5262172281249999 0.44125 0.5393258421875 0.4375 0.5393258421875 0.44125 0.5505617984375 0.43875000000000003 0.55992509375 0.42750000000000005 0.55992509375 0.42374999999999996 0.5505617984375 0.4175 0.5486891390624999 0.4175 0.53183520625 0.40625 0.53183520625 0.40625 0.5861423218749999 0.4125 0.5973782765625 0.41 0.6048689140625 0.4175 0.6029962546875 0.425 0.6179775281250001 0.41875 0.6254681640624999 0.4225 0.6385767796875 0.41624999999999995 0.6404494374999999 0.41125 0.6554307109375 0.41375 0.6872659171875 0.4325 0.6910112359375 0.4375 0.702247190625 0.4575 0.702247190625 0.45375 0.681647940625 0.4325 0.6460674156249999 0.43875000000000003 0.621722846875 0.45875000000000005 0.5992509359375 0.48624999999999996 0.582397003125 0.49124999999999996 0.5749063671875 0.4875 0.561797753125 0.50125 0.5674157296875 0.52 0.5505617984375 0.5349999999999999 0.5280898875 0.5425 0.494382021875 0.5375 0.49063670468750004 0.5325 0.4719101125 0.53 0.445692884375 0.54375 0.43632958750000006 0.56875 0.3932584265625 0.58125 0.385767790625 0.595 0.352059925 0.6 0.3239700375 0.61125 0.318352059375 0.61375 0.3071161046875 0.625 0.3033707859375 0.6275000000000001 0.2827715359375 0.63625 0.2865168546875 0.6487499999999999 0.2808988765625 0.6487499999999999 0.27153558125 0.6599999999999999 0.262172284375 0.6675 0.2453183515625 0.6675 0.237827715625 0.64375 0.21722846406250002 0.6287499999999999 0.2228464421875 0.60666625 0.21722846406250002 0.6012500000000001 0.2247191015625 0.6 0.21722846406250002 0.5962500000000001 0.23220973749999999 0.5912499999999999 0.2247191015625 0.58375 0.23595505625 0.5700000000000001 0.2153558046875 0.5587500000000001 0.22097378281250002 0.545 0.21722846406250002 0.55 0.2471910109375 0.54 0.30149812656249997 0.54 0.3595505625 0.53125 0.3913857671875
2 0.42750000000000005 0.2153558046875 0.43125 0.2153558046875 0.42874999999999996 0.20973782812500003 0.42750000000000005 0.2153558046875
2 0.45375 0.26779026250000004 0.44625000000000004 0.25468164843749996 0.45 0.237827715625 0.44749999999999995 0.20973782812500003 0.43875000000000003 0.20973782812500003 0.425 0.23220973749999999 0.425 0.3239700375 0.43125 0.33146067343749996 0.45375 0.2827715359375 0.45375 0.26779026250000004
2 0.44125 0.30524344531250003 0.45375 0.2883895125 0.45375 0.265917603125 0.445 0.2528089890625 0.44749999999999995 0.23970037500000002 0.44125 0.23970037500000002 0.43624999999999997 0.22659176093750003 0.42874999999999996 0.23970037500000002 0.42374999999999996 0.2865168546875 0.42625 0.322097378125 0.43125 0.33146067343749996 0.44125 0.30524344531250003
2 0.5375 0.3707865171875 0.5237499999999999 0.4007490640625 0.51375 0.43632958750000006 0.52625 0.4494382015625 0.5375 0.44756554375 0.5599999999999999 0.40823970000000004 0.57625 0.4007490640625 0.59375 0.3651685390625 0.6075 0.35580524375 0.625 0.3239700375 0.63375 0.3164794 0.63375 0.3033707859375 0.6625 0.265917603125 0.67 0.24344569218749998 0.6537499999999999 0.22659176093750003 0.6487499999999999 0.23033707812499998 0.6425 0.21722846406250002 0.63375 0.21722846406250002 0.6275000000000001 0.2247191015625 0.6212500000000001 0.2247191015625 0.61875 0.21722846406250002 0.6 0.21722846406250002 0.5974999999999999 0.2116104875 0.59375 0.21722846406250002 0.57625 0.21722846406250002 0.57625 0.20411985000000002 0.57375 0.2116104875 0.5662499999999999 0.2116104875 0.5662499999999999 0.20411985000000002 0.56375 0.21722846406250002 0.5587500000000001 0.22097378281250002 0.545 0.21722846406250002 0.545 0.2734082390625 0.55 0.2790262171875 0.54 0.29588015 0.5375 0.3707865171875
2 0.54609375 0.19296875 0.00234375 0.00390625
2 0.45375 0.265917603125 0.44625000000000004 0.25468164843749996 0.45125000000000004 0.23595505625 0.44375 0.2247191015625 0.44749999999999995 0.2116104875 0.425 0.23408239687500002 0.42374999999999996 0.294007490625 0.42874999999999996 0.3352059921875 0.45375 0.2865168546875 0.45375 0.265917603125
2 0.5349999999999999 0.378277153125 0.5237499999999999 0.4007490640625 0.51375 0.43632958750000006 0.51375 0.44194756562500004 0.5237499999999999 0.4494382015625 0.54375 0.44382022499999996 0.5549999999999999 0.413857678125 0.57875 0.4007490640625 0.595 0.3651685390625 0.60375 0.3651685390625 0.6212500000000001 0.3370786515625 0.62625 0.3370786515625 0.62625 0.32771535625000003 0.63875 0.3164794 0.6375 0.3033707859375 0.6487499999999999 0.30149812656249997 0.64625 0.290262171875 0.6599999999999999 0.2734082390625 0.675 0.24344569218749998 0.64625 0.2116104875 0.6224999999999999 0.2153558046875 0.61 0.20411985000000002 0.58125 0.20411985000000002 0.56875 0.1928838953125 0.56875 0.18352059999999998 0.56375 0.1891385765625 0.5587500000000001 0.181647940625 0.545 0.18352059999999998 0.5475 0.258426965625 0.54 0.294007490625 0.54 0.352059925 0.5349999999999999 0.378277153125
2 0.53359375 0.81015625 0.00234375 0.0015625
2 0.8162499999999999 0.7883895125 0.8162499999999999 0.794007490625 0.8262499999999999 0.79962546875 0.8262499999999999 0.794007490625 0.8162499999999999 0.7883895125
2 0.56375 0.77153558125 0.57125 0.794007490625 0.58375 0.794007490625 0.64375 0.7528089890625 0.67375 0.7546816484375001 0.7787499999999999 0.7883895125 0.7875 0.7883895125 0.795 0.7790262171875 0.8 0.790262171875 0.8025 0.7808988765625 0.7925 0.77153558125 0.795 0.73595505625 0.79 0.7134831453125 0.79 0.6835206 0.805 0.6610486890625 0.8 0.6329588015625001 0.7925 0.6273408234375 0.7925 0.589887640625 0.7675 0.5692883890625 0.69875 0.5468164796874999 0.6675 0.5692883890625 0.675 0.582397003125 0.67125 0.589887640625 0.6537499999999999 0.5917603 0.6487499999999999 0.5992509359375 0.6537499999999999 0.6011235953125 0.6525000000000001 0.6123595500000001 0.6375 0.62359550625 0.625 0.62359550625 0.605 0.6404494374999999 0.58875 0.6629213484375 0.57375 0.6985018734375 0.57375 0.709737828125 0.5662499999999999 0.7172284640625 0.56375 0.737827715625 0.56875 0.7434456921875 0.56875 0.758426965625 0.56375 0.77153558125
2 0.015 0.65168539375 0.02375 0.6610486890625 0.0325 0.653558053125 0.03 0.6460674156249999 0.03375 0.642322096875 0.041249999999999995 0.653558053125 0.06999999999999999 0.6460674156249999 0.0875 0.6348314609375 0.10124999999999999 0.6329588015625001 0.10375000000000001 0.6273408234375 0.125 0.62359550625 0.13374999999999998 0.6067415734375 0.1275 0.5917603 0.11625 0.5917603 0.10124999999999999 0.6048689140625 0.09125 0.6048689140625 0.04625 0.6273408234375 0.03125 0.64419475625 0.00625 0.6554307109375 0.00125 0.6629213484375 0.00625 0.6573033703125 0.0125 0.6629213484375 0.015 0.65168539375
2 0.60625 0.340625 0.00234375 0.00390625
2 0.5925 0.4513108609375 0.595 0.47565543125 0.6 0.47565543125 0.61375 0.466292134375 0.6275000000000001 0.44382022499999996 0.6475 0.43071161093750004 0.665 0.4026217234375 0.67875 0.3913857671875 0.6825 0.37265917656249997 0.6912499999999999 0.3632958796875 0.69375 0.3445692890625 0.70125 0.3352059921875 0.70125 0.28464419531249996 0.70375 0.26779026250000004 0.7112499999999999 0.265917603125 0.7025 0.2528089890625 0.6900000000000001 0.2453183515625 0.675 0.2453183515625 0.6575 0.2734082390625 0.65125 0.2734082390625 0.64625 0.2883895125 0.63625 0.29588015 0.62 0.33146067343749996 0.6025 0.352059925 0.5974999999999999 0.346441946875 0.6012500000000001 0.352059925 0.5862499999999999 0.3745318359375 0.58125 0.3932584265625 0.5912499999999999 0.4157303375 0.58375 0.44382022499999996 0.5925 0.4513108609375
2 0.665 0.38389513124999997 0.6599999999999999 0.385767790625 0.6599999999999999 0.3932584265625 0.67 0.3932584265625 0.665 0.38389513124999997
2 0.5425 0.294007490625 0.5375 0.3707865171875 0.52625 0.3932584265625 0.51375 0.43632958750000006 0.52625 0.4494382015625 0.5425 0.44756554375 0.5575 0.413857678125 0.585 0.4026217234375 0.58875 0.3801498125 0.6012500000000001 0.3651685390625 0.615 0.36142322031249996 0.6174999999999999 0.346441946875 0.6275000000000001 0.3370786515625 0.64375 0.3071161046875 0.6537499999999999 0.29962546875 0.65 0.290262171875 0.6675 0.265917603125 0.67125 0.2528089890625 0.6799999999999999 0.2453183515625 0.67375 0.23033707812499998 0.6587500000000001 0.2247191015625 0.65625 0.20973782812500003 0.6487499999999999 0.20411985000000002 0.645 0.20973782812500003 0.6224999999999999 0.20973782812500003 0.61375 0.1947565546875 0.57875 0.1966292140625 0.5775 0.181647940625 0.58375 0.16853932656249998 0.57875 0.16853932656249998 0.575 0.177902621875 0.57375 0.1629213484375 0.5650000000000001 0.174157303125 0.5599999999999999 0.1666666671875 0.545 0.174157303125 0.545 0.23220973749999999 0.5549999999999999 0.2790262171875 0.55 0.294007490625 0.5425 0.294007490625
2 0.5575 0.1610486890625 0.5625 0.1610486890625 0.5599999999999999 0.1591760296875 0.5575 0.1610486890625
2 0.72 0.760299625 0.7162499999999999 0.765917603125 0.725 0.765917603125 0.725 0.760299625 0.72 0.760299625
2 0.62 0.681647940625 0.62625 0.681647940625 0.6224999999999999 0.6760299625 0.62 0.681647940625
2 0.69375 0.6179775281250001 0.63375 0.6273408234375 0.63 0.642322096875 0.62375 0.6404494374999999 0.6224999999999999 0.653558053125 0.6174999999999999 0.653558053125 0.6125 0.6404494374999999 0.6075 0.642322096875 0.6075 0.653558053125 0.61625 0.6554307109375 0.62 0.6666666671875 0.63125 0.670411984375 0.63875 0.6835206 0.63875 0.70411985 0.64375 0.7228464421874999 0.66125 0.7322097375000001 0.6775 0.7528089890625 0.6900000000000001 0.7434456921875 0.68875 0.7509363296875 0.70625 0.758426965625 0.7112499999999999 0.7528089890625 0.7112499999999999 0.741573034375 0.7162499999999999 0.739700375 0.74 0.7471910109375 0.75125 0.758426965625 0.795 0.760299625 0.7875 0.6891385765625 0.8 0.670411984375 0.8025 0.6460674156249999 0.795 0.6179775281250001 0.7925 0.5861423218749999 0.7875 0.5786516859375 0.7375 0.556179775 0.7150000000000001 0.5486891390624999 0.69375 0.5505617984375 0.6849999999999999 0.5674157296875 0.6912499999999999 0.5955056187500001 0.69625 0.5992509359375 0.69375 0.6179775281250001