2 0.484090909375 0.09136363593749999 0.48772727343750005 0.08681818125 0.49000000000000005 0.08181818125 0.49000000000000005 0.0745454546875 0.4845454546875 0.06681818125 0.4736363640625 0.065 0.45681818124999996 0.07272727343749999 0.450909090625 0.0736363640625 0.445 0.07954545468749999 0.4445454546875 0.08818181875 0.445909090625 0.09181818124999999 0.4786363640625 0.0936363640625 0.484090909375 0.09136363593749999
2 0.584375 0.559375 0.00078125 0.0015625
2 0.46818181875000003 0.5695454546875001 0.47681818125 0.5695454546875001 0.48 0.5677272734375001 0.520909090625 0.5677272734375001 0.5286363640625 0.565909090625 0.5349999999999999 0.56681818125 0.55181818125 0.5645454546875001 0.5595454546874999 0.5618181812499999 0.5745454546875 0.5618181812499999 0.580909090625 0.5599999999999999 0.58181818125 0.5536363640624999 0.5777272734375 0.55181818125 0.545 0.5486363640625 0.529090909375 0.5527272734374999 0.51318181875 0.5527272734374999 0.5077272734375 0.550909090625 0.5004545453125 0.5536363640624999 0.495 0.55 0.485909090625 0.55 0.4727272734375 0.5545454546874999 0.44181818125000005 0.5559090906249999 0.44090909062500006 0.5618181812499999 0.4477272734375 0.5677272734375001 0.465 0.5709090906250001 0.46818181875000003 0.5695454546875001
2 0.44000000000000006 0.11318181875 0.44000000000000006 0.1304545453125 0.43863636406250006 0.13363636406249998 0.4477272734375 0.1377272734375 0.46681818125 0.1377272734375 0.46954545468750003 0.135 0.46954545468750003 0.11227272656250001 0.4727272734375 0.10681818125 0.495909090625 0.10863636406249999 0.5 0.10681818125 0.5145454546875 0.10590909062500001 0.52 0.10454545468750001 0.5236363640625 0.10181818125 0.52 0.1 0.49045454531250005 0.095909090625 0.4836363640625 0.09272727343750001 0.4777272734375 0.09181818124999999 0.4745454546875 0.0886363640625 0.46863636406250003 0.0886363640625 0.4663636359375 0.09 0.4486363640625 0.0895454546875 0.445 0.09272727343750001 0.4277272734375 0.09272727343750001 0.41772727343750005 0.09863636406250001 0.41772727343750005 0.10272727343750002 0.43545454531249994 0.10363636406250001 0.43863636406250006 0.10590909062500001 0.44000000000000006 0.11318181875
2 0.46681818125 0.0836363640625 0.46863636406250003 0.07954545468749999 0.46863636406250003 0.0777272734375 0.46681818125 0.07681818124999999 0.4645454546875 0.08 0.46090909062499996 0.080909090625 0.46181818124999996 0.0836363640625 0.46681818125 0.0836363640625
2 0.45363636406249996 0.0745454546875 0.45590909062499996 0.075909090625 0.46090909062499996 0.0745454546875 0.45363636406249996 0.0745454546875
2 0.4745454546875 0.0804545453125 0.4736363640625 0.0827272734375 0.47818181875 0.0804545453125 0.48 0.0827272734375 0.4822727265625 0.0827272734375 0.4827272734375 0.08499999999999999 0.48772727343750005 0.08499999999999999 0.48772727343750005 0.07863636406249999 0.485 0.08 0.4845454546875 0.0822727265625 0.4827272734375 0.08181818125 0.4836363640625 0.075 0.48772727343750005 0.0745454546875 0.48681818125 0.070909090625 0.48318181875 0.0695454546875 0.480909090625 0.06681818125 0.46954545468750003 0.0677272734375 0.46772727343750004 0.070909090625 0.470909090625 0.0736363640625 0.47181818125 0.080909090625 0.4745454546875 0.0804545453125
2 0.47681818125 0.6477272734375 0.4795454546875 0.635909090625 0.4754545453125 0.6304545453125 0.46954545468750003 0.6286363640625 0.4654545453125 0.6304545453125 0.46181818124999996 0.635 0.46090909062499996 0.6445454546875 0.46363636406250003 0.6486363640625 0.4704545453125 0.65 0.47681818125 0.6477272734375
2 0.47681818125 0.5586363640625 0.4795454546875 0.5545454546874999 0.495909090625 0.5536363640624999 0.49681818125 0.55 0.49000000000000005 0.5486363640625 0.485 0.55 0.48303045468750005 0.5536363640624999 0.4813636359375 0.55181818125 0.4804545453125 0.5536363640624999 0.4786363640625 0.550909090625 0.475909090625 0.550909090625 0.470909090625 0.5536363640624999 0.45999999999999996 0.5536363640624999 0.4495454546875 0.5559090906249999 0.4495454546875 0.5595454546874999 0.45999999999999996 0.5618181812499999 0.46681818125 0.5586363640625 0.47681818125 0.5586363640625
2 0.5349999999999999 0.5568181812499999 0.5395454546875 0.55181818125 0.545909090625 0.55181818125 0.5477272734375 0.55 0.545909090625 0.54681818125 0.5345454546874999 0.55181818125 0.51318181875 0.5527272734374999 0.5095454546875 0.55181818125 0.5086363640625 0.55 0.5045454546875 0.55181818125 0.5045454546875 0.5554545453124999 0.5086363640625 0.5577272734375 0.5295454546875 0.5586363640625 0.5349999999999999 0.5568181812499999
2 0.23828125 0.278125 0.00078125 0.00234375
2 0.240909090625 0.1877272734375 0.24181818124999999 0.2013636359375 0.24 0.20681818125 0.24 0.2136363640625 0.2377272734375 0.21681818125 0.2377272734375 0.2245454546875 0.24 0.22681818125 0.24 0.23681818125 0.24272727343749997 0.24 0.240909090625 0.24681818125000002 0.24590909062500002 0.254090909375 0.240909090625 0.26 0.24 0.265909090625 0.24181818124999999 0.2695454546875 0.2395454546875 0.2736363640625 0.24181818124999999 0.2772727265625 0.24272727343749997 0.28272727343750004 0.2395454546875 0.28500000000000003 0.2377272734375 0.2895454546875 0.2377272734375 0.29681818125000003 0.2395454546875 0.3027272734375 0.2377272734375 0.305909090625 0.23681818125 0.32954545468749996 0.2377272734375 0.4086363640625 0.2786363640625 0.4095454546875 0.3086363640625 0.4077272734375 0.32863636406249996 0.4086363640625 0.3464463640625 0.40681818124999997 0.37 0.40681818124999997 0.3763636359375 0.40499999999999997 0.4427272734375 0.40499999999999997 0.445909090625 0.4095454546875 0.4427272734375 0.41454545468750004 0.4436363640625 0.41772727343750005 0.44181818125000005 0.42090909062500004 0.44181818125000005 0.46363636406250003 0.445 0.4745454546875 0.44090909062500006 0.48 0.44090909062500006 0.49318181875 0.43863636406250006 0.49681818125 0.43863636406250006 0.4995454546875 0.43499999999999994 0.5027272734375 0.425909090625 0.5027272734375 0.4236363640625 0.5045454546875 0.4245454546875 0.51318181875 0.43318181874999995 0.515909090625 0.43681818124999994 0.5186363640625 0.43681818124999994 0.530909090625 0.43499999999999994 0.5327272734374999 0.43499999999999994 0.5386363640625 0.43681818124999994 0.54318181875 0.43318181874999995 0.55 0.42090909062500004 0.55181818125 0.41954545468750004 0.5536363640624999 0.42000000000000004 0.5559090906249999 0.425 0.5609090906249999 0.43181818125 0.5636363640625001 0.43681818124999994 0.5709090906250001 0.43454545468749994 0.5736363640625 0.43590909062499994 0.6272727265625 0.43499999999999994 0.790909090625 0.43363636406249995 0.8 0.4313636359375 0.8027272734374999 0.4236363640625 0.805909090625 0.41590909062500003 0.805909090625 0.40181818125 0.8086363640625001 0.3904545453125 0.8127272734375 0.38181818125 0.8127272734375 0.375909090625 0.815909090625 0.3727272734375 0.8127272734375 0.355 0.8077272734375001 0.350909090625 0.8 0.34454545468750003 0.795 0.32863636406249996 0.795909090625 0.320909090625 0.805909090625 0.32 0.8136363640625 0.32863636406249996 0.8300000000000001 0.33090909062499996 0.8495454546874999 0.335 0.8527272734375 0.34363636406250003 0.8536363640625 0.3477272734375 0.8568181812500001 0.3527272734375 0.8559090906250001 0.3577272734375 0.86681818125 0.3645454546875 0.8736363640624999 0.365 0.875909090625 0.3795454546875 0.8949999999999999 0.3804545453125 0.89818181875 0.389090909375 0.9063636359375 0.395 0.9077272734375 0.3945454546875 0.9099999999999999 0.3886363640625 0.915 0.390909090625 0.9177272734375 0.3886363640625 0.9359090906249999 0.3895454546875 0.940909090625 0.39272727343749997 0.945909090625 0.39681818125 0.94681818125 0.40681818124999997 0.945909090625 0.4086363640625 0.9436363640625001 0.41181818124999997 0.9377272734375 0.41363636406250004 0.9181818187499999 0.41590909062500003 0.9095454546875 0.41954545468750004 0.905909090625 0.4236363640625 0.9045454546875 0.4245454546875 0.8986363640624999 0.41954545468750004 0.8827272734375 0.4036363640625 0.86681818125 0.3995454546875 0.8586363640625001 0.394090909375 0.8536363640625 0.3895454546875 0.845909090625 0.3872727265625 0.8454545453125 0.3936363640625 0.8377272734375 0.39772727343750003 0.8386363640625 0.404090909375 0.835909090625 0.4077272734375 0.83681818125 0.41590909062500003 0.8345454546875001 0.42181818125000003 0.8345454546875001 0.4236363640625 0.8327272734375001 0.43636363593749994 0.8295454546875 0.45181818125 0.8277272734375 0.465 0.8245454546875 0.46772727343750004 0.8227272734375 0.475909090625 0.8227272734375 0.4977272734375 0.8177272734375001 0.5086363640625 0.8195454546875001 0.51181818125 0.8177272734375001 0.5136363640625 0.8145454546875 0.5195454546875 0.8145454546875 0.52681818125 0.8118181812499999 0.5477272734375 0.8077272734375001 0.5677272734375001 0.8109090906249999 0.574090909375 0.8099999999999999 0.5827272734375 0.8136363640625 0.5890909093750001 0.8145454546875 0.60181818125 0.820909090625 0.62181818125 0.825909090625 0.63181818125 0.8309090906250001 0.6522727265625 0.83681818125 0.6599999999999999 0.8409090906250001 0.6636363640625 0.8409090906250001 0.665909090625 0.8436363640625 0.6736363640625 0.84681818125 0.675909090625 0.8495454546874999 0.6786363640624999 0.8709090906249999 0.6809090906249999 0.87681818125 0.6849999999999999 0.8795454546875 0.690909090625 0.8795454546875 0.6945454546875001 0.8777272734375 0.6968181812500001 0.875909090625 0.6977272734375 0.8727272734374999 0.6968181812500001 0.8554545453125 0.7 0.850909090625 0.6986363640625 0.8477272734374999 0.6950000000000001 0.84681818125 0.6927272734375001 0.8445454546875 0.6940909093750001 0.8418181812500001 0.6995454546875 0.8377272734375 0.700909090625 0.8345454546875001 0.6995454546875 0.8295454546875 0.6936363640625001 0.8227272734375 0.675 0.8195454546875001 0.6686363640625 0.815909090625 0.650909090625 0.8118181812499999 0.6495454546875 0.8099999999999999 0.6277272734375 0.805 0.615909090625 0.8 0.6054545453125 0.7977272734375 0.6 0.795 0.5927272734375 0.7886363640625 0.585909090625 0.7859090906249999 0.575909090625 0.7845454546874999 0.5709090906250001 0.78181818125 0.5568181812499999 0.7777272734375 0.54818181875 0.77681818125 0.5377272734375 0.7727272734375 0.5295454546875 0.7727272734375 0.5277272734375 0.770909090625 0.5172727265625 0.770909090625 0.5077272734375 0.76681818125 0.49090909062500004 0.765909090625 0.48863636406250005 0.7622727265625 0.49000000000000005 0.7527272734375 0.48863636406250005 0.75 0.48772727343750005 0.6763636359375 0.48954545468750005 0.6645454546875 0.48772727343750005 0.64681818125 0.49000000000000005 0.615909090625 0.48863636406250005 0.6136363640625 0.48954545468750005 0.58681818125 0.48772727343750005 0.5777272734375 0.4963636359375 0.5709090906250001 0.5 0.5700000000000001 0.5186363640625 0.5695454546875001 0.525 0.5677272734375001 0.5427272734375 0.56681818125 0.5554545453124999 0.5636363640625001 0.565909090625 0.5636363640625001 0.5686363640625001 0.5618181812499999 0.580909090625 0.5618181812499999 0.585 0.5609090906249999 0.58681818125 0.5568181812499999 0.5827272734375 0.5527272734374999 0.5536363640624999 0.55181818125 0.54681818125 0.5477272734375 0.54681818125 0.5286363640625 0.545 0.5222727265625 0.545909090625 0.51181818125 0.5436363640625 0.5027272734375 0.5427272734375 0.4795454546875 0.5395454546875 0.4727272734375 0.5286363640625 0.4727272734375 0.5257577265625 0.4736363640625 0.5245454546875 0.475909090625 0.52318181875 0.4754545453125 0.5233331812500001 0.4736363640625 0.520909090625 0.4736363640625 0.5177272734375 0.47681818125 0.515 0.4736363640625 0.5122727265625 0.475909090625 0.4813636359375 0.475909090625 0.47818181875 0.4745454546875 0.47000000000000003 0.4745454546875 0.46863636406250003 0.46954545468750003 0.4777272734375 0.46863636406250003 0.48181818125 0.465 0.4827272734375 0.41272727343750004 0.480909090625 0.4077272734375 0.4827272734375 0.40590909062499997 0.5145454546875 0.4045454546875 0.52318181875 0.40181818125 0.5545454546874999 0.4027272734375 0.56681818125 0.400909090625 0.61181818125 0.400909090625 0.62318181875 0.4 0.625 0.3986363640625 0.6295454546875 0.4 0.6413636359375 0.4 0.6477272734375 0.3986363640625 0.6786363640624999 0.3986363640625 0.6809090906249999 0.39681818125 0.6818181812499999 0.33681818125 0.6799999999999999 0.3195454546875 0.6818181812499999 0.3145454546875 0.6818181812499999 0.25681818125 0.6799999999999999 0.24818181875 0.6827272734375 0.240909090625 0.6818181812499999 0.19681818125 0.6799999999999999 0.190909090625 0.6795454546874999 0.150909090625 0.6609090906249999 0.1486363640625 0.6577272734374999 0.14681818124999998 0.6545454546875 0.1486363640625 0.650909090625 0.14681818124999998 0.5631818187500001 0.14681818124999998 0.5568181812499999 0.1436363640625 0.550909090625 0.1427272734375 0.49681818125 0.1427272734375 0.495909090625 0.14181818125 0.51681818125 0.10181818125 0.515909090625 0.10272727343750002 0.5127272734375 0.100909090625 0.5013636359375 0.100909090625 0.4986363640625 0.09863636406250001 0.48863636406250005 0.0977272734375 0.4845454546875 0.095909090625 0.475 0.095909090625 0.46954545468750003 0.0936363640625 0.45590909062499996 0.09272727343750001 0.449090909375 0.0945454546875 0.425 0.0945454546875 0.4227272734375 0.0977272734375 0.42000000000000004 0.09863636406250001 0.42090909062500004 0.10181818125 0.43727272656249994 0.10272727343750002 0.44000000000000006 0.10500000000000001 0.4427272734375 0.13363636406249998 0.445 0.135909090625 0.4522727265625 0.135 0.45590909062499996 0.1386363640625 0.45999999999999996 0.1395454546875 0.45727272656249995 0.14181818125 0.44681818125 0.1436363640625 0.4454545453125 0.14818181875 0.44136363593750005 0.1477272734375 0.43499999999999994 0.1427272734375 0.4277272734375 0.14181818125 0.425909090625 0.13999999999999999 0.399090909375 0.1386363640625 0.39272727343749997 0.13681818125 0.3713636359375 0.13681818125 0.3577272734375 0.135 0.3227272734375 0.135 0.3163636359375 0.13681818125 0.31181818125 0.13363636406249998 0.265 0.13363636406249998 0.255909090625 0.13181818125 0.2377272734375 0.1327272734375 0.24 0.15681818125 0.24 0.18181818125 0.24363636406250003 0.185 0.240909090625 0.1877272734375
2 0.4477272734375 0.565909090625 0.45499999999999996 0.5686363640625001 0.46363636406250003 0.5695454546875001 0.4736363640625 0.5686363640625001 0.48 0.5650000000000001 0.48772727343750005 0.565909090625 0.4945454546875 0.5636363640625001 0.4977272734375 0.5609090906249999 0.5 0.5627272734375001 0.5186363640625 0.5627272734375001 0.5227272734375 0.5609090906249999 0.5331818187499999 0.5599999999999999 0.5359090906249999 0.5618181812499999 0.54 0.5609090906249999 0.54681818125 0.5636363640625001 0.5595454546874999 0.5599999999999999 0.5745454546875 0.5599999999999999 0.5777272734375 0.5577272734375 0.5795454546875 0.5545454546874999 0.5786363640625 0.5527272734374999 0.5609090906249999 0.55181818125 0.549090909375 0.5495454546875 0.54681818125 0.5477272734375 0.54681818125 0.52681818125 0.545 0.52 0.5427272734375 0.4736363640625 0.5395454546875 0.47181818125 0.5336363640624999 0.47181818125 0.500909090625 0.4745454546875 0.4936363640625 0.4736363640625 0.44000000000000006 0.47681818125 0.43954545468750006 0.5313636359375 0.44090909062500006 0.5395454546875 0.44090909062500006 0.5586363640625 0.4477272734375 0.565909090625
2 0.46681818125 0.5536363640624999 0.46954545468750003 0.55181818125 0.474090909375 0.55181818125 0.47681818125 0.5536363640624999 0.4822727265625 0.550909090625 0.495909090625 0.5527272734374999 0.50181818125 0.550909090625 0.5086363640625 0.550909090625 0.5136363640625 0.5486363640625 0.5436363640625 0.5486363640625 0.545909090625 0.545909090625 0.54681818125 0.5286363640625 0.545 0.5222727265625 0.5436363640625 0.4786363640625 0.5422727265625 0.47318181875 0.54 0.47181818125 0.530909090625 0.47181818125 0.5013636359375 0.4745454546875 0.4936363640625 0.4736363640625 0.46818181875000003 0.475909090625 0.44181818125000005 0.475909090625 0.43954545468750006 0.47727272656249997 0.43863636406250006 0.48181818125 0.44090909062500006 0.550909090625 0.4436363640625 0.5536363640624999 0.46681818125 0.5536363640624999
2 0.2386363640625 0.410909090625 0.2495454546875 0.41181818124999997 0.309090909375 0.4086363640625 0.32999999999999996 0.4095454546875 0.34500000000000003 0.4077272734375 0.3895454546875 0.40681818124999997 0.46181818124999996 0.4077272734375 0.5195454546875 0.40499999999999997 0.5245454546875 0.4036363640625 0.5359090906249999 0.4045454546875 0.56681818125 0.4036363640625 0.5813636359375 0.40181818125 0.6636363640625 0.400909090625 0.6790909093749999 0.4 0.6818181812499999 0.39772727343750003 0.6827272734375 0.205 0.6809090906249999 0.175 0.6818181812499999 0.1536363640625 0.6809090906249999 0.15 0.6786363640624999 0.1477272734375 0.6527272734375 0.145909090625 0.610909090625 0.145909090625 0.5918181812500001 0.1436363640625 0.5681818187500001 0.1436363640625 0.55 0.14181818125 0.54 0.1427272734375 0.525909090625 0.140909090625 0.515 0.14181818125 0.505909090625 0.13999999999999999 0.4872727265625 0.13999999999999999 0.4786363640625 0.1386363640625 0.46681818125 0.1386363640625 0.46272727343750003 0.1395454546875 0.46045454531249996 0.14181818125 0.45363636406249996 0.14181818125 0.4427272734375 0.1377272734375 0.43545454531249994 0.1386363640625 0.3995454546875 0.135909090625 0.3786363640625 0.135909090625 0.3577272734375 0.13363636406249998 0.32 0.13363636406249998 0.2786363640625 0.130909090625 0.2622727265625 0.13181818125 0.254090909375 0.1295454546875 0.2395454546875 0.1295454546875 0.23681818125 0.135 0.2377272734375 0.28590909062500003 0.235909090625 0.33681818125 0.235909090625 0.40590909062499997 0.2386363640625 0.410909090625
2 0.4736363640625 0.0827272734375 0.4745454546875 0.07681818124999999 0.4727272734375 0.0754545453125 0.4745454546875 0.0745454546875 0.475909090625 0.0677272734375 0.4727272734375 0.06681818125 0.47000000000000003 0.0677272734375 0.47181818125 0.0704545453125 0.47181818125 0.080909090625 0.4736363640625 0.0827272734375