0 0.8163636359374999 0.3820598 0.8345454546875001 0.39202657812499997 0.8872727265625 0.35215946875 0.90181818125 0.35215946875 0.96181818125 0.305647840625 0.9654545453125 0.2823920265625 0.96181818125 0.2491694359375 0.9036363640625 0.2491694359375 0.8927272734375 0.25913621249999996 0.850909090625 0.262458471875 0.8454545453125 0.2724252484375 0.8418181812500001 0.30232558125 0.8545454546875 0.3322259140625 0.8145454546875 0.35215946875 0.8163636359374999 0.3820598
0 0.430909090625 0.780730896875 0.43272727343749995 0.7043189375 0.34181818124999996 0.6943521593749999 0.3036363640625 0.6943521593749999 0.29454545468750004 0.7043189375 0.28545454531250003 0.7209302328125 0.290909090625 0.7674418609375 0.4236363640625 0.790697675 0.430909090625 0.780730896875
0 0.9054545453125 0.6279069765624999 0.8654545453125 0.6179401999999999 0.8636363640625 0.8504983390625 0.8745454546874999 0.860465115625 0.90181818125 0.8504983390625 0.9054545453125 0.6279069765624999
0 0.03818181875 0.7940199328124999 0.050909090625 0.7973421921875 0.0527272734375 0.8372093015625 0.06181818125000001 0.860465115625 0.0672727265625 0.8405315609375 0.0945454546875 0.8338870437500001 0.1072727265625 0.82059800625 0.16181818125 0.7973421921875 0.1745454546875 0.8073089703124999 0.17090909062499998 0.6611295687500001 0.0527272734375 0.6744186046875 0.0527272734375 0.6843853828124999 0.0436363640625 0.6910299 0.050909090625 0.7574750828125 0.032727273437499996 0.7641196015625 0.032727273437499996 0.7774086375 0.03818181875 0.7940199328124999
0 0.0272727265625 0.3621262453125 0.032727273437499996 0.3820598 0.0436363640625 0.39202657812499997 0.10181818125 0.4152823921875 0.1927272734375 0.3820598 0.1727272734375 0.35880398593749996 0.16545454531249998 0.28571428593750003 0.130909090625 0.23588039843750003 0.08545454531249999 0.2325581390625 0.0436363640625 0.2890365453125 0.0363636359375 0.35215946875 0.0145454546875 0.3687707640625 0.0145454546875 0.3787375421875 0.0272727265625 0.3621262453125
0 0.43454545468749994 0.33887043125 0.4272727265625 0.2790697671875 0.290909090625 0.2790697671875 0.28545454531250003 0.2923588046875 0.28363636406250003 0.35215946875 0.290909090625 0.3654485046875 0.429090909375 0.3654485046875 0.43454545468749994 0.33887043125
0 0.5945454546875 0.8073089703124999 0.6054545453125 0.7973421921875 0.6636363640625 0.780730896875 0.6854545453124999 0.7940199328124999 0.70181818125 0.790697675 0.7036363640625 0.687707640625 0.6945454546875001 0.6611295687500001 0.5654545453125001 0.6744186046875 0.5636363640625001 0.8006644515625 0.5763636359375 0.8239202656250001 0.5945454546875 0.82059800625 0.5945454546875 0.8073089703124999
0 0.62 0.37541528281250003 0.6327272734375 0.3621262453125 0.6436363640625 0.3654485046875 0.6854545453124999 0.3953488375 0.7036363640625 0.3787375421875 0.7036363640625 0.3621262453125 0.6836363640625 0.34883720937499996 0.6818181812499999 0.2923588046875 0.609090909375 0.2757475078125 0.5599999999999999 0.2790697671875 0.5545454546874999 0.3255813953125 0.5763636359375 0.34883720937499996 0.5890909093750001 0.34883720937499996 0.62 0.37541528281250003
2 0.6327272734375 0.3621262453125 0.6345454546875 0.3322259140625 0.6236363640625 0.305647840625 0.5945454546875 0.305647840625 0.5872727265625 0.31893687656249997 0.5854545453125 0.3355481734375 0.5963636359375 0.3621262453125 0.62 0.37541528281250003 0.6327272734375 0.3621262453125
2 0.8836363640625 0.35215946875 0.9054545453125 0.3255813953125 0.95818181875 0.30232558125 0.9654545453125 0.262458471875 0.96 0.2491694359375 0.9036363640625 0.2491694359375 0.889090909375 0.262458471875 0.850909090625 0.262458471875 0.8454545453125 0.2724252484375 0.8418181812500001 0.30232558125 0.8545454546875 0.3355481734375 0.8672727265625 0.35215946875 0.8836363640625 0.35215946875
2 0.16363636406249998 0.34883720937499996 0.1727272734375 0.34883720937499996 0.16545454531249998 0.28571428593750003 0.1254545453125 0.2325581390625 0.0872727265625 0.2325581390625 0.0436363640625 0.2890365453125 0.03818181875 0.34883720937499996 0.1 0.29568106250000004 0.11818181875 0.29568106250000004 0.16363636406249998 0.34883720937499996
2 0.5872727265625 0.31893687656249997 0.5945454546875 0.30232558125 0.5727272734375 0.2823920265625 0.5599999999999999 0.2823920265625 0.5545454546874999 0.29568106250000004 0.5545454546874999 0.3255813953125 0.5854545453125 0.34883720937499996 0.5872727265625 0.31893687656249997
2 0.1927272734375 0.3820598 0.1127272734375 0.29568106250000004 0.018181818750000002 0.3654485046875 0.018181818750000002 0.3820598 0.1 0.4152823921875 0.13999999999999999 0.40863787343749997 0.1927272734375 0.3820598