2 0.9043478265625 0.310144928125 0.8978260875 0.2927536234375 0.9086956515625 0.286956521875 0.9152173906250001 0.2695652171875 0.9130434781250001 0.22318840624999997 0.9043478265625 0.240579709375 0.9 0.286956521875 0.886956521875 0.313043478125 0.8826086953125 0.3507246375 0.886956521875 0.33623188437499996 0.8934782609375 0.3420289859375 0.9043478265625 0.310144928125
2 0.9217391296875 0.1903391296875 0.9217391296875 0.1536231890625 0.9152173906250001 0.16811594218749998 0.9108695656249999 0.214492753125 0.9217391296875 0.20869565156249997 0.9152173906250001 0.1913043484375 0.9217391296875 0.1903391296875
2 0.9978260875 0.00289855 0.9478260875 0.00289855 0.9369565218749999 0.263768115625 0.9108695656249999 0.3507246375 0.9978260875 0.3478260875 0.9978260875 0.00289855
2 0.8369565218749999 0.3159420296875 0.8456521734375 0.3159420296875 0.8586956515624999 0.286956521875 0.87608695625 0.20869565156249997 0.8717391296875 0.2 0.8826086953125 0.1710144921875 0.886956521875 0.09855072499999999 0.8978260875 0.052173912499999996 0.8934782609375 0.0318840578125 0.9086956515625 0.0057971015624999995 0.8326086953124999 0.0057971015624999995 0.8326086953124999 0.286956521875 0.8152173906250001 0.2927536234375 0.8304347828124999 0.28985507187500004 0.8369565218749999 0.3159420296875
2 0.8326086953124999 0 0.8326086953124999 0.14782608749999998 0.8543478265625 0.1536231890625 0.865217390625 0.14782608749999998 0.865217390625 0 0.8326086953124999 0
2 0.7171875 0.17265625 0.0046875 0.003125
2 0.8391304343750001 0.0666666671875 0.8326086953124999 0.07246376875 0.8521739125 0.07246376875 0.8456521734375 0.086956521875 0.8326086953124999 0.089855071875 0.8326086953124999 0.1159420296875 0.8391304343750001 0.14782608749999998 0.8586956515624999 0.1507246375 0.865217390625 0.136231884375 0.865217390625 0.052173912499999996 0.8543478265625 0.037681159375 0.865217390625 0.026086956249999998 0.865217390625 0.0057971015624999995 0.8369565218749999 0.0057971015624999995 0.8326086953124999 0.0086956515625 0.8434782609375 0.014492753124999999 0.8369565218749999 0.027536231249999998 0.8391304343750001 0.0666666671875
2 0.9152173906250001 0 0.9086956515625 0.014492753124999999 0.9 0.0057971015624999995 0.8934782609375 0.014492753124999999 0.9108695656249999 0.023188406249999998 0.8934782609375 0.0304347828125 0.8978260875 0.0695652171875 0.886956521875 0.16521739062500002 0.8434782609375 0.34492753593750003 0.7826086953125 0.440579709375 0.7652173906249999 0.4550724640625 0.7652173906249999 0.46666666718750005 0.6978260875 0.5449275359375 0.6782608703124999 0.585507246875 0.67608695625 0.60289855 0.6826086953125 0.60289855 0.7021739124999999 0.565217390625 0.715217390625 0.5884057968749999 0.736956521875 0.5913043484375 0.7586956515625001 0.5507246375 0.8695652171875 0.42318840625 0.9108695656249999 0.3478260875 0.9369565218749999 0.2289855078125 0.9434782609375001 0 0.9152173906250001 0
2 0.9978260875 0.2956521734375 0.9978260875 0.049275362499999996 0.9913043484375 0.0695652171875 0.9652173906250001 0.0927536234375 0.95 0.1304347828125 0.9478260875 0.2289855078125 0.9543478265625 0.2521739125 0.97608695625 0.28985507187500004 0.9978260875 0.2956521734375
2 0.7717391296875 0.38260869531249997 0.7717391296875 0.362318840625 0.7673913046874999 0.36521739062499997 0.7717391296875 0.38260869531249997
2 0.5978260875 0.4 0.6195652171875 0.388405796875 0.62608695625 0.3681159421875 0.615217390625 0.3478260875 0.5434782609375 0.34492753593750003 0.5282608703125 0.310144928125 0.510869565625 0.313043478125 0.4978260875 0.3478260875 0.45434782656249995 0.3478260875 0.42173912968750005 0.36521739062499997 0.41521739062499996 0.37391304375 0.42173912968750005 0.40289855 0.465217390625 0.41159420312500006 0.5978260875 0.4
2 0.69921875 0.2796875 0.00234375 0.00859375
2 0.75 0.28115942031249996 0.760869565625 0.28985507187500004 0.7543478265625 0.27246376875 0.75 0.28115942031249996
2 0.73515625 0.20703125 0.0046875 0.003125
2 0.6717391296875 0.2 0.6804347828124999 0.18260869531249999 0.6978260875 0.2 0.715217390625 0.185507246875 0.7195652171875 0.1942028984375 0.7282608703125 0.17681159375 0.7434782609374999 0.1942028984375 0.7586956515625001 0.18260869531249999 0.760869565625 0.0695652171875 0.7543478265625 0.049275362499999996 0.62608695625 0.0463768109375 0.6043478265625 0.049275362499999996 0.589130434375 0.0666666671875 0.586956521875 0.18260869531249999 0.6043478265625 0.20869565156249997 0.6521739125 0.20869565156249997 0.6717391296875 0.2
2 0.9086956515625 0.1536231890625 0.9195652171875001 0.1507246375 0.9065217390625 0.14492753593750002 0.9086956515625 0.1536231890625
2 0.8282608703125 0 0.8326086953124999 0.2840579703125 0.8152173906250001 0.2927536234375 0.8456521734375 0.32463768125 0.87608695625 0.2202898546875 0.9108695656249999 0 0.8282608703125 0
2 0.7586956515625001 0.5565217390625 0.739130434375 0.585507246875 0.736956521875 0.5942028984375 0.760869565625 0.5884057968749999 0.7652173906249999 0.5623188406249999 0.7586956515625001 0.5565217390625
2 0.6717391296875 0.5942028984375 0.6804347828124999 0.6057971015625 0.6978260875 0.60289855 0.7 0.5942028984375 0.7086956515625 0.60289855 0.72608695625 0.5942028984375 0.6782608703124999 0.5826086953125 0.686956521875 0.5565217390625 0.6673913046875 0.5681159421875 0.639130434375 0.5681159421875 0.6282608703125 0.5797101453125 0.62608695625 0.60289855 0.636956521875 0.6086956515625 0.660869565625 0.6086956515625 0.6717391296875 0.5942028984375
2 0.3717391296875 0.32173912968749996 0.3804347828125 0.3333333328125 0.38260869531249997 0.32173912968749996 0.4 0.3304347828125 0.40652173906250005 0.32173912968749996 0.41630434843749997 0.32753623125 0.41920134375 0.317235803125 0.3195652171875 0.32173912968749996 0.310869565625 0.3159420296875 0.310869565625 0.2927536234375 0.3 0.301449275 0.2195652171875 0.2956521734375 0.16521739062500002 0.30434782656250003 0.15434782656249998 0.27536231875 0.15434782656249998 0.2289855078125 0.11086956562500001 0.23188405781250002 0.1043478265625 0.24927536250000001 0.15434782656249998 0.3681159421875 0.3434782609375 0.3420289859375 0.35 0.32173912968749996 0.360869565625 0.32173912968749996 0.360869565625 0.33623188437499996 0.3717391296875 0.32173912968749996
2 0.5695652171875001 0.40869565156250004 0.6217391296875 0.388405796875 0.62608695625 0.37681159375 0.62391304375 0.3507246375 0.57608695625 0.33623188437499996 0.5434782609375 0.3420289859375 0.52608695625 0.3072463765625 0.510869565625 0.310144928125 0.4978260875 0.34492753593750003 0.4326086953125 0.3565217390625 0.41521739062499996 0.3710144921875 0.41521739062499996 0.3942028984375 0.4326086953125 0.40869565156250004 0.5695652171875001 0.40869565156250004
2 0 0.8492753625 0.7826086953125 0.7217391296875 0.8043478265624999 0.7072463765625 0.8086956515624999 0.52463768125 0.789130434375 0.52753623125 0.7695652171875 0.5507246375 0.7652173906249999 0.5826086953125 0.75 0.6 0.6695652171875001 0.611594203125 0.6673913046875 0.6231884062499999 0.660869565625 0.611594203125 0.6282608703125 0.6086956515625 0.6217391296875 0.5884057968749999 0.639130434375 0.565217390625 0.67608695625 0.5565217390625 0.686956521875 0.5449275359375 0.686956521875 0.5333333328125 0.47608695624999997 0.5536231890625001 0.463043478125 0.5623188406249999 0.36521739062499997 0.5681159421875 0.284782609375 0.585507246875 0 0.614492753125 0 0.8492753625
2 0.4913043484375 0.6318840578125 0.5 0.6086956515625 0.4913043484375 0.6 0.46086956562500003 0.6 0.37608695625 0.6086956515625 0.360869565625 0.6202898546875 0.3543478265625 0.6318840578125 0.360869565625 0.6492753625 0.41739130468749996 0.6492753625 0.4913043484375 0.6318840578125
2 0.6934782609375 0.5681159421875 0.6782608703124999 0.5681159421875 0.660869565625 0.5913043484375 0.660869565625 0.60289855 0.6826086953125 0.60289855 0.6934782609375 0.5681159421875
2 0.74921875 0.17265625 0.00234375 0.00859375
2 0.7086956515625 0.5043478265625 0.6978260875 0.5304347828125 0.7021739124999999 0.5536231890625001 0.7217391296875 0.52753623125 0.715217390625 0.5217391296875 0.7217391296875 0.489855071875 0.715217390625 0.43381739062499997 0.72608695625 0.4318840578125 0.72608695625 0.40289855 0.715217390625 0.40096521718749994 0.715217390625 0.3845420296875 0.7217391296875 0.37971014531249997 0.715217390625 0.3681159421875 0.7217391296875 0.362318840625 0.710869565625 0.3478260875 0.7217391296875 0.34492753593750003 0.7043478265625 0.3159420296875 0.715217390625 0.310144928125 0.7086956515625 0.2695652171875 0.6978260875 0.2695652171875 0.6934782609375 0.20869565156249997 0.6826086953125 0.20869565156249997 0.686956521875 0.1942028984375 0.67608695625 0.188405796875 0.6826086953125 0.17681159375 0.67608695625 0.16811594218749998 0.6717391296875 0.17681159375 0.7021739124999999 0.28985507187500004 0.710869565625 0.46956521718750005 0.7086956515625 0.5043478265625
2 0.7326086953125001 0.1797101453125 0.72608695625 0.20869565156249997 0.7521739125 0.2927536234375 0.7543478265625 0.510144928125 0.760869565625 0.5072463765624999 0.7543478265625 0.5043478265625 0.7543478265625 0.4840579703125 0.7717391296875 0.489855071875 0.7652173906249999 0.46956521718750005 0.77608695625 0.46086956562500003 0.7782608703125 0.4318840578125 0.7652173906249999 0.44541159375 0.7652173906249999 0.3990347828125 0.7782608703125 0.41159420312500006 0.7782608703125 0.3913043484375 0.7652173906249999 0.3835739125 0.77608695625 0.3681159421875 0.760869565625 0.36521739062499997 0.760869565625 0.3492753625 0.77608695625 0.3478260875 0.7586956515625001 0.3304347828125 0.7717391296875 0.32463768125 0.7652173906249999 0.3072463765625 0.7543478265625 0.310144928125 0.7543478265625 0.2956521734375 0.7652173906249999 0.28985507187500004 0.736956521875 0.211594203125 0.7347826093750001 0.17681159375 0.7434782609374999 0.1710144921875 0.7434782609374999 0.14782608749999998 0.6934782609375 0.14492753593750002 0.689130434375 0.16811594218749998 0.6978260875 0.18260869531249999 0.7086956515625 0.188405796875 0.7326086953125001 0.1797101453125
2 0.9978260875 0.3478260875 0.9978260875 0.00289855 0.9586956515624999 0 0.9478260875 0.023188406249999998 0.9434782609375001 0.234782609375 0.9217391296875 0.32173912968749996 0.9217391296875 0.3478260875 0.9978260875 0.3478260875
2 0.72421875 0.55234375 0.0046875 0.003125
2 0.96328125 0.32578125 0.0046875 0.003125
2 0.8369565218749999 0.16811594218749998 0.8326086953124999 0.17681159375 0.8434782609375 0.18260869531249999 0.8478260875 0.17391304375 0.8369565218749999 0.16811594218749998
2 0.8521739125 0.1942028984375 0.8326086953124999 0.188405796875 0.8391304343750001 0.240579709375 0.8608695656249999 0.240579709375 0.8608695656249999 0.188405796875 0.8717391296875 0.1710144921875 0.865217390625 0.16521739062500002 0.863043478125 0.17391304375 0.8543478265625 0.17391304375 0.8586956515624999 0.185507246875 0.8521739125 0.1942028984375
2 0.886956521875 0.1507246375 0.865217390625 0.2695652171875 0.8456521734375 0.301449275 0.8391304343750001 0.2927536234375 0.82608695625 0.2956521734375 0.8326086953124999 0.3072463765625 0.8478260875 0.30434782656250003 0.8608695656249999 0.32753623125 0.8434782609375 0.33623188437499996 0.8369565218749999 0.362318840625 0.82608695625 0.37391304375 0.8282608703125 0.38260869531249997 0.8217391296875001 0.38260869531249997 0.82608695625 0.388405796875 0.8043478265624999 0.40869565156250004 0.8086956515624999 0.42028985468749996 0.789130434375 0.4289855078125 0.77608695625 0.4579710140625 0.7695652171875 0.4521739125 0.7652173906249999 0.46956521718750005 0.7434782609374999 0.489855071875 0.7456521734375 0.5014492749999999 0.736956521875 0.510144928125 0.7304347828125 0.5043478265625 0.7217391296875 0.5159420296875 0.72608695625 0.52753623125 0.713043478125 0.52753623125 0.7173913046875 0.539130434375 0.7043478265625 0.539130434375 0.7086956515625 0.5536231890625001 0.6956521734375001 0.5507246375 0.67608695625 0.60289855 0.6826086953125 0.60289855 0.7043478265625 0.5623188406249999 0.7217391296875 0.57391304375 0.7217391296875 0.5884057968749999 0.736956521875 0.5913043484375 0.7717391296875 0.5333333328125 0.8043478265624999 0.5072463765624999 0.8695652171875 0.42608695625 0.9195652171875001 0.3333333328125 0.9217391296875 0.3478260875 0.9434782609375001 0.3478260875 0.9391304343750001 0.32753623125 0.9586956515624999 0.3304347828125 0.9608695656249999 0.3478260875 0.9652173906250001 0.3304347828125 0.97391304375 0.34492753593750003 0.984782609375 0.34492753593750003 0.9782608703125 0.3420289859375 0.9869565218749999 0.32753623125 0.9934782609375 0.3333333328125 0.95 0.2840579703125 0.95 0.2695652171875 0.9608695656249999 0.260869565625 0.9826086953125 0.286956521875 0.9934782609375 0.286956521875 0.9869565218749999 0.2840579703125 0.9869565218749999 0.27246376875 0.9978260875 0.24637681093750002 0.9978260875 0.0695652171875 0.9782608703125 0.0695652171875 0.9869565218749999 0.049275362499999996 0.9934782609375 0.052173912499999996 0.9869565218749999 0.0463768109375 0.9934782609375 0.00289855 0.9152173906250001 0 0.9086956515625 0.0086956515625 0.8934782609375 0.0086956515625 0.886956521875 0.0202898546875 0.8717391296875 0.0202898546875 0.8673913046875 0.00289855 0.8326086953124999 0.00289855 0.8326086953124999 0.1507246375 0.8717391296875 0.1536231890625 0.87391304375 0.139130434375 0.886956521875 0.1507246375
2 0.8565217390625 0.3913043484375 0.865217390625 0.385507246875 0.863043478125 0.3710144921875 0.8717391296875 0.3681159421875 0.8782608703125 0.33623188437499996 0.8717391296875 0.32753623125 0.8391304343750001 0.4 0.8478260875 0.3913043484375 0.8586956515624999 0.4 0.8565217390625 0.3913043484375
2 0.8434782609375 0.34492753593750003 0.8543478265625 0.32173912968749996 0.8478260875 0.3304347828125 0.8434782609375 0.34492753593750003
2 0.87608695625 0.263768115625 0.8826086953125 0.20869565156249997 0.8608695656249999 0.28985507187500004 0.8586956515624999 0.310144928125 0.865217390625 0.3072463765625 0.8717391296875 0.260869565625 0.87608695625 0.263768115625
2 0.9152173906250001 0 0.9108695656249999 0.014492753124999999 0.9217391296875 0.026086956249999998 0.9043478265625 0.052173912499999996 0.9108695656249999 0.07246376875 0.8978260875 0.089855071875 0.9043478265625 0.1217391296875 0.8934782609375 0.12463768125000001 0.9 0.13333333281249998 0.8978260875 0.14782608749999998 0.8891304343750001 0.14782608749999998 0.8934782609375 0.18260869531249999 0.886956521875 0.188405796875 0.9217391296875 0.188405796875 0.9195652171875001 0.260869565625 0.8978260875 0.3420289859375 0.8673913046875 0.39710144999999997 0.8282608703125 0.434782609375 0.8217391296875001 0.46376811562500003 0.7456521734375 0.5420289859375 0.7282608703125 0.57681159375 0.72608695625 0.5913043484375 0.736956521875 0.5913043484375 0.7565217390625001 0.5536231890625001 0.8217391296875001 0.486956521875 0.8391304343750001 0.46376811562500003 0.8369565218749999 0.440579709375 0.8521739125 0.4463768109375 0.8478260875 0.4289855078125 0.8543478265625 0.42028985468749996 0.865217390625 0.4318840578125 0.9108695656249999 0.3507246375 0.9369565218749999 0.23188405781250002 0.9217391296875 0.22318840624999997 0.9217391296875 0.20579710156250003 0.9391304343750001 0.20289855 0.9434782609375001 0.16811594218749998 0.9434782609375001 0.024927535937500002 0.9282608703124999 0.026086956249999998 0.9282608703124999 0.014492753124999999 0.9478260875 0 0.9152173906250001 0
2 0.5086956515625001 0.3681159421875 0.5217391296875 0.3536231890625 0.5152173906249999 0.3478260875 0.5086956515625001 0.3681159421875
2 0.7434782609374999 0.2840579703125 0.7217391296875 0.20579710156250003 0.7 0.20579710156250003 0.6978260875 0.22318840624999997 0.715217390625 0.2695652171875 0.715217390625 0.286956521875 0.7434782609374999 0.2840579703125
2 0.6543478265625 0.12753623125 0.6456521734375 0.136231884375 0.6282608703125 0.13333333281249998 0.639130434375 0.16521739062500002 0.639130434375 0.1420289859375 0.6543478265625 0.1420289859375 0.6543478265625 0.12753623125
2 0.72608695625 0.1043478265625 0.7 0.1072463765625 0.7217391296875 0.12753623125 0.7434782609374999 0.1217391296875 0.72608695625 0.1043478265625
2 0.634782609375 0.11014492812500001 0.6456521734375 0.11014492812500001 0.6434782609374999 0.1217391296875 0.65 0.1217391296875 0.6543478265625 0.11014492812500001 0.6826086953125 0.1072463765625 0.6717391296875 0.101449275 0.6717391296875 0.086956521875 0.636956521875 0.089855071875 0.6304347828125 0.113043478125 0.6217391296875 0.1072463765625 0.6217391296875 0.1217391296875 0.62391304375 0.11884057968749999 0.6326086953125001 0.12463768125000001 0.634782609375 0.11014492812500001
2 0.6043478265625 0.0840579703125 0.610869565625 0.0840579703125 0.610869565625 0.07536231875 0.6043478265625 0.0840579703125
2 0.6217391296875 0.07246376875 0.6326086953125001 0.0811594203125 0.6326086953125001 0.0695652171875 0.6217391296875 0.07246376875
2 0.15434782656249998 0 0.15434782656249998 0.2289855078125 0.115217390625 0.23188405781250002 0.10869565156250001 0.240579709375 0.11086956562500001 0.263768115625 0.15434782656249998 0.36521739062499997 0.5173913046874999 0.3072463765625 0.5217391296875 0.3159420296875 0.5152173906249999 0.33623188437499996 0.52608695625 0.34492753593750003 0.5282608703125 0.3681159421875 0.5282608703125 0.3478260875 0.5478260875000001 0.3507246375 0.5326086953125 0.33623188437499996 0.5326086953125 0.310144928125 0.6934782609375 0.28985507187500004 0.686956521875 0.24637681093750002 0.67608695625 0.23188405781250002 0.6782608703124999 0.214492753125 0.739130434375 0.20579710156250003 0.7478260875 0.214492753125 0.7652173906249999 0.2840579703125 0.8217391296875001 0.28115942031249996 0.82608695625 0.0811594203125 0.8152173906250001 0.0666666671875 0.82608695625 0.0463768109375 0.82608695625 0.0086956515625 0.8195652171875001 0 0.77608695625 0 0.763043478125 0.014492753124999999 0.75 0 0.15434782656249998 0
2 0.6717391296875 0.1942028984375 0.660869565625 0.17681159375 0.6695652171875001 0.162318840625 0.6826086953125 0.1710144921875 0.6978260875 0.2 0.7043478265625 0.1942028984375 0.7 0.18260869531249999 0.713043478125 0.18260869531249999 0.715217390625 0.1942028984375 0.7326086953125001 0.17681159375 0.7434782609374999 0.188405796875 0.760869565625 0.17681159375 0.760869565625 0.063768115625 0.75 0.0463768109375 0.6043478265625 0.049275362499999996 0.589130434375 0.0695652171875 0.586956521875 0.17391304375 0.6043478265625 0.20869565156249997 0.634782609375 0.211594203125 0.6717391296875 0.1942028984375
2 0.16086956562500002 0.6811594203125 0.18260869531249999 0.6695652171875001 0.186956521875 0.6492753625 0.1804347828125 0.6405797093750001 0.139130434375 0.6405797093750001 0.06521739062500001 0.6492753625 0.05 0.660869565625 0.047826087499999996 0.6782608703124999 0.0543478265625 0.6898550718750001 0.1 0.6898550718750001 0.16086956562500002 0.6811594203125
2 0.8391304343750001 0.313043478125 0.8478260875 0.3072463765625 0.8434782609375 0.30434782656250003 0.8391304343750001 0.313043478125
2 0.87608695625 0.16521739062500002 0.886956521875 0.1507246375 0.8934782609375 0.1072463765625 0.8934782609375 0.07536231875 0.884782609375 0.07246376875 0.8978260875 0.049275362499999996 0.8978260875 0.0318840578125 0.8891304343750001 0.026086956249999998 0.8891304343750001 0.0086956515625 0.8978260875 0.00289855 0.8326086953124999 0 0.8282608703125 0.2695652171875 0.8565217390625 0.2927536234375 0.87608695625 0.20869565156249997 0.87608695625 0.16521739062500002