0 0.9229497359375 0 0.921957671875 0.0019841265625 0.9153439156250001 0.0019841265625 0.90575396875 0.004629629687499999 0.903108465625 0.00661375625 0.8994709000000001 0.00661375625 0.89417989375 0.004629629687499999 0.88723545 0.00628306875 0.8792989421874999 0.004629629687499999 0.8733465609375 0.004629629687499999 0.872023809375 0.00562169375 0.8673941796875001 0.021164021875 0.8644179890625001 0.055555556250000006 0.8604497359375 0.0744047625 0.859457671875 0.0889550265625 0.8578042328125 0.0925925921875 0.853505290625 0.128637565625 0.8508597890624999 0.1392195765625 0.8501984125 0.1570767203125 0.846560846875 0.16931216875 0.8392857140625001 0.2251984125 0.8366402109375001 0.23611111093749998 0.83101851875 0.275132275 0.83068783125 0.290674603125 0.83167989375 0.296957671875 0.840939153125 0.3075396828125 0.8416005296875 0.3105158734375 0.8452380953124999 0.3128306875 0.8475529093749999 0.3171296296875 0.849867725 0.31845238125 0.853505290625 0.3230820109375 0.8554894187500001 0.328042328125 0.8624338625 0.3389550265625 0.865740740625 0.3416005296875 0.884589946875 0.3419312171875 0.91865079375 0.339947090625 0.9613095234375001 0.34027777812500004 0.9702380953124999 0.33928571406249997 0.9745370375 0.3363095234375 0.9758597890624999 0.327380953125 0.9804894187500001 0.31878306875 0.9861111109375 0.290674603125 0.990079365625 0.2791005296875 0.990079365625 0.2754629625 0.9950396828124999 0.25892857187499996 0.9976851859375 0.24041005312500002 0.9996693125 0.23941798906249998 0.9996693125 0.1822089953125 0.9980158734375 0.18187830625 0.9976851859375 0.1792328046875 0.9983465609375 0.177910053125 0.9996693125 0.177910053125 0.9996693125 0.1421957671875 0.997023809375 0.1418650796875 0.9953703703125001 0.140211640625 0.997023809375 0.13128306875 0.9983465609375 0.1289682546875 0.9996693125 0.1289682546875 0.9996693125 0 0.9864417984375 0 0.9854497359375 0.0016534390625 0.9798280421875001 0.0016534390625 0.9791666671874999 0 0.9229497359375 0
0 0.45667989374999995 0.06812169375 0.46660052968750004 0.06646825468749999 0.49371693125 0.0671296296875 0.5 0.066137565625 0.5605158734375 0.066137565625 0.5674603171875 0.0641534390625 0.5803571421875 0.0625 0.6048280421875 0.0638227515625 0.6147486765625 0.06316137499999999 0.6180555562500001 0.0621693125 0.61937830625 0.0605158734375 0.6197089953125 0.0505952375 0.61871693125 0.0482804234375 0.6144179890625 0.0453042328125 0.5859788359375 0.047288359375 0.58167989375 0.047288359375 0.5760582015625 0.0453042328125 0.5704365078125 0.0453042328125 0.5426587296875 0.0479497359375 0.49007936562500004 0.0479497359375 0.4249338625 0.049603175 0.421957671875 0.0505952375 0.41765872968749995 0.049933862499999995 0.40046296249999996 0.0515873015625 0.3991402109375 0.052910053125 0.3981481484375 0.059193121875 0.3978174609375 0.06349206406249999 0.3991402109375 0.0671296296875 0.403439153125 0.06812169375 0.45667989374999995 0.06812169375
0 0.33498677187500003 0.240740740625 0.3382936515625 0.24437830625 0.340608465625 0.24503968281250002 0.3634259265625 0.24503968281250002 0.39318783125 0.24305555625 0.4044312171875 0.2397486765625 0.41898148125 0.241402115625 0.43154761875 0.24007936562499999 0.50628306875 0.2380952375 0.5535714281249999 0.2354497359375 0.5863095234375 0.2354497359375 0.5952380953125 0.2321428578125 0.6517857140625 0.2328042328125 0.6736111109375 0.23048941875 0.6888227515625001 0.23082010625 0.7000661375 0.2298280421875 0.702380953125 0.228835978125 0.703703703125 0.22685185156249998 0.70667989375 0.190145503125 0.700396825 0.1755952375 0.6964285718750001 0.1732804234375 0.6739417984375 0.17361111093749998 0.6630290999999999 0.17625661406249998 0.653769840625 0.1755952375 0.6494709000000001 0.1765873015625 0.6292989421875 0.1765873015625 0.6197089953125 0.178240740625 0.60582010625 0.177579365625 0.5925925921874999 0.1792328046875 0.533730159375 0.17989417968750002 0.5300925921874999 0.18088624375 0.4950396828125 0.18121693125 0.491071428125 0.1825396828125 0.4507275125 0.1835317453125 0.44609788437500003 0.1822089953125 0.4459377296875 0.18028715 0.440145503125 0.1825396828125 0.4136904765625 0.1832010578125 0.39451058125 0.1871693125 0.39021164062499997 0.1871693125 0.387896825 0.1855158734375 0.3796296296875 0.184193121875 0.3700396828125 0.18650793593749998 0.358796296875 0.18650793593749998 0.3452380953125 0.18584656093750002 0.341269840625 0.183862434375 0.3323412703125 0.1832010578125 0.3138227515625 0.183862434375 0.309523809375 0.18584656093750002 0.30555555624999997 0.196097884375 0.303240740625 0.1994047625 0.302910053125 0.20502645468749997 0.30621693125 0.2228835984375 0.30687830625 0.2374338625 0.30820105781249996 0.2397486765625 0.3171296296875 0.24173280468749997 0.33498677187500003 0.240740740625
0 0.3766534390625 0.1835317453125 0.384259259375 0.1855158734375 0.390542328125 0.1835317453125 0.4113756609375 0.1828703703125 0.4143518515625 0.18121693125 0.42394179843749996 0.1822089953125 0.4361772484375 0.18187830625 0.4451058203125 0.17989417968750002 0.4484126984375 0.18187830625 0.49140211562499997 0.18088624375 0.4986772484375 0.17989417968750002 0.5125661375 0.18055555625 0.541335978125 0.178240740625 0.6335978843750001 0.17625661406249998 0.640873015625 0.1749338625 0.6474867718749999 0.1755952375 0.6570767203125001 0.1739417984375 0.672288359375 0.1732804234375 0.6762566140625 0.17162698437499999 0.678240740625 0.14351851875 0.6762566140625 0.13624338593750002 0.6729497359375001 0.13260582031249998 0.6583994703125 0.1322751328125 0.64384920625 0.134589946875 0.5479497359375001 0.1352513234375 0.5195105812499999 0.13723544999999998 0.5046296296875 0.13624338593750002 0.48181216875 0.137896825 0.465608465625 0.1365740734375 0.4613095234375 0.1375661375 0.43551587343750003 0.13723544999999998 0.42526454999999996 0.1392195765625 0.366402115625 0.1392195765625 0.35350529062499997 0.1375661375 0.34325396874999997 0.1392195765625 0.3382936515625 0.1488095234375 0.3379629625 0.15608465625 0.3416005296875 0.1822089953125 0.3614417984375 0.184193121875 0.3766534390625 0.1835317453125
0 0.96924603125 0.4520502640625 0.9804894187500001 0.466269840625 0.9834656078125 0.46825396875 0.984126984375 0.4705687828125 0.9854497359375 0.47089947031249996 0.987103175 0.4742063484375 0.9894179890625001 0.47585978906250004 0.9914021156249999 0.48015872968749995 0.9983465609375 0.48644179843749996 0.9996693125 0.48644179843749996 0.9996693125 0.322420634375 0.9980158734375 0.3227513234375 0.996362434375 0.327380953125 0.9947089953124999 0.32903439218749997 0.990410053125 0.34325396874999997 0.9897486765625001 0.3492063484375 0.9824735453125 0.3710317453125 0.9798280421875001 0.384259259375 0.9761904765624999 0.39517195781250003 0.9738756609375001 0.4074074078125 0.9708994703125 0.415013228125 0.966269840625 0.434523809375 0.9649470906250001 0.4421296296875 0.9649470906250001 0.44609788437500003 0.966269840625 0.44973545000000004 0.96924603125 0.4520502640625
0 0.222552909375 0.421626984375 0.2251984125 0.427910053125 0.22585978906249998 0.4371693125 0.22850529062499997 0.44742063437499996 0.228835978125 0.453042328125 0.23082010625 0.45701058124999994 0.24107142812500001 0.4580026453125 0.29298941875 0.45667989374999995 0.30555555624999997 0.45734127031250005 0.31679894218750004 0.45601851875 0.36276454999999996 0.45667989374999995 0.365410053125 0.45535714218749995 0.3700396828125 0.45502645468749997 0.41997354531250003 0.4543650796875 0.427910053125 0.4517195765625 0.434523809375 0.453373015625 0.466269840625 0.45370370312499997 0.4828042328125 0.4507275125 0.490410053125 0.45238095312500004 0.527777778125 0.45105820156250004 0.5710978843750001 0.4513888890625 0.58167989375 0.44973545000000004 0.5919312171875 0.4500661375 0.59424603125 0.44907407343749994 0.6008597890625 0.4500661375 0.610119046875 0.4500661375 0.6144179890625 0.44907407343749994 0.627976190625 0.44973545000000004 0.6365740734374999 0.4477513234375 0.69973545 0.446759259375 0.7423941796875 0.44411375625 0.78174603125 0.44312169375000005 0.7833994703125 0.44179894218750004 0.799603175 0.3379629625 0.7959656078124999 0.3267195765625 0.791005290625 0.3174603171875 0.7886904765625 0.315476190625 0.7863756609375 0.3078703703125 0.7827380953125 0.30423280468749997 0.7546296296875 0.303902115625 0.740410053125 0.3048941796875 0.7268518515625 0.3072089953125 0.716269840625 0.3072089953125 0.7103174609375 0.308862434375 0.70634920625 0.308862434375 0.702711640625 0.30687830625 0.69973545 0.30687830625 0.671296296875 0.30919312187500003 0.6332671953125 0.30919312187500003 0.6167328046875 0.311838625 0.6025132281250001 0.3108465609375 0.5988756609375 0.3121693125 0.5886243390625 0.313161375 0.5767195765625 0.311838625 0.5330687828125 0.3138227515625 0.5142195765625 0.3125 0.5085978843750001 0.313161375 0.49933862500000004 0.3171296296875 0.4828042328125 0.3171296296875 0.4794973546875 0.31580687812499997 0.466269840625 0.315476190625 0.4272486765625 0.3171296296875 0.41832010625000005 0.3204365078125 0.4074074078125 0.3197751328125 0.40410052968750004 0.31812169375 0.39517195781250003 0.31845238125 0.3888888890625 0.3201058203125 0.38326719531250003 0.3177910046875 0.377976190625 0.3171296296875 0.353835978125 0.3171296296875 0.3492063484375 0.31911375625 0.3429232796875 0.31911375625 0.3382936515625 0.32142857187499996 0.334325396875 0.31878306875 0.33134920625 0.31845238125 0.32374338593749996 0.31845238125 0.3164682546875 0.3201058203125 0.302910053125 0.31812169375 0.296296296875 0.3197751328125 0.2870370375 0.31878306875 0.2830687828125 0.3204365078125 0.2731481484375 0.31812169375 0.2579365078125 0.31845238125 0.2513227515625 0.3197751328125 0.23644179843750002 0.31911375625 0.22619047656250002 0.321097884375 0.21130952343749998 0.34821428593750003 0.21064814843750002 0.35846560781250003 0.21164021093750002 0.36937830625 0.214947090625 0.38095238125 0.222552909375 0.421626984375
0 0.427910053125 0.1375661375 0.43551587343750003 0.1359126984375 0.44609788437500003 0.1365740734375 0.45238095312500004 0.1352513234375 0.4854497359375 0.1359126984375 0.5085978843750001 0.134589946875 0.6471560843749999 0.1329365078125 0.6514550265625 0.1322751328125 0.6554232796874999 0.1296296296875 0.65575396875 0.11507936562500001 0.652777778125 0.10548941875 0.6484788359375 0.1041666671875 0.6392195765625 0.1041666671875 0.563161375 0.1078042328125 0.541005290625 0.1074735453125 0.5360449734375 0.10912698437499999 0.528108465625 0.1078042328125 0.51917989375 0.1078042328125 0.49603174531249994 0.108796296875 0.4834656078125 0.1104497359375 0.4421296296875 0.1104497359375 0.4361772484375 0.11144179843749999 0.4080687828125 0.1104497359375 0.365740740625 0.11078042343750001 0.3607804234375 0.112103175 0.3578042328125 0.11904761875 0.35747354531250003 0.133597884375 0.36044973593749996 0.13723544999999998 0.40972222187499996 0.137896825 0.427910053125 0.1375661375
0 0.26851851875 0.3111772484375 0.26951058125 0.3144841265625 0.271164021875 0.31580687812499997 0.29365079375 0.3164682546875 0.3009259265625 0.3141534390625 0.3141534390625 0.3141534390625 0.3171296296875 0.315476190625 0.339947090625 0.316137565625 0.366402115625 0.3144841265625 0.38062169375 0.3144841265625 0.3882275125 0.316137565625 0.3981481484375 0.31580687812499997 0.40211640156249995 0.3144841265625 0.40839947031249996 0.315145503125 0.41931216875 0.3141534390625 0.4358465609375 0.315476190625 0.44609788437500003 0.31349206406249996 0.50628306875 0.3125 0.5115740734374999 0.3111772484375 0.5228174609375 0.311838625 0.5376984125 0.3101851859375 0.5459656078124999 0.3111772484375 0.5611772484374999 0.3108465609375 0.5691137562499999 0.30919312187500003 0.6048280421875 0.3105158734375 0.6084656078124999 0.30919312187500003 0.63095238125 0.3075396828125 0.6633597890625 0.3075396828125 0.690806878125 0.3048941796875 0.7129629625 0.30588624375 0.7199074078125001 0.303902115625 0.73776455 0.30357142812500004 0.740079365625 0.3019179890625 0.7410714281249999 0.29794973593749996 0.7460317453124999 0.2539682546875 0.74437830625 0.247023809375 0.7354497359375001 0.23082010625 0.734126984375 0.2298280421875 0.7278439156250001 0.22949735468750002 0.7076719578125 0.23048941875 0.6927910046875 0.23247354531250003 0.6759259265625001 0.2328042328125 0.6669973546875 0.23511904687500002 0.6134259265625001 0.2354497359375 0.6005290999999999 0.2374338625 0.5896164015625 0.23644179843750002 0.5644841265625 0.2367724875 0.5578703703125 0.2384259265625 0.521164021875 0.2390873015625 0.515542328125 0.24007936562499999 0.466269840625 0.24007936562499999 0.452711640625 0.241402115625 0.44146825468750006 0.24107142812500001 0.4322089953125 0.24305555625 0.41732804218749997 0.24305555625 0.4126984125 0.241402115625 0.40575396875 0.24107142812500001 0.4007936515625 0.24173280468749997 0.39318783125 0.24503968281250002 0.36805555624999997 0.246362434375 0.33101851875 0.2460317453125 0.3257275125 0.24404761874999997 0.3174603171875 0.24437830625 0.3078703703125 0.2423941796875 0.2886904765625 0.2423941796875 0.2754629625 0.24371693125 0.2728174609375 0.24503968281250002 0.2708333328125 0.24966931250000002 0.266203703125 0.25595238125 0.2625661375 0.26521164062499997 0.26223545000000004 0.26917989375 0.26521164062499997 0.290674603125 0.26752645468749997 0.299603175 0.26851851875 0.3111772484375
0 0.1111111109375 0.5793650796875001 0.11309523749999999 0.5833333328125 0.11739417968750002 0.5992063484375 0.11904761875 0.6018518515625 0.125 0.624338625 0.133928571875 0.6504629625 0.13624338593750002 0.6610449734375 0.1425264546875 0.678240740625 0.1488095234375 0.702711640625 0.1514550265625 0.7073412703125 0.15839947031249998 0.734788359375 0.1620370375 0.7423941796875 0.1699735453125 0.7724867718749999 0.174603175 0.7870370375 0.177579365625 0.7919973546875 0.1835317453125 0.8138227515625 0.18816137500000002 0.8210978843750001 0.1977513234375 0.82473545 0.21130952343749998 0.8260582015625 0.24338624375 0.825396825 0.250661375 0.8250661375 0.25826719531250003 0.8230820109374999 0.265542328125 0.8234126984374999 0.26818783125 0.822420634375 0.26917989375 0.8210978843750001 0.2705026453125 0.809854496875 0.27248677187500003 0.80687830625 0.2738095234375 0.8009259265625 0.2738095234375 0.796296296875 0.27678571406249997 0.7929894187500001 0.3293650796875 0.7919973546875 0.346560846875 0.7903439156250001 0.352843915625 0.791005290625 0.3614417984375 0.7893518515625 0.48842592656250006 0.7876984125 0.4996693125 0.7863756609375 0.5264550265625 0.7863756609375 0.5320767203125001 0.7853835984375 0.702711640625 0.7820767203125001 0.7070105812499999 0.78075396875 0.715608465625 0.78174603125 0.73148148125 0.7804232796874999 0.7361111109375 0.7830687828125 0.7364417984375 0.7919973546875 0.7394179890625 0.7982804234375 0.740079365625 0.8058862437500001 0.7447089953125 0.8115079359375 0.8082010578125001 0.808862434375 0.8164682546875 0.8075396828124999 0.8204365078125001 0.8058862437500001 0.8263888890625 0.7999338625 0.8356481484374999 0.7671957671875 0.837632275 0.7513227515625001 0.841269840625 0.7397486765625 0.8419312171875 0.7331349203124999 0.8458994703125 0.7202380953125 0.8482142859374999 0.7083333328125 0.8505290999999999 0.702380953125 0.8515211640624999 0.6941137562499999 0.8541666671874999 0.6865079359374999 0.8614417984375 0.6511243390625 0.8647486765625001 0.6418650796875001 0.8753306875 0.5925925921874999 0.8792989421874999 0.58134920625 0.8796296296874999 0.5744047625 0.8822751328124999 0.5671296296875 0.8852513234374999 0.5492724875 0.8888888890625 0.5396825390625 0.8895502640625 0.534060846875 0.89417989375 0.51818783125 0.896825396875 0.5125661375 0.8978174609374999 0.5 0.89417989375 0.490410053125 0.8862433859375001 0.4791666671875 0.874338625 0.45535714218749995 0.872023809375 0.452711640625 0.8700396828124999 0.447089946875 0.865740740625 0.44312169375000005 0.8554894187500001 0.4424603171875 0.846891534375 0.44378306875 0.7417328046875 0.447089946875 0.7050264546875 0.44973545000000004 0.6924603171875 0.44907407343749994 0.6789021156249999 0.4513888890625 0.640211640625 0.4513888890625 0.6246693125 0.452711640625 0.6051587296875 0.4520502640625 0.58134920625 0.453373015625 0.5750661375 0.452711640625 0.51884920625 0.45601851875 0.49636243437500005 0.45634920625 0.4765211640625 0.452711640625 0.47222222187499996 0.4543650796875 0.45734127031250005 0.45601851875 0.4384920640625 0.45767195781250003 0.4249338625 0.45734127031250005 0.4209656078125 0.4583333328125 0.38326719531250003 0.45734127031250005 0.36607142812500004 0.45866402187500005 0.3452380953125 0.45866402187500005 0.3389550265625 0.4606481484375 0.31679894218750004 0.459656084375 0.3138227515625 0.4583333328125 0.284060846875 0.45866402187500005 0.28108465625 0.459656084375 0.2705026453125 0.459325396875 0.2539682546875 0.4609788359375 0.1759259265625 0.4613095234375 0.16501322812500002 0.462632275 0.1296296296875 0.4632936515625 0.125 0.46527777812500004 0.12202380937499999 0.46792327968749997 0.11805555625 0.47718253906249997 0.11243386250000001 0.4857804234375 0.103505290625 0.503306878125 0.10185185156250001 0.5046296296875 0.096230159375 0.51917989375 0.096230159375 0.528108465625 0.10218253906250001 0.5505952375 0.10548941875 0.5578703703125 0.1111111109375 0.5793650796875001
0 0.5 0.4143518515625 0.5009920640625001 0.41633597812499995 0.5009920640625001 0.4140211640625 0.5 0.4143518515625
0 0.3921957671875 0.4044312171875 0.3921957671875 0.40178571406249997 0.390542328125 0.40046296249999996 0.3885582015625 0.40244709062500006 0.384920634375 0.403769840625 0.3865740734375 0.4074074078125 0.3888888890625 0.40542327968749997 0.39384920625 0.40410052968750004 0.3921957671875 0.4044312171875
0 0.4623015875 0.10912698437499999 0.48048941875000006 0.109788359375 0.4953703703125 0.1078042328125 0.51818783125 0.10681216874999999 0.5370370375 0.1074735453125 0.60681216875 0.10548941875 0.64417989375 0.103505290625 0.646164021875 0.09986772499999999 0.6455026453125 0.08796296249999999 0.64417989375 0.08366402187500001 0.640542328125 0.08167989375 0.5767195765625 0.08333333281250001 0.5641534390625 0.084986771875 0.5479497359375001 0.08366402187500001 0.5238095234375 0.084656084375 0.51884920625 0.0859788359375 0.44742063437499996 0.08796296249999999 0.44378306875 0.0892857140625 0.4328703703125 0.08763227500000001 0.4236111109375 0.08796296249999999 0.41964285781250005 0.0892857140625 0.4074074078125 0.0889550265625 0.40410052968750004 0.08763227500000001 0.38326719531250003 0.08763227500000001 0.3796296296875 0.089947090625 0.3789682546875 0.0922619046875 0.3789682546875 0.108796296875 0.3826058203125 0.1104497359375 0.4484126984375 0.1104497359375 0.4623015875 0.10912698437499999
0 0.40410052968750004 0.0873015875 0.421626984375 0.0889550265625 0.4424603171875 0.08664021093749999 0.46494709062500006 0.0873015875 0.5076058203125 0.0859788359375 0.51884920625 0.0853174609375 0.5248015875 0.08366402187500001 0.5582010578125 0.084656084375 0.578703703125 0.0826719578125 0.6167328046875 0.0826719578125 0.6269841265625 0.08167989375 0.628306878125 0.08068783125 0.6289682546875001 0.078042328125 0.6289682546875001 0.0671296296875 0.6266534390625 0.06349206406249999 0.6240079359374999 0.0625 0.615079365625 0.0625 0.6104497359375001 0.0641534390625 0.5985449734375 0.06283068750000001 0.5641534390625 0.06283068750000001 0.5608465609375 0.065145503125 0.55654761875 0.065806878125 0.5353835984375 0.065476190625 0.51884920625 0.0667989421875 0.477513228125 0.065476190625 0.4735449734375 0.0667989421875 0.4543650796875 0.06845238125 0.403439153125 0.06845238125 0.389880953125 0.0674603171875 0.3875661375 0.06878306875 0.3855820109375 0.071759259375 0.3855820109375 0.08630952343750001 0.3892195765625 0.0889550265625 0.3918650796875 0.0892857140625 0.40410052968750004 0.0873015875
2 0.58134920625 0.0509259265625 0.5830026453125 0.049933862499999995 0.58167989375 0.049603175 0.58134920625 0.0509259265625
2 0.5727513234375 0.041335978125 0.5757275125 0.0396825390625 0.5730820109375 0.0396825390625 0.5714285718750001 0.04298941875 0.5744047625 0.04365079375 0.575396825 0.04298941875 0.5727513234375 0.041335978125
2 0.40178571406249997 0 0.3998015875 0.0042989421875 0.40178571406249997 0.016203703125 0.40178571406249997 0.0248015875 0.40046296249999996 0.028769840624999998 0.39947089999999996 0.040674603125 0.400132275 0.043981481249999996 0.40244709062500006 0.0456349203125 0.40410052968750004 0.0492724875 0.4113756609375 0.0492724875 0.41832010625000005 0.047288359375 0.4232804234375 0.0492724875 0.4388227515625 0.0486111109375 0.446428571875 0.0492724875 0.44907407343749994 0.0519179890625 0.45238095312500004 0.0509259265625 0.45701058124999994 0.0519179890625 0.4669312171875 0.0505952375 0.4672619046875 0.046626984375 0.4699074078125 0.0453042328125 0.4854497359375 0.0486111109375 0.490740740625 0.0482804234375 0.4947089953125 0.0449735453125 0.49801587343750003 0.046957671875 0.5082671953125 0.045965607812499996 0.51884920625 0.049933862499999995 0.5221560843749999 0.046957671875 0.5423280421875 0.0479497359375 0.5459656078124999 0.044312168750000006 0.5479497359375001 0.040343915625 0.547288359375 0 0.5132275125 0 0.51223545 0.0052910046875 0.5089285718750001 0.0016534390625 0.49801587343750003 0.0016534390625 0.4947089953125 0.003637565625 0.45866402187500005 0.0039682546875000006 0.4477513234375 0.0016534390625 0.447089946875 0 0.40178571406249997 0
2 0.584325396875 0.049933862499999995 0.5853174609375 0.049933862499999995 0.5846560843749999 0.047619046875 0.584325396875 0.049933862499999995
2 0.702711640625 0.0168650796875 0.7043650796875001 0.0168650796875 0.70634920625 0.015211640625 0.708664021875 0.0168650796875 0.7109788359375 0.0168650796875 0.7129629625 0.013888889062500001 0.7149470906250001 0.0178571421875 0.7169312171875 0.01818783125 0.71891534375 0.0168650796875 0.7205687828125 0.0115740734375 0.7142857140625 0.0115740734375 0.7129629625 0.0105820109375 0.7119709000000001 0.00595238125 0.7099867718749999 0.003637565625 0.70601851875 0.004629629687499999 0.7043650796875001 0.009259259374999999 0.7017195765625 0.0109126984375 0.7017195765625 0.015542328125 0.702711640625 0.0168650796875
2 0.565476190625 0 0.5644841265625 0.003306878125 0.5644841265625 0.0115740734375 0.566137565625 0.021164021875 0.566137565625 0.037367725000000004 0.5674603171875 0.0419973546875 0.571759259375 0.044312168750000006 0.58068783125 0.0449735453125 0.5849867718749999 0.046296296875 0.5869709000000001 0.044312168750000006 0.59358465625 0.0419973546875 0.5978835984375 0.035052909375 0.603505290625 0.034722221875 0.6054894187500001 0.0357142859375 0.609126984375 0.034060846875 0.6124338625 0.0357142859375 0.615410053125 0.033730159375 0.6236772484374999 0.0357142859375 0.6197089953125 0.0393518515625 0.6240079359374999 0.04298941875 0.628306878125 0.0383597890625 0.6292989421875 0.034722221875 0.6335978843750001 0.0320767203125 0.64351851875 0.033730159375 0.6504629625 0.0327380953125 0.6517857140625 0.0363756609375 0.6494709000000001 0.0396825390625 0.6517857140625 0.0423280421875 0.652777778125 0.046296296875 0.6541005296875 0.046296296875 0.6577380953125 0.0416666671875 0.6613756609375 0.0423280421875 0.6643518515625 0.0363756609375 0.666005290625 0.0390211640625 0.666005290625 0.043320106250000004 0.6679894187500001 0.0449735453125 0.671626984375 0.043981481249999996 0.6755952375 0.0446428578125 0.677579365625 0.043320106250000004 0.677579365625 0.0415013234375 0.6798941796875 0.0416666671875 0.6795634921875 0.04298941875 0.6825396828125 0.043981481249999996 0.6822089953125 0.0393518515625 0.683862434375 0.0383597890625 0.6851851859375 0.035383598437500004 0.688161375 0.0324074078125 0.6927910046875 0.0320767203125 0.6960978843750001 0.027777778125000003 0.697089946875 0.00628306875 0.6964285718750001 0.004629629687499999 0.6927910046875 0.002976190625 0.6888227515625001 0.004629629687499999 0.6851851859375 0.0042989421875 0.671626984375 0.00628306875 0.6646825390625 0.002976190625 0.6640211640625 0 0.6316137562499999 0 0.6296296296875 0.0023148140625 0.627976190625 0.0079365078125 0.625661375 0.009259259374999999 0.6230158734375 0.009259259374999999 0.621362434375 0.0082671953125 0.6207010578125 0.00595238125 0.6107804234375 0.00628306875 0.609126984375 0.0072751328125 0.6041666671875 0.0013227515625 0.6041666671875 0 0.565476190625 0